apple 0.999446 288 320 319 351
apple 0.9993562 305 1048 362 1103
apple 0.99935085 249 430 282 465
apple 0.99902546 432 88 464 125
apple 0.99894506 370 181 407 218
apple 0.99880576 607 947 648 990
apple 0.99873585 233 377 263 405
apple 0.9987056 616 997 650 1033
apple 0.9986419 448 654 478 684
apple 0.99849164 284 723 315 755
apple 0.9984825 278 436 308 474
apple 0.998251 390 712 422 743
apple 0.99790883 363 420 398 455
apple 0.9978802 239 531 273 566
apple 0.99728835 335 425 364 460
apple 0.99639446 267 749 289 781
apple 0.9957658 346 507 379 538
apple 0.9955018 314 463 348 499
apple 0.99484986 430 681 461 707
apple 0.9936884 449 840 479 870
apple 0.99179757 306 625 337 663
apple 0.99018455 181 923 205 950
apple 0.9871725 423 847 449 875
apple 0.9862758 406 96 431 123
apple 0.9848622 574 665 607 702
apple 0.98447126 112 711 151 745
apple 0.9771806 200 637 219 658
apple 0.97078013 291 554 321 584
apple 0.9690815 239 712 274 740
apple 0.9690554 366 378 396 413
apple 0.96888876 277 700 302 727
apple 0.9641822 169 897 189 926
apple 0.96261597 325 504 345 527
apple 0.95647806 266 845 289 862
apple 0.95563686 418 876 448 898
apple 0.95029485 372 601 394 634
apple 0.9476065 257 617 285 650
apple 0.9475192 471 577 490 602
apple 0.94541246 334 325 352 356
apple 0.93928164 607 1024 629 1044
apple 0.9349718 386 652 408 672
apple 0.9217845 444 78 467 100
apple 0.91841835 391 1029 410 1056
apple 0.9030692 644 825 673 848
apple 0.8814829 320 327 334 349
apple 0.82222044 407 54 420 71
apple 0.8079588 260 714 275 738
apple 0.7950511 376 544 388 560
apple 0.7878027 270 774 289 786
apple 0.78665066 402 839 416 856
apple 0.7696397 405 422 418 442
apple 0.66089505 470 907 487 922
apple 0.54176587 529 1223 555 1248
apple 0.5060606 332 479 352 505
apple 0.48156506 325 833 337 842
apple 0.45574957 452 895 463 913
apple 0.40394923 439 444 451 458
apple 0.37820023 356 52 371 70
apple 0.2699854 333 316 369 357
apple 0.23929833 448 896 490 927
apple 0.22943376 359 313 370 325
apple 0.20476562 343 1052 370 1097
apple 0.19418994 111 718 130 745
apple 0.15298197 371 598 387 614
apple 0.13910867 238 714 254 736
apple 0.124106005 415 874 458 906
apple 0.08490504 453 897 470 915
apple 0.050930686 167 892 199 929
