apple 0.9997546 239 737 278 776
apple 0.999746 29 477 71 513
apple 0.99966717 344 338 382 376
apple 0.9996258 657 493 694 529
apple 0.9995592 176 652 217 690
apple 0.99946517 139 698 173 733
apple 0.9994479 301 969 343 1007
apple 0.9993772 77 797 114 831
apple 0.9991881 359 603 388 630
apple 0.9991603 297 589 332 626
apple 0.99914086 172 237 210 274
apple 0.9990969 141 554 175 587
apple 0.999073 626 469 663 506
apple 0.9990693 320 325 354 364
apple 0.9990502 233 304 269 334
apple 0.9990096 617 280 652 310
apple 0.9986547 698 642 719 682
apple 0.9986369 205 750 249 789
apple 0.99855727 622 307 655 336
apple 0.99850595 253 481 285 511
apple 0.99818355 230 88 268 131
apple 0.9975777 283 92 317 133
apple 0.9975152 123 587 150 614
apple 0.99721295 697 495 719 521
apple 0.99514824 286 50 317 90
apple 0.9944239 652 318 684 345
apple 0.9940101 146 141 179 169
apple 0.9926664 279 894 316 934
apple 0.99227494 303 192 331 225
apple 0.99213785 150 592 179 619
apple 0.991544 157 180 190 225
apple 0.9915371 221 471 255 506
apple 0.99101955 144 274 182 307
apple 0.99076766 178 270 204 294
apple 0.9899568 219 552 249 582
apple 0.9884567 240 573 276 609
apple 0.9836052 248 53 277 82
apple 0.9759681 353 433 378 452
apple 0.975044 73 549 100 577
apple 0.9730055 384 591 409 613
apple 0.9654039 435 663 457 678
apple 0.9603018 269 605 299 629
apple 0.94196826 631 336 651 354
apple 0.9364626 96 222 122 256
apple 0.9296386 134 729 168 755
apple 0.90109473 272 581 305 614
apple 0.90087426 175 621 196 641
apple 0.85510993 348 481 363 495
apple 0.8497123 126 550 139 575
apple 0.8320746 45 514 73 536
apple 0.78921014 218 601 228 619
apple 0.7626795 273 142 294 160
apple 0.76023555 92 539 109 566
apple 0.6946665 173 715 193 740
apple 0.6271572 307 922 323 940
apple 0.6217337 280 778 294 791
apple 0.45889628 388 369 404 386
apple 0.38430965 166 525 177 539
apple 0.1323343 96 221 118 234
apple 0.12928759 89 540 137 579
apple 0.09562911 239 476 257 505
apple 0.074674815 249 567 296 611
apple 0.055453006 73 539 115 576
