apple 0.99963045 523 340 559 377
apple 0.99947876 637 949 682 999
apple 0.9993211 648 626 684 660
apple 0.9992828 143 317 171 352
apple 0.999129 561 227 590 261
apple 0.99904317 633 87 668 125
apple 0.99888283 626 331 660 367
apple 0.99860066 507 286 540 321
apple 0.99842405 556 635 586 666
apple 0.9974522 551 351 580 385
apple 0.99724376 596 337 628 371
apple 0.99624085 689 591 718 627
apple 0.9962375 507 442 542 480
apple 0.99599105 623 417 660 448
apple 0.995764 566 377 604 417
apple 0.9955539 0 135 20 173
apple 0.9943904 524 745 553 773
apple 0.994145 424 836 450 858
apple 0.99312687 511 628 545 655
apple 0.99294573 167 334 195 362
apple 0.99159956 532 528 560 556
apple 0.98842657 688 0 713 19
apple 0.9878498 544 616 571 639
apple 0.98537505 126 230 146 259
apple 0.9748839 467 549 490 573
apple 0.974051 701 756 719 780
apple 0.97145104 530 555 556 577
apple 0.96761864 128 629 152 648
apple 0.96570534 537 665 561 694
apple 0.9602962 109 623 130 649
apple 0.9601065 578 541 603 574
apple 0.95892423 669 331 687 352
apple 0.92800146 578 463 598 486
apple 0.9117587 590 221 613 263
apple 0.89987135 507 681 528 700
apple 0.8837504 558 472 584 501
apple 0.8701431 690 971 718 998
apple 0.8690234 693 1056 714 1073
apple 0.7574495 711 573 718 592
apple 0.7564697 581 599 599 616
apple 0.7216833 480 955 510 981
apple 0.699042 360 623 381 643
apple 0.6587995 1 204 11 233
apple 0.61513054 462 953 490 976
apple 0.4572698 600 291 611 314
apple 0.44101575 401 1102 437 1133
apple 0.4125108 482 897 505 910
apple 0.39215085 0 172 12 185
apple 0.34051755 537 685 557 698
apple 0.30823267 211 380 225 392
apple 0.24798806 555 467 572 498
apple 0.20225503 627 380 642 400
apple 0.1532498 116 329 126 354
apple 0.14796494 676 685 714 728
apple 0.12099731 558 465 576 480
apple 0.07290696 561 463 596 500
apple 0.05032384 461 951 507 982
apple 0.05003449 109 625 154 652
