apple 394 54 431 96
apple 491 249 522 283
apple 341 80 374 113
apple 112 241 141 273
apple 5 555 45 593
apple 54 562 87 592
apple 520 264 551 295
apple 298 856 322 889
apple 74 399 103 433
apple 50 429 73 463
apple 370 81 407 113
apple 178 888 209 927
apple 31 747 50 776
apple 110 380 136 407
apple 60 317 88 341
apple 41 182 78 209
apple 124 487 151 511
apple 489 158 513 185
apple 101 615 126 634
apple 8 427 37 452
apple 41 344 73 370
apple 0 43 13 75
apple 350 46 385 72
apple 174 783 192 807
apple 510 564 538 587
apple 510 564 538 587
apple 510 564 538 587
apple 72 346 91 359
apple 104 415 138 437
apple 62 593 75 608
apple 378 122 406 152
apple 565 653 586 669
apple 565 653 586 669
apple 104 375 117 384
apple 103 504 115 524
apple 380 506 396 517
apple 38 673 48 685
apple 38 673 48 685
apple 38 673 48 685
apple 510 564 538 587
apple 510 564 538 587
apple 501 558 514 570
apple 501 558 514 570
apple 501 558 514 570
apple 25 597 50 608
apple 38 673 48 685
apple 38 673 48 685
apple 38 673 48 685
apple 350 46 385 72
apple 62 593 75 608
apple 62 593 75 608
apple 62 593 75 608
apple 62 593 75 608
apple 62 593 75 608
apple 62 593 75 608
apple 174 783 192 807
apple 174 783 192 807
apple 174 783 192 807
apple 5 555 45 593
apple 110 380 136 407
apple 110 380 136 407
apple 110 380 136 407
apple 110 380 136 407
apple 110 380 136 407
