apple 403 866 444 906
apple 650 353 691 393
apple 355 832 394 875
apple 667 387 710 425
apple 319 976 353 1021
apple 412 24 445 55
apple 436 893 486 929
apple 528 47 559 82
apple 76 52 109 78
apple 133 339 166 376
apple 290 271 331 310
apple 44 1029 78 1066
apple 335 344 366 376
apple 249 330 292 373
apple 179 898 215 934
apple 227 177 266 218
apple 151 267 193 307
apple 216 79 254 123
apple 668 758 700 783
apple 498 36 529 72
apple 366 982 409 1025
apple 396 906 430 930
apple 102 59 134 90
apple 626 1 656 28
apple 562 857 609 908
apple 347 97 391 142
apple 345 169 384 216
apple 77 849 116 885
apple 14 159 44 189
apple 593 387 627 426
apple 652 126 679 151
apple 30 80 62 116
apple 80 325 107 359
apple 688 419 718 456
apple 47 159 76 188
apple 672 41 699 70
apple 322 159 350 203
apple 357 775 384 808
apple 508 72 536 98
apple 5 304 38 334
apple 509 0 536 29
apple 402 41 427 70
apple 487 196 511 218
apple 652 85 682 118
apple 465 217 485 238
apple 190 271 222 308
apple 570 430 605 455
apple 1 22 25 55
apple 48 50 71 86
apple 533 313 557 343
apple 0 532 22 557
apple 113 356 136 375
apple 486 95 511 114
apple 61 118 88 146
apple 0 124 32 160
apple 91 263 121 287
apple 24 351 53 380
apple 137 190 161 221
apple 508 164 535 189
apple 400 194 426 217
apple 533 923 565 954
apple 524 113 550 134
apple 446 213 465 231
apple 444 188 465 210
apple 281 766 303 789
apple 281 766 303 789
apple 72 388 97 416
apple 626 540 650 565
apple 21 229 40 250
apple 415 916 447 967
apple 48 50 71 86
apple 369 677 390 692
apple 554 81 584 113
apple 558 0 591 24
apple 700 150 717 172
apple 566 218 596 243
apple 311 344 339 378
apple 311 344 339 378
apple 152 797 174 817
apple 267 71 292 95
apple 692 480 701 498
apple 355 832 394 875
apple 355 832 394 875
apple 355 832 394 875
apple 0 164 13 192
apple 32 929 57 949
apple 379 214 404 227
apple 603 350 624 373
apple 324 934 357 969
apple 324 934 357 969
apple 96 2 119 15
apple 558 0 591 24
apple 558 0 591 24
apple 361 361 387 386
apple 361 361 387 386
apple 361 361 387 386
apple 361 361 387 386
apple 361 361 387 386
apple 361 361 387 386
apple 550 649 565 666
