apple 571 557 610 594
apple 461 304 492 337
apple 602 328 641 366
apple 563 495 591 532
apple 154 444 190 475
apple 128 518 161 550
apple 62 599 92 637
apple 513 284 550 310
apple 109 429 145 467
apple 589 118 614 156
apple 561 200 583 228
apple 543 140 568 178
apple 586 182 614 211
apple 173 651 209 683
apple 410 850 441 876
apple 91 638 117 668
apple 277 554 298 573
apple 702 882 719 910
apple 126 592 162 627
apple 388 749 420 774
apple 463 490 492 523
apple 119 250 137 279
apple 181 576 210 603
apple 666 545 691 574
apple 194 251 218 272
apple 200 634 223 659
apple 229 524 251 543
apple 440 311 462 345
apple 131 259 151 287
apple 94 607 123 633
apple 172 251 195 268
apple 554 161 578 197
apple 77 804 98 826
apple 143 645 162 660
apple 128 562 149 591
apple 692 504 713 528
apple 183 355 203 372
apple 77 804 98 826
apple 440 311 462 345
apple 463 490 492 523
apple 440 311 462 345
apple 554 161 578 197
apple 172 251 195 268
apple 172 251 195 268
apple 128 562 149 591
apple 131 259 151 287
apple 131 259 151 287
apple 131 259 151 287
apple 335 801 350 815
apple 183 355 203 372
apple 200 634 223 659
apple 94 607 123 633
