apple 269 560 308 600
apple 211 623 245 658
apple 246 311 278 346
apple 205 791 239 819
apple 90 776 126 809
apple 275 663 313 697
apple 83 115 115 150
apple 233 292 260 324
apple 237 388 265 413
apple 277 597 305 633
apple 113 618 161 663
apple 0 661 14 700
apple 113 618 161 663
apple 155 506 200 551
apple 210 534 240 556
apple 199 646 219 673
apple 254 536 275 557
apple 155 506 200 551
apple 101 94 128 117
apple 164 97 193 117
apple 223 316 241 327
apple 155 506 200 551
apple 155 506 200 551
apple 155 506 200 551
apple 155 506 200 551
apple 155 506 200 551
apple 254 536 275 557
apple 211 623 245 658
