apple 526 217 561 261
apple 505 207 541 249
apple 68 352 102 383
apple 464 348 502 395
apple 377 365 417 398
apple 492 925 531 975
apple 380 205 418 247
apple 261 869 319 902
apple 142 602 172 630
apple 557 542 594 577
apple 453 751 489 789
apple 517 1003 555 1043
apple 359 289 399 332
apple 332 510 379 549
apple 284 638 307 666
apple 99 374 129 401
apple 576 618 609 653
apple 303 728 326 766
apple 553 500 590 529
apple 404 972 435 999
apple 404 972 435 999
apple 465 533 504 562
apple 624 609 646 635
apple 488 605 527 640
apple 261 869 319 902
apple 468 681 492 701
apple 545 875 605 922
apple 2 636 28 667
apple 2 636 28 667
apple 356 861 384 893
apple 358 478 402 512
apple 358 478 402 512
apple 80 930 120 961
apple 428 758 455 787
apple 358 478 402 512
apple 399 292 417 323
apple 545 875 605 922
apple 596 686 627 723
apple 647 684 668 711
apple 647 684 668 711
apple 358 478 402 512
apple 442 447 462 467
apple 442 447 462 467
apple 442 447 462 467
apple 374 230 388 246
apple 1 558 15 585
apple 1 558 15 585
apple 1 558 15 585
apple 692 740 718 764
apple 692 740 718 764
apple 692 740 718 764
apple 692 740 718 764
apple 692 740 718 764
apple 692 740 718 764
apple 692 740 718 764
apple 692 740 718 764
apple 596 686 627 723
apple 596 686 627 723
apple 399 292 417 323
apple 517 1003 555 1043
apple 492 925 531 975
apple 492 925 531 975
apple 465 533 504 562
apple 517 1003 555 1043
apple 517 1003 555 1043
apple 545 875 605 922
apple 545 875 605 922
