apple 298 595 328 626
apple 362 231 389 259
apple 524 498 559 530
apple 235 319 268 355
apple 379 86 405 118
apple 474 451 504 482
apple 374 164 405 201
apple 450 879 482 911
apple 357 30 385 60
apple 445 154 477 186
apple 432 204 458 232
apple 424 68 454 93
apple 478 874 506 906
apple 360 147 382 178
apple 289 465 320 490
apple 246 470 265 495
apple 299 278 326 305
apple 463 649 495 680
apple 96 885 123 914
apple 478 478 504 504
apple 379 267 402 292
apple 464 304 485 327
apple 351 532 374 559
apple 475 744 502 774
apple 398 606 423 634
apple 495 495 516 528
apple 336 282 354 307
apple 482 560 512 588
apple 393 227 413 250
apple 398 204 423 232
apple 544 663 574 698
apple 492 537 512 562
apple 356 57 382 82
apple 69 874 90 903
apple 329 795 353 817
apple 461 797 499 833
apple 448 292 471 314
apple 388 103 415 127
apple 523 527 539 547
apple 326 596 346 620
apple 559 389 577 406
apple 461 797 499 833
apple 376 49 393 68
apple 392 810 412 829
apple 408 129 435 161
apple 360 343 377 360
apple 513 490 546 518
apple 347 217 364 237
apple 433 176 452 200
apple 351 238 379 269
apple 280 469 293 498
apple 419 37 430 61
apple 433 97 446 124
apple 402 346 415 362
apple 402 346 415 362
apple 553 538 576 554
apple 456 619 469 637
apple 417 82 428 105
apple 462 593 473 611
apple 433 97 446 124
apple 434 230 458 246
apple 536 513 574 539
apple 392 474 404 485
apple 392 474 404 485
apple 348 339 365 351
apple 373 399 383 411
apple 513 490 546 518
apple 423 609 439 633
apple 408 129 435 161
apple 351 238 379 269
apple 432 204 458 232
apple 464 304 485 327
