apple 0.9995158 278 179 310 212
apple 0.99944645 651 705 698 746
apple 0.9994185 565 236 600 271
apple 0.9993449 334 415 364 443
apple 0.9992847 375 172 413 209
apple 0.9991811 431 176 464 209
apple 0.9991604 474 441 497 465
apple 0.99914384 279 141 309 178
apple 0.9988978 9 778 51 815
apple 0.99870837 113 510 137 534
apple 0.99868244 457 427 481 451
apple 0.99854004 288 95 317 123
apple 0.9983329 580 272 610 305
apple 0.998317 101 554 130 579
apple 0.9982748 353 160 381 194
apple 0.9981211 233 256 262 286
apple 0.9979742 287 213 316 239
apple 0.9979134 532 244 564 274
apple 0.99747723 459 189 493 222
apple 0.99733114 518 177 547 208
apple 0.9971258 471 544 498 573
apple 0.99698156 239 639 273 674
apple 0.99679166 355 464 389 499
apple 0.9962393 435 833 471 870
apple 0.99623483 389 412 418 435
apple 0.995488 537 206 566 234
apple 0.99542797 269 247 293 271
apple 0.99506855 438 426 460 448
apple 0.99389255 438 547 465 574
apple 0.9937577 451 447 472 469
apple 0.9935574 243 675 265 700
apple 0.99339914 267 93 289 120
apple 0.99322826 426 130 454 160
apple 0.993159 310 56 343 89
apple 0.9927013 232 705 271 738
apple 0.992282 363 596 389 616
apple 0.99089843 613 276 642 299
apple 0.9889693 341 129 373 161
apple 0.98865116 555 266 583 292
apple 0.9879183 403 218 424 245
apple 0.9842008 373 281 402 309
apple 0.9833249 340 500 367 520
apple 0.9833212 240 516 263 537
apple 0.9819374 694 546 712 563
apple 0.980785 641 597 654 622
apple 0.9799243 312 142 340 165
apple 0.97990763 468 386 493 409
apple 0.979456 255 757 289 791
apple 0.9762607 89 497 106 512
apple 0.97274333 585 214 604 237
apple 0.9723054 363 531 392 565
apple 0.971265 525 559 543 585
apple 0.97049767 284 517 302 534
apple 0.96569675 611 607 627 630
apple 0.9637823 684 568 708 585
apple 0.9559809 466 461 490 475
apple 0.9528841 389 886 414 908
apple 0.9488713 167 733 195 754
apple 0.9400279 290 303 310 328
apple 0.9314226 399 836 415 857
apple 0.9296724 377 621 402 641
apple 0.9288963 30 758 57 782
apple 0.9248918 385 911 402 927
apple 0.91200864 612 587 626 605
apple 0.90048164 22 428 40 444
apple 0.9004065 464 934 481 950
apple 0.8988305 432 267 455 289
apple 0.88865435 73 726 94 751
apple 0.8804468 461 571 485 591
apple 0.87939125 36 733 54 751
apple 0.8707283 705 168 719 186
apple 0.8293013 10 757 33 780
apple 0.74587303 358 202 389 225
apple 0.72717124 300 316 327 343
apple 0.57334036 38 713 60 722
apple 0.552565 530 1071 544 1094
apple 0.5054468 533 143 551 158
apple 0.34374854 543 344 555 358
apple 0.28229785 10 755 53 785
apple 0.21773162 325 382 339 395
apple 0.18370405 292 304 326 340
apple 0.07166519 384 887 415 926
apple 0.060402144 432 258 465 289
apple 0.050289005 392 213 425 248
