apple 0.9994777 209 549 242 582
apple 0.99866235 342 580 370 606
apple 0.9986463 491 548 519 579
apple 0.9979886 454 508 478 531
apple 0.99751484 188 840 220 871
apple 0.99733704 343 256 374 288
apple 0.9972516 178 698 202 725
apple 0.99592173 192 457 218 486
apple 0.9934282 33 694 66 720
apple 0.9932325 220 467 243 487
apple 0.98648226 204 775 231 800
apple 0.9864 217 591 248 618
apple 0.9836126 168 788 207 824
apple 0.9788649 635 724 653 735
apple 0.9726509 202 710 227 729
apple 0.96447045 444 530 463 550
apple 0.96255004 152 572 175 599
apple 0.95654523 422 511 442 538
apple 0.9406558 561 856 579 878
apple 0.9332793 343 949 378 967
apple 0.8820183 381 562 400 579
apple 0.8627028 474 791 487 812
apple 0.8402238 447 870 457 893
apple 0.84012806 619 818 635 834
apple 0.8224987 224 706 237 721
apple 0.80719036 662 866 680 893
apple 0.7698287 626 850 656 878
apple 0.7281222 662 848 680 865
apple 0.7062936 229 1032 258 1060
apple 0.52029896 59 685 80 711
apple 0.47009584 467 1157 501 1187
apple 0.43847752 107 581 127 596
apple 0.4267676 66 686 79 698
apple 0.40644446 623 865 639 879
apple 0.3583375 67 662 83 679
apple 0.27153507 211 706 236 726
apple 0.17718746 198 798 210 821
apple 0.15031977 171 810 189 824
apple 0.1175243 167 788 189 798
apple 0.09751241 632 848 655 863
apple 0.08393551 48 690 75 717
apple 0.08294058 639 847 663 862
apple 0.073246725 423 513 438 529
apple 0.06327458 65 645 84 663
apple 0.055628005 435 452 444 461
