apple 0.99957913 570 350 605 385
apple 0.99945146 585 378 618 412
apple 0.998752 676 425 700 455
apple 0.99860543 606 449 632 473
apple 0.9985505 627 795 662 832
apple 0.99789125 239 429 264 454
apple 0.99745136 560 377 586 404
apple 0.9970505 80 717 112 743
apple 0.9956364 214 544 235 564
apple 0.99563426 10 618 34 642
apple 0.9956201 392 505 418 529
apple 0.99559253 549 191 574 225
apple 0.99476963 54 727 74 754
apple 0.9940527 691 453 718 479
apple 0.9935283 110 462 131 481
apple 0.9930507 617 335 643 363
apple 0.99273163 606 710 636 739
apple 0.99235415 315 459 338 480
apple 0.9905387 524 486 544 508
apple 0.9900574 22 558 47 579
apple 0.9893443 503 482 521 503
apple 0.9883853 115 482 131 501
apple 0.984545 30 530 47 549
apple 0.9835112 4 596 27 618
apple 0.9818123 616 775 638 803
apple 0.98012894 194 535 216 556
apple 0.97923845 688 690 717 717
apple 0.974715 288 488 312 507
apple 0.9740217 450 730 475 765
apple 0.97356004 78 486 99 499
apple 0.9689181 598 437 616 452
apple 0.9631137 359 491 377 510
apple 0.9591546 586 198 603 224
apple 0.9584931 415 723 435 754
apple 0.95394176 301 463 316 481
apple 0.9467767 600 839 628 871
apple 0.9462031 438 446 454 467
apple 0.9368203 89 670 119 694
apple 0.9360917 315 536 333 552
apple 0.93530434 435 340 466 364
apple 0.9222955 539 545 571 571
apple 0.9150148 593 729 618 748
apple 0.90588135 257 541 275 553
apple 0.90130734 511 573 532 587
apple 0.9005012 583 241 612 264
apple 0.8892492 132 405 149 420
apple 0.88773155 710 383 718 403
apple 0.88211256 85 299 103 320
apple 0.8737615 294 436 316 459
apple 0.8464393 149 699 171 719
apple 0.8366794 310 496 333 509
apple 0.7604523 321 520 341 535
apple 0.6922764 185 458 198 474
apple 0.44156837 583 683 605 699
apple 0.34407017 92 472 106 486
apple 0.28052872 671 480 687 497
apple 0.17082924 545 315 559 328
apple 0.08309952 115 318 129 335
