apple 0.9998529 346 278 381 313
apple 0.9997832 422 660 462 699
apple 0.9996076 319 332 356 371
apple 0.999592 466 530 503 568
apple 0.99957496 166 926 208 966
apple 0.9994326 317 557 351 593
apple 0.9992537 504 340 531 372
apple 0.9988971 249 843 286 877
apple 0.99858177 468 670 498 701
apple 0.99844164 349 312 380 339
apple 0.9979792 289 590 321 621
apple 0.99782 186 719 215 753
apple 0.9974618 215 727 247 758
apple 0.9974528 456 598 486 627
apple 0.99685186 440 419 469 445
apple 0.99678147 695 977 718 1015
apple 0.9958748 379 141 412 179
apple 0.9957236 402 527 434 555
apple 0.9955968 183 515 207 543
apple 0.99500257 345 397 381 435
apple 0.99486583 283 429 309 459
apple 0.99451655 144 892 179 930
apple 0.99319166 323 418 349 448
apple 0.99161386 220 938 249 968
apple 0.99095225 321 307 346 327
apple 0.99022806 443 283 467 311
apple 0.98645324 422 698 455 732
apple 0.9845398 490 476 509 507
apple 0.9837038 271 633 293 652
apple 0.98019373 444 443 483 472
apple 0.9784006 452 483 479 513
apple 0.9732054 0 838 12 864
apple 0.9687375 491 719 511 740
apple 0.9625818 582 1030 608 1059
apple 0.95888996 355 68 388 95
apple 0.9513303 341 376 372 398
apple 0.9414759 380 619 404 642
apple 0.9008258 361 335 382 366
apple 0.8890595 266 406 288 417
apple 0.88088447 197 945 226 972
apple 0.8355639 285 566 305 579
apple 0.77778536 510 507 523 532
apple 0.7613513 484 589 500 620
apple 0.7502646 298 404 319 417
apple 0.75003684 639 587 656 601
apple 0.7469423 527 875 546 891
apple 0.7296183 439 444 459 468
apple 0.71345985 557 798 577 812
apple 0.673596 572 876 582 889
apple 0.6540824 424 247 445 265
apple 0.6073623 443 839 456 859
apple 0.53733236 608 677 622 692
apple 0.46136647 549 914 567 933
apple 0.45596763 434 634 452 647
apple 0.42001665 304 619 321 633
apple 0.3349776 473 413 487 425
apple 0.30376586 467 696 482 716
apple 0.250296 484 586 518 623
apple 0.22607316 526 413 538 424
apple 0.22205111 397 332 406 343
apple 0.21352647 269 605 284 622
apple 0.16493054 201 939 241 973
apple 0.12609076 526 392 535 402
apple 0.12399711 282 514 294 527
apple 0.061907936 331 377 375 407
apple 0.057695284 556 541 567 551
apple 0.053638067 433 706 451 730
