apple 0.9996966 447 786 488 827
apple 0.9996828 114 574 154 613
apple 0.9996044 462 281 495 318
apple 0.9994671 362 923 402 961
apple 0.99931943 350 359 386 393
apple 0.9992673 273 520 318 559
apple 0.9991629 224 499 262 535
apple 0.99911124 224 664 258 702
apple 0.9989548 274 433 309 468
apple 0.9987565 160 422 191 457
apple 0.99870205 358 721 394 750
apple 0.9986387 296 319 331 351
apple 0.9985098 354 497 394 534
apple 0.99845004 392 641 432 677
apple 0.99836224 334 771 374 810
apple 0.998346 436 673 472 709
apple 0.99825364 298 115 332 152
apple 0.99822253 164 908 203 945
apple 0.9980635 313 690 346 719
apple 0.9978765 171 597 207 626
apple 0.997538 179 657 218 694
apple 0.9961061 445 601 472 632
apple 0.99538994 342 174 373 205
apple 0.99508756 284 564 320 596
apple 0.99419713 631 566 660 595
apple 0.99362224 559 551 587 581
apple 0.99327964 279 182 314 205
apple 0.9927187 598 520 628 550
apple 0.9907913 679 915 706 945
apple 0.9905447 357 191 387 220
apple 0.99011797 12 594 42 620
apple 0.98961896 533 926 568 953
apple 0.98780197 182 468 209 490
apple 0.9847355 389 341 419 375
apple 0.98319215 476 847 503 881
apple 0.98188514 314 433 339 457
apple 0.97993946 431 911 453 937
apple 0.9793711 655 1146 688 1178
apple 0.97688794 636 511 662 533
apple 0.9678331 700 454 719 492
apple 0.96461815 111 860 137 882
apple 0.9582184 225 529 259 556
apple 0.9422037 301 288 334 318
apple 0.9309597 531 581 567 600
apple 0.9074048 233 764 263 784
apple 0.90633893 405 820 428 835
apple 0.9062038 506 672 528 692
apple 0.9058658 681 510 714 538
apple 0.90169823 704 487 718 512
apple 0.900281 624 545 647 570
apple 0.8219565 181 411 200 431
apple 0.8045453 263 515 286 540
apple 0.7592824 379 484 406 509
apple 0.7574744 633 491 654 504
apple 0.7290357 660 544 691 567
apple 0.7286808 705 1053 718 1074
apple 0.721035 427 636 442 656
apple 0.6747735 308 145 330 160
apple 0.63188213 510 985 530 1004
apple 0.6141707 446 504 462 519
apple 0.57605183 388 504 401 528
apple 0.5751675 364 650 377 665
apple 0.5283925 396 191 410 205
apple 0.4832782 368 322 398 356
apple 0.42953727 417 894 431 912
apple 0.418554 380 321 398 349
apple 0.3165629 709 751 719 768
apple 0.29935014 357 158 368 171
apple 0.28567517 659 548 681 565
apple 0.25383714 321 174 334 190
apple 0.24044871 322 297 335 314
apple 0.2206645 366 343 386 357
apple 0.12931834 706 1120 717 1138
apple 0.092105046 228 764 265 801
apple 0.050704148 697 448 719 514
apple 0.05016984 370 337 392 354
