apple 0.9994091 329 29 365 70
apple 0.99789435 283 160 320 194
apple 0.9953081 325 139 355 175
apple 0.9951774 43 542 72 574
apple 0.99399227 589 473 633 504
apple 0.99288917 422 16 447 46
apple 0.9908919 445 66 470 91
apple 0.9907928 68 552 97 583
apple 0.98646474 447 14 481 47
apple 0.9643061 670 992 706 1033
apple 0.928137 695 1039 719 1061
apple 0.8806051 653 732 673 752
apple 0.8169431 623 708 650 731
apple 0.7946748 478 14 495 38
apple 0.7854105 235 880 252 899
apple 0.7710395 543 904 555 925
apple 0.49273503 261 893 281 915
apple 0.41073224 541 906 566 929
apple 0.3788773 707 1039 719 1059
apple 0.36644706 632 641 643 655
apple 0.24883647 631 636 651 657
apple 0.2459738 676 608 689 620
apple 0.18679665 670 1005 697 1033
apple 0.18287438 36 887 69 913
apple 0.14502719 697 775 717 799
apple 0.08015494 459 10 484 40
apple 0.072486885 672 1018 693 1032
apple 0.0702076 620 705 663 735
apple 0.06433847 70 1070 96 1105
