apple 0.99981385 489 361 533 410
apple 0.9997607 602 304 652 350
apple 0.99966836 420 675 468 721
apple 0.99962974 401 1101 449 1149
apple 0.99960345 298 271 337 307
apple 0.9994678 549 970 595 1012
apple 0.99939036 486 23 522 69
apple 0.9991928 587 599 626 637
apple 0.9989728 394 138 437 190
apple 0.9989078 685 654 719 695
apple 0.9988487 265 312 297 344
apple 0.99882525 318 459 355 494
apple 0.9985032 380 247 413 287
apple 0.99845576 264 460 298 493
apple 0.99838316 583 741 620 773
apple 0.9980563 624 746 663 785
apple 0.99803835 244 481 277 517
apple 0.9979373 180 956 222 1002
apple 0.9976714 521 599 558 634
apple 0.99764806 199 690 233 729
apple 0.99732804 300 559 335 588
apple 0.9972633 431 373 462 406
apple 0.99726045 402 940 440 978
apple 0.99723876 434 208 466 241
apple 0.9965874 289 359 321 391
apple 0.99652964 650 1221 690 1261
apple 0.9957301 576 700 610 740
apple 0.9956825 671 873 702 902
apple 0.9953499 674 705 714 739
apple 0.99505216 185 917 219 952
apple 0.99504375 619 593 649 629
apple 0.99496174 425 407 455 441
apple 0.9934735 505 325 528 350
apple 0.99263763 286 397 315 428
apple 0.9922746 496 1237 533 1274
apple 0.991167 335 422 368 458
apple 0.9905476 277 696 317 729
apple 0.99024093 396 199 427 226
apple 0.9892942 511 899 543 936
apple 0.9889809 206 793 239 819
apple 0.98619384 243 1162 273 1195
apple 0.98525226 247 894 283 929
apple 0.9851726 515 466 553 498
apple 0.9842589 265 918 298 951
apple 0.98228204 170 694 200 727
apple 0.9797442 132 1032 169 1062
apple 0.97877866 155 996 195 1030
apple 0.9786997 326 730 361 759
apple 0.9767743 350 1147 382 1179
apple 0.9766424 651 864 675 892
apple 0.97409236 290 763 324 791
apple 0.9718473 698 1215 717 1247
apple 0.97098655 534 704 570 744
apple 0.9685102 451 429 475 453
apple 0.9677627 460 27 487 71
apple 0.9674017 219 902 254 931
apple 0.9654201 333 376 351 404
apple 0.9458315 111 1027 132 1052
apple 0.94094473 474 579 502 598
apple 0.9393028 175 1048 216 1088
apple 0.9382387 686 615 712 635
apple 0.93679494 90 747 111 768
apple 0.9356847 577 912 611 938
apple 0.9285838 669 740 698 766
apple 0.92190397 475 828 504 853
apple 0.9209007 553 603 583 635
apple 0.9188006 413 226 452 251
apple 0.9187393 480 68 510 108
apple 0.91031706 530 355 556 392
apple 0.90495723 393 768 401 788
apple 0.8999962 368 133 383 169
apple 0.8919943 54 754 76 778
apple 0.8778993 466 361 496 397
apple 0.86528146 488 332 511 353
apple 0.8259862 425 739 450 754
apple 0.80628425 241 686 258 703
apple 0.75480795 253 547 272 563
apple 0.7015527 229 514 257 535
apple 0.6930816 446 1004 479 1033
apple 0.6827182 365 778 379 804
apple 0.62460035 522 1011 547 1026
apple 0.6066515 208 1048 230 1066
apple 0.56845605 291 541 306 562
apple 0.5003676 457 476 483 491
apple 0.45242894 461 726 474 740
apple 0.3743558 458 69 504 110
apple 0.25115025 704 895 719 908
apple 0.24267721 249 897 293 946
apple 0.18128172 670 688 715 758
apple 0.16848938 533 705 551 728
apple 0.13050042 449 78 489 113
apple 0.09359436 450 453 489 493
apple 0.08835863 602 591 643 633
apple 0.07283217 108 1018 141 1059
