apple 0.9994 214 543 246 576
apple 0.99877244 458 501 481 526
apple 0.9987275 494 541 522 573
apple 0.9986003 349 248 379 280
apple 0.99818075 190 833 221 865
apple 0.99768746 198 452 224 479
apple 0.9967835 184 693 207 719
apple 0.9958682 206 769 230 796
apple 0.99506444 39 689 71 715
apple 0.99372697 347 574 375 601
apple 0.9865724 223 460 248 482
apple 0.9788715 222 585 254 612
apple 0.9661908 171 785 210 818
apple 0.96520156 639 718 656 729
apple 0.9595588 625 846 651 872
apple 0.95564806 467 1150 500 1182
apple 0.95322275 206 702 232 719
apple 0.9504161 563 849 581 873
apple 0.9491109 448 525 467 543
apple 0.9456729 115 574 132 590
apple 0.9136287 384 556 401 572
apple 0.9052726 426 505 446 531
apple 0.8878381 157 566 180 596
apple 0.87846184 215 698 239 718
apple 0.7873425 344 942 375 962
apple 0.7835284 476 786 490 805
apple 0.721499 74 679 86 692
apple 0.69424015 663 840 681 859
apple 0.6643095 619 812 638 826
apple 0.64089334 662 864 682 887
apple 0.6042295 226 699 238 713
apple 0.498146 198 790 212 819
apple 0.47660294 447 863 456 890
apple 0.40499368 362 773 373 786
apple 0.36735106 609 810 635 824
apple 0.34746218 321 983 335 996
apple 0.29892498 578 799 589 813
apple 0.23685169 73 656 87 670
apple 0.1702286 624 859 640 873
apple 0.15897891 168 780 176 789
apple 0.14337136 425 505 442 519
apple 0.110076696 69 620 82 642
apple 0.06361122 439 445 450 456
apple 0.060550865 174 800 193 815
apple 0.05242919 669 348 678 359
apple 0.05220489 169 781 182 791
apple 0.050106257 190 701 213 720
