apple 0.9989711 435 786 470 821
apple 0.99886775 9 715 48 751
apple 0.9980229 373 769 404 810
apple 0.99768925 573 1189 602 1224
apple 0.9970071 274 1045 305 1080
apple 0.9939867 432 843 463 872
apple 0.9905922 468 802 497 832
apple 0.98851705 446 968 468 999
apple 0.98038816 385 974 417 1006
apple 0.9791277 492 1119 524 1149
apple 0.9786847 38 738 66 767
apple 0.9767205 618 1177 646 1207
apple 0.9730771 447 998 463 1022
apple 0.9684447 329 960 359 988
apple 0.96839386 414 773 441 799
apple 0.96624315 19 1009 47 1039
apple 0.96206605 359 950 385 981
apple 0.9542114 39 1049 74 1089
apple 0.9494878 512 987 535 1007
apple 0.9375977 413 1032 438 1058
apple 0.87846893 85 769 113 792
apple 0.8522222 8 960 30 986
apple 0.74320966 97 961 115 983
apple 0.7294879 55 765 86 788
apple 0.72023094 1 693 13 715
apple 0.61452913 14 1066 45 1095
apple 0.60693717 565 755 589 777
apple 0.58571935 565 1050 592 1082
apple 0.5813356 333 857 356 882
apple 0.47129658 565 1063 580 1084
apple 0.38538232 4 983 30 1007
apple 0.3002885 0 691 16 727
apple 0.21725915 471 688 496 712
apple 0.11360259 570 611 583 628
apple 0.0964887 38 1069 65 1092
apple 0.05166044 3 958 28 1002
