apple 0.9996797 286 94 320 127
apple 0.9990559 242 84 273 119
apple 0.9981822 461 747 493 774
apple 0.9976139 288 882 325 921
apple 0.997283 338 299 367 325
apple 0.99707806 343 272 372 299
apple 0.99592185 288 125 319 151
apple 0.9955503 461 542 491 572
apple 0.9942094 46 289 72 312
apple 0.9935696 616 613 651 642
apple 0.9934569 24 192 50 218
apple 0.9925436 675 300 701 329
apple 0.9922535 693 427 719 460
apple 0.99212706 577 599 608 633
apple 0.99120456 435 541 463 572
apple 0.9905138 108 470 138 504
apple 0.9893532 380 686 406 713
apple 0.988851 260 638 289 663
apple 0.9874521 332 156 363 191
apple 0.98714906 625 554 654 582
apple 0.9845122 710 243 719 272
apple 0.984143 56 193 76 213
apple 0.9820103 602 546 624 573
apple 0.9817809 0 286 19 307
apple 0.9810161 656 298 678 325
apple 0.9751345 605 593 633 624
apple 0.9735781 146 588 178 611
apple 0.9729706 498 620 534 650
apple 0.9718373 557 918 584 949
apple 0.9698635 1 57 8 88
apple 0.96880764 281 656 305 676
apple 0.96434116 694 206 717 238
apple 0.95742714 52 435 72 460
apple 0.9515005 65 538 96 561
apple 0.93760556 429 469 451 497
apple 0.9375204 441 777 464 800
apple 0.92517644 546 692 562 711
apple 0.9191872 98 525 122 546
apple 0.87488854 1 265 22 291
apple 0.7956264 526 627 544 650
apple 0.7812129 1 307 13 326
apple 0.7755651 658 554 680 577
apple 0.66629475 705 519 718 536
apple 0.57310265 77 573 102 596
apple 0.4284126 318 879 341 894
apple 0.41772586 621 652 644 673
apple 0.34211692 115 685 136 703
apple 0.32947484 241 122 253 140
apple 0.309339 274 904 292 928
apple 0.24970147 1 267 23 311
apple 0.21171167 83 410 98 425
apple 0.19426318 696 206 715 226
