apple 0.99916697 204 526 237 557
apple 0.99894625 339 229 369 262
apple 0.9986946 185 817 218 848
apple 0.9985831 338 557 365 584
apple 0.9985606 486 524 515 556
apple 0.99815553 29 672 59 697
apple 0.99807787 450 483 473 506
apple 0.9965335 174 675 197 702
apple 0.9963601 166 767 205 802
apple 0.99325997 199 752 228 778
apple 0.9889713 188 431 212 461
apple 0.9872312 213 568 243 594
apple 0.9754285 213 441 238 463
apple 0.97000486 628 701 647 713
apple 0.9650854 148 548 171 581
apple 0.95383304 617 823 648 854
apple 0.941958 552 831 573 853
apple 0.94028926 418 489 437 514
apple 0.93791544 374 536 395 555
apple 0.9355593 198 683 226 704
apple 0.93306065 443 845 455 868
apple 0.92029643 470 770 485 790
apple 0.90777117 438 507 458 525
apple 0.86865073 659 845 673 868
apple 0.86814195 609 794 630 808
apple 0.81182945 358 756 375 770
apple 0.80820173 654 822 672 840
apple 0.794046 305 963 329 987
apple 0.7714009 107 558 123 572
apple 0.690811 197 688 215 703
apple 0.64591146 616 840 629 857
apple 0.57751286 62 605 76 627
apple 0.48742846 64 660 78 675
apple 0.4399491 344 923 376 940
apple 0.40627578 60 659 79 688
apple 0.4058671 62 627 78 645
apple 0.39745653 228 1005 256 1034
apple 0.38356602 54 682 69 702
apple 0.37108994 218 684 230 698
apple 0.3479273 461 1130 494 1159
apple 0.30592453 419 488 434 500
apple 0.24485014 634 818 652 833
apple 0.23767364 573 778 581 792
apple 0.18591489 108 469 121 481
apple 0.18048912 57 664 73 695
apple 0.15830934 429 427 441 437
apple 0.13212721 387 816 414 861
apple 0.13047157 305 972 324 987
apple 0.113756135 67 634 80 652
apple 0.06457344 617 833 637 855
apple 0.064280085 53 659 81 702
apple 0.055459417 627 820 648 835
apple 0.053525 164 768 183 798
apple 0.053010814 163 765 176 774
apple 0.050161183 167 782 181 800
