apple 0.9998399 151 892 194 939
apple 0.9995091 149 409 191 452
apple 0.999461 334 681 378 724
apple 0.99928504 152 557 188 595
apple 0.9991504 5 1083 49 1122
apple 0.9990332 345 850 378 889
apple 0.9986401 271 344 311 377
apple 0.9975714 299 772 344 817
apple 0.997477 38 944 85 986
apple 0.9972505 223 794 268 834
apple 0.99622846 670 1150 701 1181
apple 0.9959293 282 919 318 959
apple 0.99589866 226 338 262 371
apple 0.9934797 595 1146 633 1187
apple 0.9892637 247 942 276 975
apple 0.98802584 295 1172 331 1208
apple 0.9817421 234 300 270 330
apple 0.9806473 189 985 211 1013
apple 0.978596 387 793 415 824
apple 0.97812414 484 713 510 735
apple 0.97717106 251 691 275 721
apple 0.9716737 349 1057 385 1079
apple 0.96920353 268 980 297 1008
apple 0.9653478 352 811 373 835
apple 0.9645851 436 695 470 721
apple 0.9635362 251 830 284 854
apple 0.9519897 298 1004 316 1033
apple 0.9515106 312 1184 361 1239
apple 0.9505126 336 498 372 529
apple 0.930587 396 1190 421 1222
apple 0.9248073 389 855 413 879
apple 0.9059663 432 1198 452 1235
apple 0.8977303 267 900 280 913
apple 0.8603563 303 1046 337 1064
apple 0.8112326 246 746 278 776
apple 0.80787253 317 938 348 961
apple 0.80681795 333 992 342 1005
apple 0.7903602 341 921 353 935
apple 0.7509955 442 856 468 878
apple 0.7354291 399 719 415 743
apple 0.7239445 266 870 278 885
apple 0.7080334 407 1079 434 1103
apple 0.6495113 173 517 186 539
apple 0.6404326 452 877 474 897
apple 0.61432546 189 567 214 588
apple 0.5717868 575 1141 600 1175
apple 0.40901437 374 560 389 576
apple 0.27759224 381 1189 396 1207
apple 0.27712792 600 1201 632 1237
apple 0.27367848 214 327 225 341
apple 0.23632291 437 932 449 952
apple 0.23308975 140 515 188 546
apple 0.21328838 323 1045 338 1061
apple 0.15213044 314 926 352 964
apple 0.13886541 378 853 415 887
apple 0.13137919 296 1172 346 1228
apple 0.11932759 438 641 449 653
apple 0.11046971 226 309 242 328
apple 0.10707851 216 324 232 340
apple 0.10403247 429 727 444 742
apple 0.10103907 299 1038 340 1069
apple 0.09461233 576 1142 626 1186
apple 0.058779906 228 796 281 847
