apple 0.9997212 58 287 100 327
apple 0.9996019 217 572 248 602
apple 0.99953043 81 979 118 1018
apple 0.9993887 192 394 224 426
apple 0.9993098 109 654 149 685
apple 0.99924576 89 268 125 302
apple 0.9990441 74 189 111 227
apple 0.99903995 64 501 107 539
apple 0.9990226 246 434 277 461
apple 0.9985637 81 81 115 115
apple 0.9985575 93 873 134 909
apple 0.9984302 100 1040 137 1083
apple 0.99834394 60 130 96 165
apple 0.99814725 133 732 163 765
apple 0.9979861 567 740 617 783
apple 0.99795616 259 454 288 481
apple 0.9977418 11 247 47 283
apple 0.99767596 115 243 144 277
apple 0.9968988 128 308 151 334
apple 0.9958339 193 591 231 631
apple 0.9958183 87 928 113 957
apple 0.9957808 28 152 46 188
apple 0.9951367 108 339 142 376
apple 0.9945161 702 258 718 289
apple 0.99428236 144 858 168 883
apple 0.9928629 102 99 136 141
apple 0.99194217 112 767 145 797
apple 0.9912513 117 851 142 880
apple 0.9912282 260 592 286 624
apple 0.99038833 145 1147 177 1191
apple 0.9868129 64 235 89 260
apple 0.98539966 449 1068 472 1093
apple 0.98399884 123 676 162 715
apple 0.98309326 1 377 14 409
apple 0.9816638 549 679 578 704
apple 0.9803565 103 193 125 228
apple 0.9724812 4 668 26 694
apple 0.9719319 30 323 46 352
apple 0.9712842 22 757 51 786
apple 0.9681961 0 804 27 831
apple 0.9655479 12 594 50 625
apple 0.9526758 109 455 136 479
apple 0.95018375 228 600 255 633
apple 0.94807273 163 958 202 992
apple 0.9381827 125 431 158 454
apple 0.9373319 478 1069 502 1093
apple 0.9154519 62 709 77 724
apple 0.91435987 38 185 73 213
apple 0.8961556 90 128 122 151
apple 0.8752217 711 227 718 255
apple 0.8666347 508 687 524 708
apple 0.8506685 187 715 202 731
apple 0.8449839 154 533 190 554
apple 0.745856 520 672 535 695
apple 0.60411924 127 468 147 489
apple 0.6014109 161 985 178 999
apple 0.5715561 213 1139 234 1165
apple 0.5691289 137 433 158 449
apple 0.55501336 63 189 77 210
apple 0.5178571 3 704 18 730
apple 0.46696645 115 456 147 488
apple 0.40298933 70 807 82 821
apple 0.39303067 182 958 204 989
apple 0.35839802 645 499 661 514
apple 0.31093255 648 657 663 671
apple 0.308141 120 440 147 456
apple 0.23767088 88 101 128 153
apple 0.09206682 0 775 9 786
apple 0.074703924 508 672 541 710
