apple 0.9994491 391 384 428 425
apple 0.9994272 449 258 484 297
apple 0.9992322 17 389 55 419
apple 0.9990583 313 247 349 286
apple 0.99876535 308 395 341 426
apple 0.99865985 416 921 454 966
apple 0.99846315 423 244 458 285
apple 0.99735945 401 560 432 591
apple 0.9969013 264 540 302 573
apple 0.9952472 237 752 273 783
apple 0.99518615 46 407 81 435
apple 0.9923644 287 509 328 539
apple 0.9915314 419 628 451 660
apple 0.990017 494 562 529 596
apple 0.98854524 468 851 505 914
apple 0.9831064 373 240 394 265
apple 0.9828278 485 525 520 551
apple 0.98265 333 926 368 953
apple 0.97704846 299 325 341 362
apple 0.9770483 508 644 538 673
apple 0.9767363 443 983 477 1012
apple 0.9751625 39 945 75 975
apple 0.971187 366 446 391 468
apple 0.9677642 412 706 438 723
apple 0.96729815 212 889 251 911
apple 0.9640434 70 1003 110 1035
apple 0.9400255 313 893 334 911
apple 0.90449095 272 927 292 949
apple 0.8775741 97 635 123 655
apple 0.8623878 446 507 467 529
apple 0.81713575 618 1073 630 1094
apple 0.77751017 300 746 330 771
apple 0.7718523 114 441 130 459
apple 0.6919434 533 706 550 737
apple 0.65990686 137 351 153 368
apple 0.64801514 115 348 133 365
apple 0.61932737 291 338 312 368
apple 0.61049545 579 709 597 725
apple 0.58270293 116 677 141 690
apple 0.5677376 132 405 147 423
apple 0.53477 490 682 503 700
apple 0.49577516 551 630 575 662
apple 0.4248336 428 506 466 531
apple 0.4241581 554 486 573 498
apple 0.37837994 361 478 387 490
apple 0.32504246 425 508 439 519
apple 0.27306426 618 685 643 707
apple 0.25055438 483 480 502 493
apple 0.12371517 289 328 333 372
apple 0.1001488 539 629 575 672
apple 0.08425449 287 511 302 536
apple 0.07545183 3 958 41 991
apple 0.0696557 425 506 451 523
apple 0.06829513 524 702 554 741
apple 0.055025317 332 1109 374 1141
apple 0.05088204 309 890 350 919
