apple 0.9997397 113 569 153 610
apple 0.9994247 81 300 117 334
apple 0.9992625 117 684 155 720
apple 0.99896777 103 324 137 358
apple 0.9986332 83 401 121 435
apple 0.99849904 57 643 94 678
apple 0.9979742 599 638 625 665
apple 0.9957283 58 813 90 843
apple 0.9948767 1 523 34 567
apple 0.9915046 125 621 158 651
apple 0.9892994 7 106 28 139
apple 0.9483176 82 543 112 571
apple 0.90538937 47 663 73 693
apple 0.89342093 615 666 637 692
apple 0.8168487 53 552 81 574
apple 0.7401306 74 552 88 573
apple 0.7095133 494 382 511 401
apple 0.68348956 76 325 96 343
apple 0.6310338 151 579 167 595
apple 0.32241 0 652 4 668
apple 0.22467765 198 635 220 652
apple 0.19427848 49 650 92 689
apple 0.17568877 84 543 106 562
apple 0.14572538 1 648 6 670
apple 0.13503183 100 558 114 571
apple 0.117668465 114 550 126 561
apple 0.108508065 80 320 101 337
apple 0.09218012 88 236 101 251
apple 0.08103482 69 321 97 349
apple 0.071521915 148 635 162 649
apple 0.06090442 570 669 583 682
apple 0.053761594 83 540 102 555
