apple 0.9997677 277 759 315 795
apple 0.99976283 294 624 337 669
apple 0.9996136 0 507 35 542
apple 0.99960643 664 142 699 175
apple 0.99948347 210 400 240 430
apple 0.9993844 299 553 339 591
apple 0.9992003 336 217 372 250
apple 0.9990533 125 765 154 799
apple 0.9990312 282 267 313 298
apple 0.9990171 35 342 74 380
apple 0.9990019 234 196 271 229
apple 0.99899644 38 240 72 276
apple 0.9989503 328 863 369 902
apple 0.99880254 139 443 180 480
apple 0.9987436 650 223 684 256
apple 0.99872106 206 159 240 195
apple 0.9984426 95 76 121 111
apple 0.9983625 447 604 478 634
apple 0.9983581 134 671 160 704
apple 0.99825674 184 221 218 255
apple 0.9982527 681 402 715 431
apple 0.99821824 146 138 183 172
apple 0.99799854 277 793 309 820
apple 0.9974718 493 624 524 657
apple 0.99745566 261 814 294 856
apple 0.99707496 183 392 210 425
apple 0.99701166 297 664 329 701
apple 0.9966974 402 893 429 926
apple 0.9961463 25 578 59 609
apple 0.995739 69 137 109 180
apple 0.9952991 157 85 190 118
apple 0.99481165 231 332 260 359
apple 0.9947941 383 775 411 806
apple 0.9946162 4 774 49 815
apple 0.99416226 71 81 96 111
apple 0.9938279 678 188 710 215
apple 0.9937204 489 659 523 691
apple 0.99326175 489 771 517 797
apple 0.99306387 433 616 460 642
apple 0.9928885 15 832 49 867
apple 0.9905289 685 431 715 452
apple 0.9899672 1 199 18 226
apple 0.98995495 663 255 698 287
apple 0.98851264 217 245 249 279
apple 0.98740095 65 514 95 535
apple 0.985671 479 594 503 624
apple 0.9848808 35 279 65 314
apple 0.98443943 390 712 420 738
apple 0.9844326 129 91 161 124
apple 0.98387396 574 268 603 291
apple 0.98118126 180 427 208 455
apple 0.9803067 559 467 585 490
apple 0.9767244 283 731 310 760
apple 0.9758253 646 659 673 684
apple 0.97460866 419 690 450 714
apple 0.97394234 1 642 20 671
apple 0.97079855 35 529 61 552
apple 0.97007173 235 388 257 410
apple 0.96906495 522 745 548 767
apple 0.9685724 230 497 259 526
apple 0.96647227 547 621 577 647
apple 0.9628932 575 679 591 701
apple 0.9626661 581 472 617 493
apple 0.9610044 660 377 684 402
apple 0.96032697 695 166 716 185
apple 0.9600663 640 243 663 269
apple 0.95825016 455 720 484 746
apple 0.95374405 93 774 110 793
apple 0.9497283 131 45 160 74
apple 0.9484676 558 372 582 395
apple 0.94653046 381 869 404 905
apple 0.94465053 79 379 95 403
apple 0.94038284 194 268 217 291
apple 0.931729 1 540 13 567
apple 0.9311253 591 305 614 328
apple 0.9300146 261 527 290 557
apple 0.9274665 210 357 244 384
apple 0.9261664 547 450 571 478
apple 0.91258556 563 318 589 341
apple 0.9007908 553 332 571 353
apple 0.8950008 527 696 544 719
apple 0.87339586 601 757 616 773
apple 0.83971465 79 0 114 10
apple 0.8374812 231 428 252 449
apple 0.8215659 415 854 430 873
apple 0.8170992 530 391 553 407
apple 0.78105813 286 506 313 530
apple 0.69327503 297 862 321 883
apple 0.6661559 690 128 718 155
apple 0.41844097 258 525 280 549
apple 0.3875141 25 670 39 683
apple 0.3824833 672 67 684 90
apple 0.34623533 549 449 583 489
apple 0.23222157 254 404 284 441
apple 0.22741242 269 536 293 556
apple 0.21296209 256 423 273 438
apple 0.20438367 693 129 719 197
apple 0.19991104 325 969 359 1005
apple 0.118096896 390 967 427 1003
apple 0.07004241 381 861 425 906
