apple 0.999446 288 320 319 351
apple 0.9993562 305 1048 362 1103
apple 0.99935085 249 430 282 465
apple 0.99902546 432 88 464 125
apple 0.99894506 370 181 407 218
apple 0.99880576 607 947 648 990
apple 0.99873585 233 377 263 405
apple 0.9987056 616 997 650 1033
apple 0.9986419 448 654 478 684
apple 0.99849164 284 723 315 755
apple 0.9984825 278 436 308 474
apple 0.998251 390 712 422 743
apple 0.99790883 363 420 398 455
apple 0.9978802 239 531 273 566
apple 0.99728835 335 425 364 460
apple 0.99639446 267 749 289 781
apple 0.9957658 346 507 379 538
apple 0.9955018 314 463 348 499
apple 0.99484986 430 681 461 707
apple 0.9936884 449 840 479 870
apple 0.99179757 306 625 337 663
apple 0.99018455 181 923 205 950
apple 0.9871725 423 847 449 875
apple 0.9862758 406 96 431 123
apple 0.9848622 574 665 607 702
apple 0.98447126 112 711 151 745
apple 0.9771806 200 637 219 658
apple 0.97078013 291 554 321 584
apple 0.9690815 239 712 274 740
apple 0.9690554 366 378 396 413
apple 0.96888876 277 700 302 727
apple 0.9641822 169 897 189 926
apple 0.96261597 325 504 345 527
apple 0.95647806 266 845 289 862
apple 0.95563686 418 876 448 898
apple 0.95029485 372 601 394 634
apple 0.9476065 257 617 285 650
apple 0.9475192 471 577 490 602
apple 0.94541246 334 325 352 356
apple 0.93928164 607 1024 629 1044
