apple 0.9997749 432 445 473 487
apple 0.9997547 256 513 295 551
apple 0.99974376 402 68 441 111
apple 0.99966943 536 172 578 214
apple 0.99965024 378 687 421 725
apple 0.9996488 3 1065 42 1108
apple 0.9996234 520 264 559 299
apple 0.99953496 411 390 454 427
apple 0.99949133 599 893 648 943
apple 0.99942786 454 675 495 720
apple 0.9992681 357 8 394 52
apple 0.9992374 34 1135 75 1174
apple 0.9991385 315 1076 361 1123
apple 0.99910563 254 651 287 688
apple 0.9984993 224 646 254 678
apple 0.99811894 41 913 87 960
apple 0.9980811 287 649 321 682
apple 0.99713457 578 224 612 257
apple 0.996876 551 384 590 417
apple 0.99661106 617 421 660 459
apple 0.9963207 265 554 300 589
apple 0.9963123 646 633 685 671
apple 0.9963012 332 222 357 259
apple 0.99618405 29 373 64 400
apple 0.995994 410 338 443 373
apple 0.9953797 47 341 71 370
apple 0.9945268 332 482 367 518
apple 0.9944845 675 637 711 678
apple 0.99424523 405 601 438 631
apple 0.994048 567 449 602 486
apple 0.9927206 412 510 442 543
apple 0.99209446 558 499 594 532
apple 0.9917365 380 1011 413 1048
apple 0.99165255 362 731 396 766
apple 0.98982376 84 370 118 404
apple 0.9886572 6 0 50 19
apple 0.9884438 97 650 127 689
apple 0.9880135 27 1216 64 1259
apple 0.9874856 309 529 341 561
apple 0.986405 276 825 301 858
