apple 0.99948895 234 288 270 325
apple 0.9994661 407 69 451 115
apple 0.9994653 376 152 419 199
apple 0.9990963 249 251 287 294
apple 0.998909 263 146 300 187
apple 0.9986706 387 825 426 863
apple 0.9983423 660 886 688 913
apple 0.99827397 410 573 444 609
apple 0.9982672 231 546 266 577
apple 0.9980482 334 33 367 65
apple 0.9980222 175 383 203 414
apple 0.99789125 133 616 164 645
apple 0.9977641 212 628 253 668
apple 0.9976598 382 506 420 538
apple 0.9963911 365 673 398 703
apple 0.99620277 242 217 273 251
apple 0.9950334 352 874 383 905
apple 0.9948201 167 750 198 788
apple 0.9945628 169 486 191 512
apple 0.9939606 320 304 352 338
apple 0.9930466 231 578 260 611
apple 0.9925573 176 347 208 372
apple 0.99122787 220 409 250 433
apple 0.9897503 130 739 156 766
apple 0.988293 226 496 254 519
apple 0.9867656 114 1007 148 1042
apple 0.98664075 310 226 338 255
apple 0.98160446 446 674 473 701
apple 0.9738227 434 523 462 550
apple 0.97034836 445 746 461 770
apple 0.9674777 149 558 167 582
apple 0.9673679 182 641 216 675
apple 0.9640568 406 724 435 750
apple 0.95691305 245 193 263 218
apple 0.95396626 710 754 718 777
apple 0.95070887 141 980 169 1018
apple 0.95050955 336 224 367 245
apple 0.9370401 481 948 512 978
apple 0.9300587 440 911 468 945
apple 0.9268287 379 905 413 931
