apple 0.9983335 273 360 290 379
apple 0.9973061 125 501 142 525
apple 0.99714893 479 800 498 820
apple 0.9968184 290 361 312 384
apple 0.99643046 186 540 210 566
apple 0.99612254 13 951 39 982
apple 0.99590564 312 539 342 569
apple 0.9933562 110 525 131 542
apple 0.9925047 478 475 495 498
apple 0.9915541 225 483 244 502
apple 0.9910142 562 844 578 865
apple 0.9900449 405 386 423 406
apple 0.9898762 28 912 50 938
apple 0.9894085 545 979 561 1003
apple 0.98762614 386 362 407 383
apple 0.98757416 423 893 444 917
apple 0.9872066 346 346 367 368
apple 0.9826805 395 314 411 332
apple 0.98133117 468 589 494 616
apple 0.98102677 381 771 399 791
apple 0.9771656 332 353 345 371
apple 0.97643864 593 880 611 898
apple 0.97367126 505 943 523 960
apple 0.97054255 405 608 429 627
apple 0.9688695 426 386 445 402
apple 0.9676013 453 804 468 818
apple 0.967474 410 732 436 750
apple 0.9652754 452 350 463 369
apple 0.96475405 262 568 279 582
apple 0.9639763 291 794 307 818
apple 0.963684 94 522 112 537
apple 0.96353745 275 539 288 554
apple 0.9620356 219 629 236 642
apple 0.9609177 246 600 261 615
apple 0.95679 312 268 330 286
apple 0.95369285 396 928 412 946
apple 0.9503196 430 604 449 622
apple 0.949385 168 877 188 899
apple 0.9463844 328 333 345 351
apple 0.9351055 329 729 339 742
