apple 0.805664 311 268 332 288
apple 0.750977 394 315 412 334
apple 0.749023 186 541 211 568
apple 0.676758 386 362 407 386
apple 0.648438 348 346 369 367
apple 0.596680 290 361 312 385
apple 0.579590 327 334 344 353
apple 0.559082 272 359 292 381
apple 0.522461 451 351 465 370
apple 0.520020 333 356 345 372
apple 0.487305 224 485 246 505
apple 0.479980 125 501 143 526
apple 0.404053 404 384 426 406
apple 0.393799 247 600 262 618
apple 0.393555 480 802 498 822
apple 0.390381 284 436 298 452
apple 0.385498 13 952 39 984
apple 0.380615 425 1240 448 1266
apple 0.373047 478 475 495 500
apple 0.351807 274 539 290 556
apple 0.339355 218 630 235 644
apple 0.331543 111 524 134 544
apple 0.319580 285 344 297 358
apple 0.318359 263 567 279 583
apple 0.309326 424 894 445 918
apple 0.304443 592 879 613 899
apple 0.300781 440 1177 466 1203
apple 0.294189 478 367 493 384
apple 0.270752 285 434 310 452
apple 0.262207 313 537 341 571
apple 0.257812 288 982 306 1002
apple 0.255371 38 1029 60 1049
