apple 0.881836 465 393 506 442
apple 0.855957 421 358 447 389
apple 0.826660 303 257 342 300
apple 0.821289 340 910 376 946
apple 0.820801 228 712 282 774
apple 0.815430 231 346 271 388
apple 0.806152 321 464 360 500
apple 0.797852 337 812 383 848
apple 0.797363 363 968 392 1010
apple 0.795410 181 623 254 673
apple 0.794434 354 214 377 248
apple 0.770508 258 221 295 258
apple 0.765137 355 602 390 638
apple 0.764648 448 527 476 556
apple 0.753906 137 471 162 493
apple 0.736816 485 548 514 579
apple 0.726074 366 275 395 302
apple 0.717773 671 1006 707 1036
apple 0.709473 375 682 402 712
apple 0.709473 408 1066 437 1110
apple 0.684082 314 157 358 199
apple 0.681641 203 764 231 794
apple 0.677246 376 628 402 661
apple 0.673828 330 236 362 272
apple 0.673828 300 106 332 140
apple 0.666992 23 521 44 539
apple 0.651367 390 800 412 826
apple 0.630371 10 638 34 666
apple 0.621094 272 128 290 165
apple 0.612305 416 664 432 684
apple 0.599609 347 308 374 344
apple 0.579102 247 552 291 590
apple 0.573730 305 210 327 234
apple 0.554688 351 708 388 744
apple 0.540527 425 530 514 589
