apple 0.862305 510 867 553 913
apple 0.849121 437 1017 482 1059
apple 0.844727 318 494 358 534
apple 0.836914 330 376 367 412
apple 0.836426 402 410 441 456
apple 0.835449 197 484 231 522
apple 0.828613 385 223 440 282
apple 0.825684 404 559 447 603
apple 0.820312 143 645 187 689
apple 0.793457 327 584 368 626
apple 0.780273 336 168 375 219
apple 0.773438 30 662 64 696
apple 0.768066 373 764 409 798
apple 0.767090 596 1010 642 1046
apple 0.757812 393 849 440 895
apple 0.757324 216 530 248 562
apple 0.746094 279 560 332 620
apple 0.721191 490 742 532 782
apple 0.700684 327 630 368 668
apple 0.698242 219 730 308 784
apple 0.692871 600 614 629 648
apple 0.677734 475 992 518 1028
apple 0.610840 203 664 239 698
apple 0.585938 505 341 539 373
apple 0.537109 418 792 464 832
apple 0.527344 322 236 361 264
apple 0.485107 136 1077 164 1105
apple 0.470947 542 741 568 765
apple 0.450439 372 971 410 999
apple 0.449219 237 304 262 339
apple 0.425537 159 1067 188 1097
apple 0.409912 437 397 468 433
apple 0.400635 700 574 720 594
apple 0.393066 88 1111 118 1137
apple 0.391846 204 1004 244 1048
