apple 0.839844 399 1154 443 1206
apple 0.831055 459 560 494 594
apple 0.828125 362 84 393 124
apple 0.827148 64 959 98 993
apple 0.818359 452 408 486 444
apple 0.806641 235 469 266 501
apple 0.805664 429 364 462 399
apple 0.797363 214 589 246 621
apple 0.796875 181 567 210 598
apple 0.782715 304 462 330 487
apple 0.780762 680 642 716 682
apple 0.778809 248 362 284 394
apple 0.774902 270 214 300 244
apple 0.760742 346 453 378 487
apple 0.714844 308 653 333 681
apple 0.712402 172 848 204 878
apple 0.711426 256 253 283 284
apple 0.684082 390 370 418 400
apple 0.672363 388 869 421 903
apple 0.665527 198 533 224 554
apple 0.641602 393 218 420 243
apple 0.626465 332 474 363 507
apple 0.607422 326 119 348 142
apple 0.589844 236 334 259 365
apple 0.583496 71 650 100 680
apple 0.563965 358 339 384 369
apple 0.548828 244 572 267 594
apple 0.517090 242 700 268 732
apple 0.515625 329 177 358 209
apple 0.515137 17 931 41 950
apple 0.509277 400 462 426 494
apple 0.504883 288 332 313 356
apple 0.501465 439 1062 461 1088
apple 0.492188 520 1185 548 1211
apple 0.473877 151 642 173 664
