apple 0.811035 34 294 75 334
apple 0.805176 25 50 64 97
apple 0.802734 549 234 592 274
apple 0.796875 28 0 59 26
apple 0.791504 451 201 492 242
apple 0.789062 305 798 344 840
apple 0.784668 67 240 112 282
apple 0.766113 101 762 144 804
apple 0.735352 684 197 720 234
apple 0.721191 620 45 663 89
apple 0.715332 249 4 282 42
apple 0.711426 134 308 175 344
apple 0.704102 20 145 58 184
apple 0.702148 243 168 272 196
apple 0.695801 416 375 457 414
apple 0.689941 112 899 153 940
apple 0.687988 642 704 690 755
apple 0.683594 636 139 666 171
apple 0.669434 398 341 438 383
apple 0.667480 358 39 395 74
apple 0.650879 150 796 188 833
apple 0.633301 414 708 445 736
apple 0.631348 591 559 640 599
apple 0.624023 487 288 522 322
apple 0.618652 464 0 492 27
apple 0.605957 308 857 338 888
apple 0.564941 477 121 503 149
apple 0.563477 137 148 179 194
apple 0.546387 604 148 636 184
apple 0.539551 101 710 132 743
apple 0.453369 324 191 347 217
apple 0.430176 668 90 706 130
apple 0.428223 648 22 684 58
apple 0.422852 302 158 329 185
apple 0.422119 332 25 363 58
