apple 0.828125 39 666 78 702
apple 0.816406 590 881 630 920
apple 0.814453 612 712 658 756
apple 0.813477 49 455 90 496
apple 0.767578 60 104 105 141
apple 0.763672 376 732 414 768
apple 0.754883 184 313 223 353
apple 0.737305 446 727 486 766
apple 0.737305 509 169 542 205
apple 0.733398 558 804 600 846
apple 0.732422 531 608 564 640
apple 0.674805 589 224 620 256
apple 0.652344 201 765 224 787
apple 0.647949 150 477 183 511
apple 0.622559 577 616 613 650
apple 0.608398 387 381 413 408
apple 0.605957 14 172 39 196
apple 0.578613 701 579 720 616
apple 0.576172 440 191 472 222
apple 0.561523 258 394 295 432
apple 0.557617 572 770 608 802
apple 0.557129 342 652 378 688
apple 0.556152 434 290 461 318
apple 0.497070 652 224 685 255
apple 0.490479 186 146 217 181
apple 0.486328 356 472 380 494
apple 0.483398 512 694 544 730
apple 0.481934 324 712 356 745
apple 0.474121 0 656 13 684
apple 0.469482 73 236 98 260
apple 0.456299 567 293 593 320
apple 0.452637 375 527 396 549
apple 0.439941 129 493 159 526
apple 0.420166 512 288 534 309
apple 0.420166 455 308 476 333
