apple 0.708496 142 1136 176 1172
apple 0.696777 582 440 606 468
apple 0.689453 0 263 31 296
apple 0.652832 594 384 622 407
apple 0.632324 36 588 67 616
apple 0.625000 160 548 187 583
apple 0.615234 155 1010 187 1044
apple 0.610840 140 509 166 536
apple 0.602051 643 385 669 408
apple 0.576172 521 400 542 424
apple 0.566406 508 420 530 442
apple 0.553711 598 510 620 532
apple 0.531250 310 912 338 938
apple 0.507324 104 516 125 546
apple 0.497559 229 1066 261 1096
apple 0.468018 178 998 208 1028
apple 0.462158 676 441 691 464
apple 0.458984 490 412 507 434
apple 0.450195 658 261 706 300
apple 0.446533 560 639 581 658
apple 0.443359 167 455 180 467
apple 0.423340 647 578 664 596
apple 0.395508 566 665 588 688
apple 0.379150 176 459 191 474
apple 0.355713 513 460 528 479
apple 0.337158 586 638 600 650
apple 0.336182 206 451 217 464
apple 0.333740 477 380 492 401
apple 0.319824 606 1061 628 1083
apple 0.264893 37 790 57 818
apple 0.263916 148 423 161 433
apple 0.255127 655 524 672 550
