apple 0.898926 604 302 653 351
apple 0.872559 548 971 596 1014
apple 0.857422 400 1102 448 1150
apple 0.855469 488 362 534 412
apple 0.840332 420 674 469 724
apple 0.838867 394 135 437 195
apple 0.817383 652 1221 692 1261
apple 0.806152 171 1046 233 1094
apple 0.800781 266 312 298 346
apple 0.799316 263 460 301 496
apple 0.798340 182 917 221 953
apple 0.795410 588 596 629 638
apple 0.790527 624 744 664 786
apple 0.784180 298 274 337 306
apple 0.782715 320 459 356 497
apple 0.781250 400 938 440 979
apple 0.773438 485 23 523 71
apple 0.769531 243 482 278 520
apple 0.750977 182 956 222 1002
apple 0.749023 672 872 702 902
apple 0.746094 199 690 236 730
apple 0.730469 576 699 610 740
apple 0.729492 514 900 543 935
apple 0.712891 496 1235 534 1273
apple 0.711914 111 1000 179 1066
apple 0.707031 219 888 300 954
apple 0.700195 381 248 413 292
apple 0.690430 534 703 570 750
apple 0.686523 582 734 626 774
apple 0.677734 288 359 321 396
apple 0.662598 521 600 575 637
apple 0.658203 207 792 240 820
apple 0.650391 277 696 320 730
apple 0.643555 578 911 615 940
apple 0.631836 618 592 650 626
