apple 0.841309 295 624 338 668
apple 0.825684 37 241 72 278
apple 0.825195 278 758 316 796
apple 0.819824 301 552 341 592
apple 0.800293 492 626 525 658
apple 0.794434 71 76 121 113
apple 0.789551 282 267 313 299
apple 0.786621 69 136 110 182
apple 0.786133 234 195 272 230
apple 0.784180 139 443 181 482
apple 0.764648 34 342 75 383
apple 0.763184 337 217 372 252
apple 0.762207 133 670 161 706
apple 0.746582 641 224 685 272
apple 0.730469 0 199 20 226
apple 0.729980 123 766 154 800
apple 0.729492 490 660 526 692
apple 0.719727 664 142 698 180
apple 0.704102 402 894 431 928
apple 0.702637 434 603 482 643
apple 0.697754 682 400 716 433
apple 0.691895 208 166 241 194
apple 0.686035 480 594 504 626
apple 0.683105 328 862 372 904
apple 0.661133 65 516 96 536
apple 0.660645 1 508 34 544
apple 0.641113 35 280 66 321
apple 0.637207 383 776 411 807
apple 0.625488 14 921 40 949
apple 0.624023 17 834 53 868
apple 0.616211 41 912 71 940
apple 0.613281 1 775 44 812
apple 0.609375 542 620 578 650
apple 0.598145 23 580 59 610
apple 0.590332 182 216 218 255
