apple 0.874023 264 175 341 236
apple 0.835938 432 356 489 398
apple 0.783203 84 352 114 388
apple 0.744629 16 507 54 540
apple 0.743164 24 296 51 329
apple 0.707031 422 270 447 302
apple 0.610840 68 707 91 730
apple 0.603027 19 265 33 283
apple 0.595215 54 490 78 518
apple 0.580078 78 584 130 620
apple 0.561523 24 450 59 483
apple 0.496338 336 460 350 476
apple 0.488281 95 530 124 558
apple 0.479248 275 169 299 196
apple 0.476562 338 614 350 630
apple 0.472412 182 408 198 424
apple 0.467041 297 244 328 276
apple 0.447998 73 480 125 558
apple 0.447510 233 531 246 547
apple 0.444580 228 244 253 272
apple 0.420898 423 660 464 695
apple 0.411621 126 872 152 905
apple 0.410889 234 652 251 670
apple 0.407227 192 429 208 445
apple 0.347900 88 482 114 515
apple 0.346680 113 991 162 1034
apple 0.345215 162 548 175 564
apple 0.343262 103 896 121 919
apple 0.329834 340 486 354 500
apple 0.324707 346 484 373 502
apple 0.317139 250 466 270 481
apple 0.312256 369 608 383 618
apple 0.295166 491 248 528 278
apple 0.289551 174 511 191 529
apple 0.282959 541 378 553 392
