apple 0.849609 86 310 124 352
apple 0.829590 633 192 675 234
apple 0.828125 131 858 169 894
apple 0.816406 172 56 212 105
apple 0.807129 488 33 525 69
apple 0.796875 583 341 628 386
apple 0.791504 287 797 331 843
apple 0.789551 601 376 645 417
apple 0.773438 378 1 412 39
apple 0.770996 199 308 241 350
apple 0.764648 174 153 216 197
apple 0.763184 496 834 537 877
apple 0.747559 288 320 323 355
apple 0.729492 107 239 147 280
apple 0.724121 234 248 278 294
apple 0.714844 624 406 666 445
apple 0.708008 0 980 34 1020
apple 0.687500 587 523 613 548
apple 0.673828 297 941 339 987
apple 0.647949 287 744 320 778
apple 0.644531 600 734 632 764
apple 0.642090 671 283 702 319
apple 0.633301 460 20 494 54
apple 0.623047 7 128 41 157
apple 0.618652 474 892 506 926
apple 0.615723 296 150 337 200
apple 0.598633 460 174 487 200
apple 0.595215 589 0 624 18
apple 0.592285 365 172 394 200
apple 0.585938 64 28 102 63
apple 0.584473 267 142 302 183
apple 0.572266 613 112 640 142
apple 0.550293 487 298 511 328
apple 0.517578 338 834 378 874
apple 0.517090 299 448 322 469
