apple 0.854492 390 87 430 127
apple 0.848633 352 116 399 158
apple 0.847168 384 186 426 233
apple 0.823242 542 727 594 775
apple 0.814941 347 748 390 790
apple 0.812012 634 385 673 421
apple 0.807617 95 642 137 682
apple 0.798828 371 269 423 317
apple 0.797852 444 253 491 291
apple 0.784180 428 74 463 119
apple 0.748047 364 848 417 896
apple 0.746094 478 770 524 820
apple 0.743652 332 206 369 248
apple 0.733887 411 834 448 874
apple 0.731445 250 372 281 402
apple 0.726074 452 402 480 425
apple 0.702637 287 381 320 410
apple 0.684570 374 6 429 87
apple 0.669434 155 290 175 315
apple 0.646484 392 798 442 838
apple 0.632812 224 688 302 734
apple 0.608887 75 622 114 644
apple 0.592773 424 197 466 237
apple 0.567871 153 315 171 335
apple 0.555664 581 653 617 682
apple 0.530273 213 765 247 797
apple 0.488525 497 706 522 734
apple 0.479980 217 388 235 404
apple 0.421875 392 799 414 830
apple 0.421143 638 1044 697 1106
apple 0.408936 570 507 586 524
apple 0.401367 582 364 624 400
apple 0.385254 598 428 622 444
apple 0.377441 276 750 322 790
apple 0.367432 374 41 418 87
