apple 0.9997166 231 531 262 563
apple 0.9995876 201 820 235 852
apple 0.99928826 370 237 400 268
apple 0.99869686 475 492 499 516
apple 0.99798906 511 532 540 563
apple 0.99767643 54 676 85 701
apple 0.99714273 185 774 224 805
apple 0.9956144 215 441 240 467
apple 0.9952474 363 564 391 591
apple 0.9896142 238 573 270 601
apple 0.9892238 197 690 216 706
apple 0.9861167 219 757 244 781
apple 0.9834504 654 710 673 724
apple 0.9815964 573 842 595 867
apple 0.9763541 640 839 669 866
apple 0.9755992 240 449 265 471
apple 0.9494024 220 691 249 709
apple 0.94326854 678 836 697 853
apple 0.9344893 465 514 482 532
apple 0.9275316 130 558 147 578
apple 0.9144933 93 625 105 644
apple 0.90565425 174 554 195 588
apple 0.9054998 443 496 462 521
apple 0.8797286 398 547 420 569
apple 0.87124884 85 664 102 679
apple 0.82256114 492 772 506 797
apple 0.7930159 636 805 651 820
apple 0.7698491 676 857 692 884
apple 0.6493169 623 801 651 820
apple 0.597949 592 790 604 804
apple 0.5319801 638 853 652 867
apple 0.46021488 355 933 383 949
apple 0.44403565 444 496 461 510
apple 0.3292444 381 590 408 612
apple 0.28838372 457 856 468 882
apple 0.20398648 478 1141 513 1172
apple 0.18675065 333 973 346 982
apple 0.14640069 82 667 99 685
apple 0.11274877 648 838 669 853
apple 0.09677084 85 603 97 628
