apple 0.9997092 394 405 430 442
apple 0.9995277 528 748 565 784
apple 0.99951327 156 129 185 161
apple 0.9994785 430 275 458 305
apple 0.9994624 313 246 350 286
apple 0.99940646 608 742 648 781
apple 0.9992507 61 291 97 324
apple 0.9990884 458 279 482 307
apple 0.9990594 323 319 364 359
apple 0.9988336 487 667 524 700
apple 0.9988225 634 168 667 202
apple 0.9988036 682 615 715 646
apple 0.9985329 223 476 256 517
apple 0.9985115 22 840 72 884
apple 0.99834263 40 680 87 721
apple 0.998302 301 152 331 186
apple 0.9978836 101 71 125 96
apple 0.99784493 475 728 503 762
apple 0.99778444 675 706 717 744
apple 0.99777514 553 534 577 556
apple 0.99761117 451 312 478 335
apple 0.99741805 555 192 586 219
apple 0.9969574 689 246 716 269
apple 0.9965977 139 683 170 712
apple 0.9965739 549 292 576 317
apple 0.9964855 499 819 524 842
apple 0.9964133 400 785 422 807
apple 0.9963581 497 387 523 412
apple 0.99609995 479 763 505 790
apple 0.99604416 638 216 670 250
apple 0.9953419 472 660 493 685
apple 0.9950087 72 261 109 292
apple 0.9949427 197 692 234 727
apple 0.99490815 104 183 128 207
apple 0.9946121 193 65 227 101
apple 0.9944132 203 112 237 148
apple 0.99398005 453 477 477 501
apple 0.9939381 144 278 168 301
apple 0.993749 233 438 267 469
apple 0.9937038 293 496 323 525
apple 0.99363047 1 265 17 298
apple 0.99336904 575 523 596 546
apple 0.993269 107 485 150 521
apple 0.99321586 169 246 195 272
apple 0.99261063 1 114 26 141
apple 0.9915746 75 514 120 550
apple 0.9913839 673 292 697 317
apple 0.9905358 136 206 157 227
apple 0.9903977 246 251 275 280
apple 0.9900233 300 781 322 803
apple 0.9883809 653 244 680 273
apple 0.9878449 244 70 265 94
apple 0.98710465 113 147 140 173
apple 0.9863679 469 533 490 555
apple 0.9849215 525 502 542 520
apple 0.9844304 700 220 718 251
apple 0.98240995 606 285 631 308
apple 0.98147374 645 759 670 784
apple 0.9812123 46 139 70 163
apple 0.9800813 294 93 315 119
apple 0.97977316 474 299 497 321
apple 0.9769106 189 112 206 143
apple 0.9753042 701 273 719 296
apple 0.9749074 474 228 492 250
apple 0.9745616 199 211 221 235
apple 0.9737858 412 322 434 344
apple 0.973609 95 234 120 258
apple 0.97130156 28 160 50 182
apple 0.9700603 285 388 318 415
apple 0.9693545 11 82 31 104
apple 0.9690745 640 502 659 522
apple 0.9688094 394 287 416 312
apple 0.9687631 170 102 193 133
apple 0.9681358 180 75 197 101
apple 0.9587478 281 112 309 145
apple 0.9562764 622 820 645 843
apple 0.95519507 59 334 84 359
apple 0.9540173 458 876 474 897
apple 0.9535488 215 205 234 227
apple 0.95313317 390 706 415 732
apple 0.9493537 421 430 446 452
apple 0.9475734 686 766 716 790
apple 0.93910986 197 152 221 180
apple 0.93675905 591 558 606 579
apple 0.93641543 260 92 272 112
apple 0.9358912 158 213 181 227
apple 0.9307144 688 823 705 842
apple 0.92200744 297 129 318 155
apple 0.918988 117 588 140 614
apple 0.91307986 142 110 164 131
apple 0.9068369 538 516 554 533
apple 0.9055726 128 257 141 275
apple 0.8978128 681 683 698 697
apple 0.87504256 30 337 53 359
apple 0.8274254 386 783 401 801
apple 0.8253368 8 113 35 140
apple 0.7849709 1 136 14 158
apple 0.7070256 688 487 710 503
apple 0.67696023 662 266 687 283
apple 0.6289322 490 462 508 479
