apple 0.99940634 350 432 387 464
apple 0.99931264 328 228 365 267
apple 0.9992113 480 366 513 392
apple 0.99910396 378 573 411 601
apple 0.99907446 352 207 382 242
apple 0.99901545 255 678 291 713
apple 0.99890244 464 497 493 525
apple 0.9988426 210 588 246 622
apple 0.9987244 296 99 316 136
apple 0.9986777 264 315 294 347
apple 0.99854434 365 864 397 897
apple 0.99809057 428 1014 457 1053
apple 0.9980124 438 329 465 356
apple 0.9979923 243 595 278 633
apple 0.9977247 342 135 376 169
apple 0.99749184 370 770 403 802
apple 0.9973916 386 920 413 956
apple 0.997221 289 193 319 225
apple 0.9969861 375 186 400 217
apple 0.9954314 387 246 416 273
apple 0.9953667 502 517 528 545
apple 0.9949868 273 520 306 551
apple 0.9945697 394 594 421 625
apple 0.9936325 323 77 354 112
apple 0.99350184 369 279 400 311
apple 0.99301445 440 517 473 549
apple 0.99289703 673 958 709 990
apple 0.9917134 352 30 383 62
apple 0.9911445 495 385 519 413
apple 0.99089175 397 646 420 673
apple 0.98824626 14 583 37 603
apple 0.9876874 296 265 317 291
apple 0.98542595 375 48 400 85
apple 0.9816985 224 725 251 752
apple 0.98059744 328 178 350 203
apple 0.98048925 379 677 406 703
apple 0.97638285 224 552 262 577
apple 0.9750054 470 525 497 556
apple 0.974183 428 631 449 654
apple 0.97375387 409 761 430 783
apple 0.9680977 380 384 404 405
apple 0.9662075 271 703 303 731
apple 0.96065825 383 363 416 387
apple 0.952936 387 752 412 778
apple 0.94994336 357 382 380 412
apple 0.9466692 449 851 463 867
apple 0.9443898 314 924 337 949
apple 0.9396772 380 417 398 434
apple 0.93620294 462 1014 490 1047
apple 0.9317362 35 603 60 627
apple 0.9317225 258 333 277 354
apple 0.92431074 11 601 36 626
apple 0.92343295 306 133 316 161
apple 0.91485864 350 66 383 97
apple 0.9144094 306 132 338 162
apple 0.90653086 185 687 207 708
apple 0.8780424 431 871 446 887
apple 0.86261827 361 779 379 802
apple 0.76479495 396 899 420 923
apple 0.5030803 255 626 280 641
apple 0.4930359 350 36 393 97
apple 0.2818585 293 672 309 686
apple 0.2113516 381 372 410 400
apple 0.201937 331 419 345 433
apple 0.120734334 318 132 372 171
apple 0.101694055 374 527 384 536
apple 0.09037276 480 369 517 411
apple 0.086360544 299 657 338 690
apple 0.07796223 363 381 384 403
apple 0.07140222 386 751 428 782
apple 0.05087577 310 918 346 955
