apple 0.999762 611 710 658 755
apple 0.9996896 378 733 412 767
apple 0.9996306 561 803 600 845
apple 0.9995478 257 394 296 431
apple 0.9995314 172 238 209 276
apple 0.9994673 577 618 611 648
apple 0.99932396 531 607 563 638
apple 0.9992793 186 146 216 179
apple 0.99915946 446 728 486 765
apple 0.99913955 590 882 629 918
apple 0.9991033 52 456 88 495
apple 0.99887925 184 311 222 347
apple 0.9987274 509 170 542 203
apple 0.9985827 323 272 349 300
apple 0.99853194 326 712 354 744
apple 0.9984078 572 769 606 802
apple 0.99834025 590 224 618 253
apple 0.9982332 441 192 471 220
apple 0.9979966 351 276 374 303
apple 0.99795413 582 248 609 271
apple 0.99781716 344 308 370 332
apple 0.9975606 480 531 503 554
apple 0.99725133 67 104 103 138
apple 0.997004 14 171 39 196
apple 0.99663 702 579 718 615
apple 0.9960748 388 383 413 407
apple 0.9959623 334 746 360 772
apple 0.9954501 151 477 181 508
apple 0.9954353 434 290 460 316
apple 0.9951997 612 237 634 264
apple 0.9950434 19 63 43 87
apple 0.99471444 63 59 99 92
apple 0.9941916 39 119 69 146
apple 0.9941321 356 471 378 494
apple 0.9933348 546 245 572 273
apple 0.9931003 39 665 77 700
apple 0.99290717 511 693 545 730
apple 0.9923868 676 438 697 457
apple 0.9919967 118 65 139 88
apple 0.9915487 662 683 690 712
apple 0.9913173 72 234 98 258
apple 0.9910575 638 260 662 285
apple 0.99101865 202 765 223 785
apple 0.99094754 597 273 625 297
apple 0.99056226 645 385 668 406
apple 0.99039674 141 374 176 405
apple 0.9903356 174 86 200 115
apple 0.99025095 690 196 715 225
apple 0.9891978 653 225 681 252
apple 0.9890695 391 807 416 831
apple 0.98866594 567 293 593 319
apple 0.9884566 46 196 66 216
apple 0.98730975 457 533 479 557
apple 0.9872578 376 526 396 548
apple 0.98693293 343 652 377 686
apple 0.9860911 639 615 658 634
apple 0.9852187 299 773 321 792
apple 0.9849288 176 120 202 150
apple 0.9848476 70 419 105 457
apple 0.9842832 371 295 393 317
apple 0.9837757 3 221 25 244
apple 0.98116404 304 316 327 338
apple 0.9807014 290 282 313 308
apple 0.98069257 501 522 519 543
apple 0.9791485 1 657 12 683
apple 0.97902346 157 104 184 139
apple 0.9763116 662 397 681 419
apple 0.9758749 128 491 157 525
apple 0.9756334 265 269 289 292
apple 0.9749528 510 287 536 308
apple 0.972843 350 861 368 883
apple 0.9723146 451 500 468 517
apple 0.96921206 528 218 547 249
apple 0.96759564 453 308 475 333
apple 0.96618617 299 451 324 476
apple 0.96602225 54 266 77 290
apple 0.9591398 564 265 586 282
apple 0.94993025 370 226 386 248
apple 0.9498051 463 514 481 529
apple 0.94859225 465 229 489 256
apple 0.94612426 287 417 314 442
apple 0.94231164 305 337 328 359
apple 0.94176936 707 617 718 645
apple 0.93435913 517 813 539 835
apple 0.93345106 630 528 648 546
apple 0.9317223 35 244 50 263
apple 0.9279412 135 155 154 182
apple 0.92498976 134 84 152 106
apple 0.9203169 352 763 378 790
apple 0.9113608 103 421 125 449
apple 0.9098391 332 645 351 676
apple 0.9082147 517 492 536 509
apple 0.895383 387 450 401 469
apple 0.88364255 712 349 719 373
apple 0.87771034 508 749 529 773
apple 0.873139 694 227 710 247
apple 0.8726848 409 457 428 475
apple 0.87142164 504 554 526 578
apple 0.8496361 68 202 92 214
apple 0.84177047 674 521 693 539
