apple 0.99961734 416 374 456 412
apple 0.99958783 359 38 393 72
apple 0.99958616 250 4 281 36
apple 0.99951684 99 760 144 803
apple 0.9994246 305 797 345 840
apple 0.999403 453 201 491 241
apple 0.99932754 550 235 591 274
apple 0.99926406 331 24 362 57
apple 0.9991923 151 796 187 832
apple 0.99919087 401 341 439 381
apple 0.9991154 625 50 663 88
apple 0.9990214 127 83 171 128
apple 0.9989503 643 703 689 754
apple 0.9987866 112 896 151 939
apple 0.99872464 26 51 63 94
apple 0.9984149 35 294 74 333
apple 0.9983333 184 822 224 855
apple 0.9982638 236 23 262 48
apple 0.99826044 60 887 100 931
apple 0.9982494 343 58 372 86
apple 0.99797875 66 240 108 279
apple 0.99786264 464 0 492 25
apple 0.9977623 583 541 642 598
apple 0.99774975 648 23 681 55
apple 0.99749434 477 121 502 148
apple 0.9974585 135 146 178 193
apple 0.99725753 487 289 520 323
apple 0.99719244 146 827 179 853
apple 0.99718934 28 0 57 23
apple 0.9971771 414 704 444 735
apple 0.99674356 603 148 634 181
apple 0.9965963 169 847 201 882
apple 0.996563 243 167 271 193
apple 0.9964122 97 701 132 741
apple 0.99624145 508 40 532 67
apple 0.9950177 636 140 666 169
apple 0.99456525 134 307 174 341
apple 0.9936429 1 824 16 855
apple 0.9931791 562 191 601 239
apple 0.9928837 532 634 579 669
apple 0.9926507 480 81 512 113
apple 0.9916965 20 145 56 180
apple 0.9914561 324 189 347 213
apple 0.9909802 656 0 692 22
apple 0.99052656 107 136 143 173
apple 0.9888686 512 670 538 703
apple 0.98782957 451 405 484 438
apple 0.9873444 356 170 383 198
apple 0.9869485 702 23 718 58
apple 0.9839559 309 857 338 887
apple 0.9833497 683 196 717 229
apple 0.98305833 303 159 328 182
apple 0.9826863 700 0 719 22
apple 0.98201895 308 186 328 206
apple 0.9815669 122 398 144 419
apple 0.97932976 328 76 355 99
apple 0.978083 355 144 381 170
apple 0.9770139 666 88 704 126
apple 0.9730497 369 371 397 404
apple 0.97150975 204 75 232 99
apple 0.9672103 354 406 379 431
apple 0.96651655 279 17 295 43
apple 0.9598802 105 381 130 399
apple 0.959761 538 33 561 55
apple 0.9573372 339 294 365 321
apple 0.95645756 345 1 371 16
apple 0.9542429 192 325 218 352
apple 0.95334494 640 903 713 960
apple 0.9401891 684 237 715 261
apple 0.9395311 367 94 392 119
apple 0.93891066 671 285 698 312
apple 0.9317823 694 504 718 560
apple 0.9208687 448 291 485 332
apple 0.91974056 587 716 620 750
apple 0.91775817 200 145 222 168
apple 0.91501665 560 305 584 328
apple 0.90551937 202 215 227 238
apple 0.90444434 526 457 542 478
apple 0.9001775 478 580 496 608
apple 0.8936024 219 1 247 16
apple 0.88857895 393 72 418 99
apple 0.883555 371 5 391 31
apple 0.87599236 702 709 713 736
apple 0.8635617 288 67 312 90
apple 0.84268904 533 63 550 86
apple 0.8261445 92 790 108 813
apple 0.8099693 213 628 228 646
apple 0.7925243 434 284 451 302
apple 0.7813938 206 851 232 867
apple 0.71209025 343 243 372 258
apple 0.7086557 405 48 421 64
apple 0.69598264 442 253 457 276
apple 0.6737423 88 403 109 422
apple 0.6318632 202 685 227 696
apple 0.59364396 1 734 15 751
apple 0.5863165 58 829 71 849
apple 0.5600217 301 253 319 272
apple 0.5223247 332 216 351 233
apple 0.517693 72 866 89 884
apple 0.39420816 232 707 259 721
