apple 0.9993697 132 251 171 290
apple 0.99857914 308 491 341 527
apple 0.99795926 516 984 559 1025
apple 0.99772173 372 576 401 607
apple 0.9970726 317 544 349 581
apple 0.9911015 367 530 397 558
apple 0.9898088 195 424 211 451
apple 0.9785568 341 566 360 591
apple 0.9718884 481 909 523 937
apple 0.95793194 400 582 429 600
apple 0.9307645 389 568 408 582
apple 0.9226114 407 622 437 652
apple 0.9181601 283 510 300 525
apple 0.90061295 277 471 294 509
apple 0.86524165 529 870 560 902
apple 0.8633856 361 601 379 619
apple 0.82128096 226 425 235 443
apple 0.7559403 306 634 314 645
apple 0.49039263 314 557 341 581
apple 0.45919034 191 291 203 302
apple 0.38633308 189 273 208 302
apple 0.3660101 223 291 242 312
apple 0.35644695 134 245 157 257
apple 0.32539406 403 749 427 768
apple 0.3198431 190 284 205 302
apple 0.28468066 523 861 549 897
apple 0.23336108 400 549 425 566
apple 0.22753076 278 487 294 507
apple 0.20842455 299 423 311 435
apple 0.188352 199 392 208 409
apple 0.17786494 315 416 327 431
apple 0.15459794 193 394 205 410
apple 0.11654516 499 907 526 924
apple 0.11318092 193 272 207 291
apple 0.08484934 224 300 232 311
apple 0.07181788 231 290 240 303
