apple 0.839355 444 546 484 594
apple 0.826172 482 672 523 712
apple 0.813477 610 220 656 270
apple 0.803711 314 570 356 612
apple 0.776855 399 648 435 684
apple 0.757324 673 709 712 747
apple 0.756836 107 639 147 680
apple 0.756836 684 660 720 696
apple 0.754395 157 552 193 586
apple 0.704102 143 669 177 700
apple 0.695801 547 389 578 425
apple 0.687012 538 668 578 700
apple 0.679688 542 556 568 588
apple 0.657227 370 189 399 220
apple 0.642090 668 582 694 608
apple 0.639160 404 509 450 549
apple 0.625000 441 291 479 334
apple 0.618652 522 300 560 334
apple 0.616211 348 219 373 245
apple 0.585938 220 442 248 471
apple 0.585938 606 81 632 112
apple 0.570312 451 206 486 252
apple 0.569336 485 192 526 237
apple 0.562500 686 411 714 442
apple 0.537109 254 151 280 178
apple 0.505371 213 682 238 708
apple 0.499756 461 50 486 72
apple 0.499268 662 693 692 727
apple 0.489502 71 734 95 756
apple 0.487305 462 27 486 52
apple 0.484375 110 522 133 550
apple 0.480469 584 710 618 744
apple 0.480225 6 668 30 693
apple 0.472168 277 156 298 183
apple 0.466064 306 168 328 191
