apple 0.847656 538 173 580 214
apple 0.842773 3 1064 41 1108
apple 0.840332 316 1073 361 1125
apple 0.836914 620 421 662 460
apple 0.826660 378 688 423 726
apple 0.822754 456 676 496 722
apple 0.819824 43 914 86 962
apple 0.807617 35 1135 75 1175
apple 0.805664 518 262 560 302
apple 0.791504 410 389 456 428
apple 0.790039 578 223 612 258
apple 0.774414 256 513 296 552
apple 0.774414 584 894 648 942
apple 0.747070 554 780 588 811
apple 0.743164 403 68 442 111
apple 0.742188 566 449 626 497
apple 0.738281 225 646 253 682
apple 0.726074 114 1006 134 1026
apple 0.720703 252 652 286 688
apple 0.712891 495 354 530 393
apple 0.712402 368 586 394 608
apple 0.694336 551 381 593 420
apple 0.689453 67 1054 92 1090
apple 0.689453 332 480 371 524
apple 0.687012 410 504 444 544
apple 0.655273 404 604 438 633
apple 0.626953 628 632 710 680
apple 0.613770 557 496 596 536
apple 0.600586 82 596 119 642
apple 0.581543 433 445 475 490
apple 0.575684 8 874 30 912
apple 0.566895 411 336 446 376
apple 0.549805 6 0 50 20
apple 0.532227 25 368 66 401
apple 0.515625 274 284 298 309
