apple 0.825195 487 369 518 405
apple 0.812500 429 313 463 344
apple 0.756836 165 942 204 986
apple 0.749512 412 682 449 722
apple 0.739258 246 862 277 896
apple 0.731934 451 552 484 590
apple 0.698242 263 1241 302 1279
apple 0.687012 141 916 175 951
apple 0.679688 312 369 350 408
apple 0.645508 182 741 240 784
apple 0.639160 210 954 260 994
apple 0.629883 393 553 426 581
apple 0.622559 181 544 208 574
apple 0.621582 694 991 720 1028
apple 0.612305 334 1227 375 1271
apple 0.591797 450 691 486 729
apple 0.590820 312 341 342 370
apple 0.581055 430 446 458 474
apple 0.574219 530 438 544 452
apple 0.556641 331 314 368 350
apple 0.511230 551 528 566 542
apple 0.508301 482 738 506 762
apple 0.505859 114 514 129 532
apple 0.500977 278 584 344 650
apple 0.493652 360 181 395 218
apple 0.490967 480 526 506 558
apple 0.489990 282 615 318 648
apple 0.464355 464 1044 498 1084
apple 0.458496 410 282 425 303
apple 0.412598 27 1071 60 1105
apple 0.406006 304 584 345 620
apple 0.400391 446 622 508 664
apple 0.380859 209 750 240 782
apple 0.380859 183 742 210 776
apple 0.375000 528 1112 560 1142
