apple 0.866211 604 331 640 368
apple 0.810547 572 558 613 598
apple 0.793945 562 496 590 533
apple 0.766113 110 432 147 465
apple 0.755371 158 445 189 475
apple 0.750977 460 302 494 338
apple 0.693359 515 288 546 311
apple 0.673340 64 602 92 636
apple 0.643066 547 143 570 182
apple 0.611328 440 312 462 346
apple 0.565918 554 202 582 228
apple 0.565430 121 254 166 290
apple 0.516602 174 654 209 689
apple 0.506836 593 119 615 165
apple 0.498535 93 644 118 668
apple 0.440430 129 518 162 552
apple 0.429932 36 387 54 402
apple 0.405029 586 182 612 210
apple 0.349854 470 493 490 511
apple 0.347656 676 344 694 364
apple 0.322510 694 495 717 526
apple 0.316650 194 249 215 270
apple 0.279785 417 510 430 526
apple 0.270264 27 370 39 382
