apple 0.856934 462 281 496 319
apple 0.848633 445 787 489 831
apple 0.812500 223 500 263 556
apple 0.807617 296 318 332 352
apple 0.804688 354 496 394 538
apple 0.804688 298 114 333 163
apple 0.801270 273 432 310 470
apple 0.796387 342 174 388 223
apple 0.787109 445 600 473 634
apple 0.771973 313 692 347 720
apple 0.770508 179 656 258 706
apple 0.762695 362 924 404 962
apple 0.759766 534 920 574 954
apple 0.756348 350 358 386 394
apple 0.742188 332 772 374 812
apple 0.741211 531 1173 571 1211
apple 0.723145 274 520 318 559
apple 0.717285 678 913 708 947
apple 0.716309 159 420 190 458
apple 0.701660 279 182 314 222
apple 0.690918 696 454 720 514
apple 0.678711 182 469 209 491
apple 0.677734 115 571 154 615
apple 0.647461 13 594 43 624
apple 0.645508 598 518 628 550
apple 0.636719 636 511 662 534
apple 0.624023 164 907 205 947
apple 0.601074 384 337 420 377
apple 0.590332 560 552 588 582
apple 0.586426 484 855 504 882
apple 0.582031 283 564 321 598
apple 0.538086 87 1008 114 1035
apple 0.532715 390 642 434 682
apple 0.514160 129 1087 163 1123
apple 0.512695 435 673 474 710
