apple 0.871582 54 598 105 646
apple 0.851074 508 211 550 257
apple 0.848633 567 85 606 138
apple 0.848145 29 939 73 977
apple 0.847168 679 372 720 416
apple 0.835938 127 830 158 865
apple 0.825195 608 405 648 441
apple 0.824707 580 165 623 211
apple 0.815918 624 244 664 288
apple 0.802734 501 288 540 324
apple 0.798828 276 927 340 986
apple 0.791504 368 386 412 428
apple 0.783691 632 430 680 477
apple 0.783203 0 972 20 1014
apple 0.779785 584 556 626 596
apple 0.760254 417 603 452 640
apple 0.746582 613 345 654 374
apple 0.729980 508 160 528 191
apple 0.721191 454 921 489 953
apple 0.718262 496 724 542 762
apple 0.704590 606 1032 641 1076
apple 0.693359 538 614 583 654
apple 0.672363 66 970 108 1008
apple 0.667480 666 548 694 576
apple 0.666992 203 940 234 973
apple 0.660645 81 892 135 954
apple 0.646484 16 834 34 857
apple 0.645020 396 820 425 846
apple 0.617188 320 420 358 449
apple 0.597168 350 978 380 1008
apple 0.591797 272 1208 314 1250
apple 0.590820 562 389 588 409
apple 0.588379 622 582 668 618
apple 0.564453 147 612 165 626
apple 0.563965 0 334 35 367
