apple 0.787598 526 497 560 535
apple 0.765137 474 451 508 483
apple 0.741699 374 163 406 202
apple 0.740234 450 874 508 912
apple 0.692383 298 278 326 305
apple 0.684082 236 319 276 356
apple 0.680176 447 292 470 321
apple 0.674805 379 84 406 128
apple 0.659668 357 232 389 263
apple 0.654785 330 794 354 818
apple 0.653320 298 592 346 630
apple 0.634766 359 146 382 179
apple 0.634277 427 203 459 249
apple 0.630859 288 465 322 494
apple 0.607910 350 532 374 562
apple 0.595703 245 468 268 498
apple 0.578125 698 576 716 590
apple 0.567383 392 472 406 501
apple 0.549805 438 152 477 188
apple 0.532715 464 648 504 682
apple 0.525879 463 303 488 328
apple 0.517578 380 266 401 293
apple 0.500977 477 478 507 508
apple 0.491211 479 796 496 812
apple 0.476562 206 598 222 614
apple 0.451904 496 497 520 530
apple 0.429443 187 430 204 447
apple 0.428467 390 809 412 831
apple 0.387207 185 549 198 562
apple 0.379639 401 201 425 234
apple 0.373047 512 488 540 520
apple 0.348145 94 878 126 916
apple 0.338623 461 809 476 834
apple 0.332764 360 342 377 362
apple 0.329102 373 398 384 413
