apple 0.735840 526 600 558 634
apple 0.712402 112 650 147 684
apple 0.606445 286 422 318 450
apple 0.597168 53 550 92 586
apple 0.565430 494 746 518 772
apple 0.556641 535 626 569 652
apple 0.523438 219 294 256 332
apple 0.519043 356 442 385 476
apple 0.472656 44 635 74 663
apple 0.467529 577 325 608 358
apple 0.451904 175 647 206 674
apple 0.446777 611 670 635 692
apple 0.444092 608 303 634 330
apple 0.427490 83 284 114 317
apple 0.420166 179 562 201 586
apple 0.407959 347 354 380 386
apple 0.403076 336 765 361 792
apple 0.350098 295 891 317 917
apple 0.348145 264 664 292 690
apple 0.348145 695 743 720 768
apple 0.312988 555 343 578 366
apple 0.310547 668 816 692 838
apple 0.287354 58 378 82 405
apple 0.283936 27 238 48 256
apple 0.276123 187 141 208 160
apple 0.261719 592 662 615 686
