apple 0.854492 77 147 128 207
apple 0.851562 16 268 72 323
apple 0.851074 172 136 231 198
apple 0.849121 201 69 264 145
apple 0.782715 650 330 692 372
apple 0.782227 219 566 260 602
apple 0.781738 57 391 98 437
apple 0.739746 402 412 448 456
apple 0.733398 210 350 243 386
apple 0.705566 586 386 625 426
apple 0.660645 355 354 395 399
apple 0.654785 540 334 578 375
apple 0.653809 37 36 65 64
apple 0.608887 656 480 684 509
apple 0.604004 281 321 313 354
apple 0.595215 504 366 544 410
apple 0.589844 679 1023 710 1059
apple 0.581543 262 588 298 622
apple 0.579102 239 404 271 436
apple 0.576172 688 528 720 556
apple 0.575195 306 477 338 511
apple 0.543945 662 1056 700 1096
apple 0.541016 405 362 445 405
apple 0.533691 296 1092 317 1112
apple 0.503418 478 413 516 453
apple 0.492188 443 476 474 510
apple 0.478516 146 0 177 16
apple 0.476074 440 383 474 424
apple 0.472656 667 634 698 662
apple 0.464355 494 487 528 520
apple 0.450684 162 396 194 428
apple 0.450439 172 192 225 236
apple 0.419434 474 284 512 319
apple 0.414795 695 1003 720 1037
apple 0.395996 83 550 122 580
