apple 0.833496 55 554 90 589
apple 0.812012 35 208 69 246
apple 0.806152 562 1 612 53
apple 0.804688 319 552 354 588
apple 0.802246 0 204 35 242
apple 0.799805 25 134 53 162
apple 0.787109 359 464 397 502
apple 0.784668 606 660 634 683
apple 0.757812 52 271 85 306
apple 0.755859 34 568 63 604
apple 0.725586 50 430 82 461
apple 0.718750 156 591 177 614
apple 0.716797 13 184 44 220
apple 0.667480 158 1009 184 1037
apple 0.658691 24 852 64 892
apple 0.657715 0 650 23 682
apple 0.643066 250 1135 289 1173
apple 0.625977 352 550 386 578
apple 0.585938 309 289 321 301
apple 0.564453 620 752 686 798
apple 0.562500 622 1046 654 1074
apple 0.557129 422 244 462 302
apple 0.555664 0 335 8 364
apple 0.550293 550 686 568 706
apple 0.541016 428 276 460 302
apple 0.537109 22 278 52 316
apple 0.529297 107 667 141 699
apple 0.478516 300 308 312 326
apple 0.459961 1 153 24 177
apple 0.449219 17 246 40 278
apple 0.449219 323 1108 352 1138
apple 0.437500 122 572 144 601
apple 0.415771 34 942 50 961
apple 0.406006 528 1059 556 1089
apple 0.389404 458 97 474 122
