apple 0.861328 481 365 520 414
apple 0.842773 258 314 296 356
apple 0.842285 327 229 366 272
apple 0.819336 352 431 389 467
apple 0.816406 440 329 465 358
apple 0.807617 377 570 411 604
apple 0.806641 288 193 320 228
apple 0.797363 388 244 419 274
apple 0.796875 352 207 384 243
apple 0.790527 361 772 404 804
apple 0.787109 339 134 381 170
apple 0.783691 365 866 398 902
apple 0.763672 378 187 401 218
apple 0.752930 387 920 413 960
apple 0.734863 502 516 530 546
apple 0.691406 397 646 421 674
apple 0.656738 208 590 280 636
apple 0.656250 297 99 316 136
apple 0.642578 381 368 414 409
apple 0.629395 410 761 431 785
apple 0.622559 398 593 423 624
apple 0.611816 162 436 188 462
apple 0.608398 275 517 309 552
apple 0.598633 254 676 307 736
apple 0.592773 432 1015 458 1059
apple 0.580566 375 49 400 87
apple 0.542480 380 676 408 708
apple 0.513672 222 725 252 754
apple 0.512695 441 496 512 558
apple 0.493164 14 582 37 603
apple 0.479248 465 496 493 527
apple 0.475342 330 182 351 204
apple 0.459961 430 631 449 657
apple 0.454346 314 925 338 953
apple 0.430908 31 602 64 634
