orange 0.872070 1240 2417 1363 2532
apple 0.861328 3280 1433 3392 1552
orange 0.853027 1322 2524 1431 2629
apple 0.841797 2513 950 2615 1057
apple 0.793945 2445 773 2550 880
apple 0.787598 3572 1104 3681 1206
apple 0.747559 1094 3301 1182 3386
apple 0.729004 2843 1935 2928 2017
orange 0.712402 948 1866 1049 1957
orange 0.711914 1326 1445 1420 1531
apple 0.698242 3399 1135 3494 1215
apple 0.679688 2555 685 2633 774
apple 0.670898 2099 1326 2171 1415
apple 0.645508 4025 2646 4120 2738
apple 0.640137 1260 1808 1345 1893
apple 0.634766 3055 2327 3161 2418
apple 0.633301 2467 2418 2545 2507
apple 0.601562 2832 2075 2911 2156
apple 0.580566 3634 1040 3729 1125
apple 0.576172 3059 1939 3161 2034
apple 0.575195 3094 1484 3210 1574
apple 0.573730 2465 2323 2553 2412
apple 0.564941 2249 3400 2334 3441
apple 0.564453 2159 3029 2247 3111
apple 0.557129 3016 633 3060 676
orange 0.554199 1751 1775 1849 1864
orange 0.544434 1653 1833 1754 1929
orange 0.496338 1360 1209 1437 1296
apple 0.492188 2050 2068 2135 2156
apple 0.465576 1325 1445 1420 1533
orange 0.454590 889 1792 996 1884
orange 0.447998 1738 2082 1834 2170
apple 0.413330 1653 1833 1752 1929
apple 0.397461 1751 1777 1849 1866
apple 0.395508 2729 934 2807 1021
apple 0.391602 1358 1208 1438 1295
apple 0.370605 2690 726 2775 807
apple 0.345703 2474 679 2555 754
orange 0.342529 1388 2107 1514 2223
apple 0.322266 2081 1867 2169 1952
apple 0.312988 1733 1988 1822 2070
apple 0.271729 3532 119 3606 179
apple 0.270264 1927 1898 2019 1983
