apple 66 456 96 487
apple 370 510 399 549
apple 88 304 122 334
apple 36 903 61 933
apple 173 329 207 360
apple 316 135 352 173
apple 521 429 561 468
apple 668 304 698 333
apple 408 825 428 845
apple 259 281 286 306
apple 637 700 674 731
apple 510 828 537 848
apple 177 105 205 128
apple 449 340 490 383
apple 536 294 563 325
apple 673 204 703 231
apple 40 427 75 463
apple 619 528 634 542
apple 408 174 433 205
apple 626 762 659 800
apple 685 782 719 824
apple 77 156 103 183
apple 258 161 284 190
apple 340 736 377 771
apple 137 377 166 404
apple 189 221 209 238
apple 306 230 329 256
apple 559 506 584 525
apple 1 271 17 290
apple 286 731 306 758
apple 180 904 214 952
apple 671 548 690 569
apple 314 542 347 575
apple 579 918 599 942
apple 427 529 451 558
