apple 56 554 99 592
apple 236 293 275 329
apple 681 758 718 795
apple 217 409 253 441
apple 162 472 197 513
apple 293 471 335 507
apple 404 260 438 296
apple 238 89 270 130
apple 253 663 288 693
apple 100 398 128 429
apple 113 880 148 917
apple 274 743 312 783
apple 123 633 160 666
apple 221 499 263 532
apple 283 163 328 198
apple 390 576 417 608
apple 388 758 430 798
apple 289 331 327 369
apple 170 640 207 673
apple 637 430 678 461
apple 117 571 151 603
apple 217 159 256 186
apple 641 1014 672 1048
apple 478 887 512 923
apple 565 519 588 550
apple 508 532 530 556
apple 696 602 719 647
apple 696 602 719 647
apple 302 695 341 721
apple 332 317 362 350
apple 229 538 264 570
apple 304 891 346 932
apple 576 488 600 508
apple 576 488 600 508
apple 576 488 600 508
