apple 257 671 291 699
apple 239 612 280 649
apple 700 824 719 857
apple 635 795 667 826
apple 516 1046 544 1079
apple 266 790 288 828
apple 186 593 209 630
apple 186 593 209 630
apple 711 753 719 777
apple 122 864 152 895
apple 122 864 152 895
apple 122 864 152 895
apple 229 851 262 876
apple 204 793 233 817
apple 267 630 294 654
apple 267 630 294 654
apple 267 630 294 654
apple 267 630 294 654
apple 91 773 103 795
apple 91 773 103 795
apple 91 773 103 795
apple 298 934 328 964
apple 352 1021 370 1046
apple 220 595 251 623
apple 163 789 186 813
apple 163 789 186 813
apple 329 804 356 830
apple 329 804 356 830
apple 329 804 356 830
apple 329 804 356 830
apple 329 804 356 830
apple 699 794 717 811
apple 699 794 717 811
apple 699 794 717 811
apple 699 794 717 811
