apple 547 691 592 732
apple 520 854 561 894
apple 328 711 365 746
apple 24 89 56 127
apple 123 219 159 262
apple 663 323 698 360
apple 464 151 497 184
apple 391 704 431 743
apple 0 638 26 676
apple 482 588 516 622
apple 50 219 76 242
apple 1 435 27 474
apple 484 781 529 822
apple 632 556 680 596
apple 403 172 433 202
apple 81 474 111 508
apple 531 597 562 630
apple 670 610 715 645
apple 188 743 210 764
apple 133 290 170 328
apple 555 204 585 238
apple 355 361 384 389
apple 292 631 329 668
apple 332 451 358 474
apple 7 398 48 439
apple 112 83 145 125
apple 76 577 106 601
apple 105 456 137 488
apple 294 253 319 282
apple 275 688 311 722
apple 145 127 180 165
apple 427 289 451 313
apple 496 746 534 781
apple 657 645 686 668
apple 313 288 341 319
