apple 251 414 290 457
apple 325 468 359 504
apple 369 735 407 772
apple 109 177 145 208
apple 57 485 105 526
apple 340 632 378 676
apple 271 213 313 256
apple 354 349 389 389
apple 354 349 389 389
apple 96 442 137 472
apple 219 177 240 200
apple 259 672 296 710
apple 593 578 633 608
apple 593 578 633 608
apple 234 218 270 254
apple 636 382 656 411
apple 215 319 249 357
apple 215 319 249 357
apple 215 319 249 357
apple 291 581 317 610
apple 250 317 280 360
apple 135 433 167 466
apple 146 176 178 210
apple 128 513 161 548
apple 128 513 161 548
apple 289 622 310 650
apple 183 300 203 336
apple 183 300 203 336
apple 135 406 163 433
apple 135 406 163 433
apple 222 595 250 621
apple 146 499 174 525
apple 285 472 319 511
apple 175 388 201 413
apple 100 541 132 571
