apple 524 943 560 996
apple 525 218 564 261
apple 486 359 526 411
apple 478 765 521 809
apple 399 213 439 256
apple 148 610 176 637
apple 499 547 532 583
apple 499 547 532 583
apple 395 371 425 406
apple 110 376 127 406
apple 76 354 113 390
apple 281 883 309 913
apple 368 309 405 344
apple 376 491 421 525
apple 370 522 403 559
apple 377 877 402 907
apple 429 992 460 1024
apple 429 992 460 1024
apple 429 992 460 1024
apple 157 648 181 669
apple 164 748 188 767
apple 132 997 169 1037
apple 313 741 341 774
apple 520 622 552 649
apple 520 622 552 649
apple 243 818 253 834
apple 243 818 253 834
apple 601 637 639 665
apple 601 637 639 665
apple 601 637 639 665
apple 601 637 639 665
apple 386 1031 418 1056
apple 555 1017 585 1043
apple 555 1017 585 1043
apple 86 936 129 975
