apple 524 498 559 530
apple 474 451 504 482
apple 374 164 405 201
apple 450 879 482 911
apple 299 278 326 305
apple 235 319 268 355
apple 448 292 471 314
apple 379 86 405 118
apple 362 231 389 259
apple 329 795 353 817
apple 298 595 328 626
apple 360 147 382 178
apple 432 204 458 232
apple 289 465 320 490
apple 351 532 374 559
apple 246 470 265 495
apple 246 470 265 495
apple 392 474 404 485
apple 445 154 477 186
apple 463 649 495 680
apple 464 304 485 327
apple 379 267 402 292
apple 478 478 504 504
apple 461 797 499 833
apple 461 797 499 833
apple 495 495 516 528
apple 495 495 516 528
apple 392 810 412 829
apple 392 810 412 829
apple 398 204 423 232
apple 513 490 546 518
apple 96 885 123 914
apple 461 797 499 833
apple 360 343 377 360
apple 373 399 383 411
