apple 602 328 641 366
apple 571 557 610 594
apple 563 495 591 532
apple 109 429 145 467
apple 154 444 190 475
apple 461 304 492 337
apple 513 284 550 310
apple 62 599 92 637
apple 543 140 568 178
apple 440 311 462 345
apple 561 200 583 228
apple 131 259 151 287
apple 173 651 209 683
apple 589 118 614 156
apple 91 638 117 668
apple 128 518 161 550
apple 128 518 161 550
apple 586 182 614 211
apple 463 490 492 523
apple 463 490 492 523
apple 692 504 713 528
apple 194 251 218 272
apple 194 251 218 272
apple 194 251 218 272
