apple 507 286 539 319
apple 640 949 682 999
apple 631 85 670 126
apple 508 441 542 479
apple 562 229 589 263
apple 626 418 660 446
apple 126 232 155 263
apple 0 135 21 171
apple 577 385 607 419
apple 142 320 167 352
apple 526 748 551 771
apple 525 342 563 377
apple 525 342 563 377
apple 649 627 683 659
apple 422 839 453 859
apple 628 330 660 367
apple 469 552 485 567
apple 3 214 12 233
apple 534 532 560 556
apple 558 635 588 666
apple 511 633 546 654
apple 511 633 546 654
apple 555 355 580 389
apple 576 545 600 571
apple 669 333 685 352
apple 693 599 717 623
apple 547 671 561 685
apple 598 339 627 372
apple 598 339 627 372
apple 598 339 627 372
apple 598 339 627 372
apple 693 1059 714 1074
apple 693 1059 714 1074
apple 693 1059 714 1074
apple 693 1059 714 1074
