apple 378 344 402 377
apple 38 341 62 366
apple 368 258 387 286
apple 254 172 287 208
apple 48 508 71 536
apple 48 508 71 536
apple 48 508 71 536
apple 14 681 36 702
apple 41 463 65 492
apple 41 463 65 492
apple 41 463 65 492
apple 41 463 65 492
apple 71 845 93 868
apple 71 845 93 868
apple 250 235 266 260
apple 250 235 266 260
apple 250 235 266 260
apple 250 235 266 260
apple 250 235 266 260
apple 250 235 266 260
apple 250 235 266 260
apple 221 164 244 186
apple 23 572 44 590
apple 254 172 287 208
apple 254 172 287 208
apple 6 469 28 495
apple 45 563 78 585
apple 45 563 78 585
apple 45 563 78 585
apple 359 639 394 668
apple 323 596 334 607
apple 323 596 334 607
apple 323 596 334 607
apple 323 596 334 607
