apple 398 1151 445 1209
apple 455 549 499 598
apple 353 77 400 122
apple 58 947 102 997
apple 446 405 490 441
apple 234 464 269 505
apple 426 363 464 398
apple 213 589 247 620
apple 175 562 213 599
apple 304 461 331 489
apple 677 636 718 680
apple 249 361 286 396
apple 269 201 303 247
apple 346 447 378 484
apple 306 649 335 681
apple 172 838 202 877
apple 253 252 283 285
apple 390 367 420 405
apple 388 864 421 905
apple 195 528 224 558
apple 386 212 422 252
apple 327 472 365 506
apple 321 114 354 150
apple 234 331 265 366
apple 69 648 104 679
apple 359 338 390 369
apple 242 566 269 597
apple 241 701 270 736
apple 324 170 361 213
apple 16 927 41 953
apple 398 458 426 489
apple 285 325 314 360
apple 405 1047 466 1102
apple 405 1047 466 1102
apple 145 637 168 668
