apple 568 119 610 174
apple 632 263 664 299
apple 562 263 589 293
apple 457 319 491 354
apple 530 157 562 195
apple 425 485 468 529
apple 614 512 648 535
apple 201 633 245 673
apple 426 188 459 221
apple 36 353 71 384
apple 467 406 500 438
apple 428 450 462 487
apple 469 123 498 157
apple 621 385 651 414
apple 504 287 531 316
apple 504 287 531 316
apple 504 287 531 316
apple 439 604 459 625
apple 410 294 433 316
apple 162 364 182 386
apple 162 364 182 386
apple 534 76 560 101
apple 708 455 719 484
apple 450 389 474 413
apple 450 389 474 413
apple 409 530 447 564
apple 409 530 447 564
apple 459 15 487 49
apple 645 399 671 427
apple 645 399 671 427
apple 149 382 170 403
apple 659 415 695 435
apple 353 817 406 869
apple 353 817 406 869
apple 353 817 406 869
