apple 656 767 700 814
apple 70 928 104 961
apple 70 928 104 961
apple 410 820 445 861
apple 492 557 524 591
apple 525 532 553 555
apple 525 532 553 555
apple 509 686 549 719
apple 509 686 549 719
apple 555 579 590 617
apple 641 583 666 625
apple 641 583 666 625
apple 641 583 666 625
apple 641 583 666 625
apple 641 583 666 625
apple 641 583 666 625
apple 641 583 666 625
apple 0 613 15 639
apple 0 613 15 639
apple 0 613 15 639
apple 566 607 611 641
apple 566 607 611 641
apple 566 607 611 641
apple 551 669 572 697
apple 551 669 572 697
apple 665 562 704 592
apple 70 928 104 961
apple 70 928 104 961
apple 680 840 704 866
