apple 601 306 654 351
apple 552 969 596 1015
apple 397 1100 448 1148
apple 487 363 530 414
apple 419 674 470 727
apple 392 138 439 178
apple 651 1218 691 1262
apple 178 1040 225 1084
apple 260 312 303 346
apple 261 460 303 496
apple 184 917 222 954
apple 586 598 626 637
apple 624 744 662 786
apple 296 272 339 307
apple 313 458 357 498
apple 403 941 436 978
apple 486 23 522 70
apple 240 481 279 519
apple 186 959 224 993
apple 672 877 705 904
apple 197 689 235 730
apple 576 695 609 741
apple 505 899 544 940
apple 492 1239 532 1272
apple 136 1033 168 1066
apple 244 891 283 930
apple 379 244 414 288
apple 532 701 570 750
apple 575 734 627 776
apple 290 356 320 391
apple 520 599 552 634
apple 203 794 237 820
apple 271 698 311 733
apple 581 915 602 940
apple 616 591 650 626
apple 524 351 559 392
apple 502 320 530 354
apple 285 396 331 435
apple 435 206 466 239
apple 493 68 512 104
apple 245 1158 275 1196
apple 699 1216 717 1251
apple 293 558 335 595
apple 353 1148 387 1180
apple 448 430 481 458
apple 81 747 112 773
apple 81 747 112 773
apple 396 200 428 227
apple 508 469 551 505
apple 676 501 703 522
