apple 660 764 697 800
apple 186 461 213 490
apple 186 461 213 490
apple 461 701 491 733
apple 86 649 130 683
apple 86 649 130 683
apple 165 394 199 431
apple 360 397 381 423
apple 63 669 104 710
apple 222 557 258 588
apple 132 611 168 649
apple 249 544 287 582
apple 266 646 291 671
apple 127 690 162 721
apple 127 690 162 721
apple 684 951 719 989
apple 200 347 230 379
apple 669 838 701 873
apple 124 548 138 570
apple 124 548 138 570
apple 124 548 138 570
apple 342 812 375 848
apple 342 812 375 848
apple 132 611 168 649
apple 101 534 117 544
apple 101 534 117 544
apple 101 534 117 544
apple 101 534 117 544
apple 101 534 117 544
apple 101 534 117 544
apple 213 730 229 752
apple 165 394 199 431
apple 165 394 199 431
apple 620 934 646 971
apple 150 664 181 691
apple 544 793 568 817
apple 23 733 36 762
apple 137 383 171 420
apple 221 378 245 403
apple 221 378 245 403
