apple 83 311 126 352
apple 634 192 672 233
apple 130 858 166 892
apple 174 57 211 102
apple 489 33 525 67
apple 586 343 626 385
apple 287 799 330 839
apple 598 374 643 414
apple 382 1 410 35
apple 203 308 238 347
apple 173 153 215 198
apple 497 836 534 876
apple 290 322 324 356
apple 108 241 146 282
apple 232 250 278 295
apple 628 409 665 444
apple 0 979 34 1021
apple 588 525 613 545
apple 299 942 339 987
apple 289 742 319 777
apple 602 733 631 761
apple 662 285 699 316
apple 460 22 492 56
apple 10 129 38 156
apple 476 892 504 923
apple 299 151 335 199
apple 459 175 484 197
apple 590 1 617 15
apple 367 172 391 196
apple 65 30 101 68
apple 269 140 302 181
apple 613 112 638 140
apple 489 298 512 326
apple 340 835 380 871
apple 340 835 380 871
apple 322 343 350 362
apple 635 30 660 64
apple 478 148 500 172
apple 516 416 548 439
apple 433 196 455 217
apple 39 296 70 329
apple 39 296 70 329
apple 294 83 339 128
apple 539 380 571 411
apple 616 70 643 100
apple 91 167 114 194
apple 43 22 71 49
apple 71 328 88 343
apple 416 191 433 209
apple 650 143 675 168
