apple 478 320 494 341
apple 465 367 485 386
apple 465 367 485 386
apple 391 274 410 290
apple 425 350 445 368
apple 240 734 260 755
apple 187 517 209 533
apple 393 541 415 562
apple 293 481 311 497
apple 499 887 516 908
apple 483 390 502 410
apple 353 537 365 557
apple 646 881 664 895
apple 415 310 427 322
apple 203 495 219 517
apple 363 361 383 386
apple 363 361 383 386
apple 363 361 383 386
apple 343 361 362 380
apple 404 359 418 376
apple 402 338 416 350
apple 443 405 451 421
apple 109 933 132 963
apple 263 536 286 555
apple 263 536 286 555
apple 188 486 199 498
apple 345 482 359 501
apple 497 355 513 377
apple 363 361 383 386
apple 363 361 383 386
apple 100 735 112 746
apple 404 359 418 376
apple 92 860 105 883
apple 92 860 105 883
apple 92 860 105 883
