apple 502 355 530 390
apple 469 543 503 578
apple 256 855 292 886
apple 430 673 466 710
apple 175 937 214 975
apple 408 541 438 567
apple 322 569 357 605
apple 193 525 217 558
apple 297 602 328 634
apple 459 608 488 636
apple 347 297 381 328
apple 446 298 472 328
apple 321 348 359 386
apple 374 154 410 193
apple 196 727 222 762
apple 196 727 222 762
apple 469 684 501 713
apple 225 741 252 769
apple 446 430 471 454
apple 436 455 467 487
apple 516 519 526 544
apple 321 325 350 347
apple 154 899 193 938
apple 154 899 193 938
apple 276 645 300 665
apple 696 981 719 1022
apple 696 981 719 1022
apple 696 981 719 1022
apple 196 727 222 762
apple 496 732 517 751
apple 496 732 517 751
apple 424 712 456 743
apple 424 712 456 743
apple 424 712 456 743
apple 424 712 456 743
apple 424 712 456 743
apple 351 327 381 353
apple 351 327 381 353
apple 351 327 381 353
apple 351 327 381 353
apple 0 791 14 821
apple 0 791 14 821
apple 0 791 14 821
apple 0 791 14 821
apple 351 414 387 454
apple 351 414 387 454
apple 351 414 387 454
apple 351 414 387 454
apple 289 577 309 590
apple 289 577 309 590
