apple 64 399 90 429
apple 407 311 427 337
apple 441 405 469 439
apple 6 344 25 373
apple 6 344 25 373
apple 314 221 349 261
apple 45 754 69 778
apple 71 574 96 600
apple 113 1040 143 1079
apple 267 248 298 280
apple 108 922 133 955
apple 108 922 133 955
apple 108 922 133 955
apple 2 554 39 585
apple 232 994 262 1030
apple 314 221 349 261
apple 314 221 349 261
apple 314 221 349 261
apple 309 290 336 301
apple 309 290 336 301
apple 309 290 336 301
apple 75 628 105 655
apple 75 628 105 655
apple 75 628 105 655
apple 63 527 87 554
apple 63 527 87 554
apple 63 527 87 554
apple 63 527 87 554
apple 63 527 87 554
apple 289 215 310 241
apple 289 215 310 241
apple 289 215 310 241
apple 289 215 310 241
apple 113 1040 143 1079
apple 1 738 17 762
apple 1 738 17 762
apple 1 738 17 762
