apple 647 704 689 747
apple 600 613 633 639
apple 188 241 221 280
apple 630 877 670 910
apple 475 723 515 758
apple 273 395 312 431
apple 552 600 585 629
apple 405 730 438 762
apple 596 216 621 250
apple 600 800 640 840
apple 198 318 237 350
apple 365 650 399 680
apple 327 269 353 299
apple 612 764 643 795
apple 78 465 115 504
apple 192 145 222 178
apple 447 189 475 212
apple 350 710 378 741
apple 355 272 379 300
apple 482 525 504 543
apple 44 124 69 150
apple 457 527 478 545
apple 15 666 40 691
apple 441 284 469 313
apple 78 103 113 144
apple 396 378 419 404
apple 350 303 373 331
apple 517 165 549 196
apple 72 236 97 260
apple 83 671 107 704
apple 10 171 31 194
apple 570 289 594 308
apple 551 242 574 267
apple 545 689 574 723
apple 66 56 102 92
apple 9 63 31 85
apple 645 252 669 279
apple 313 315 330 334
apple 100 426 131 456
apple 362 466 383 488
apple 501 512 518 534
apple 215 761 234 782
apple 291 279 316 304
apple 354 643 372 669
apple 405 802 431 823
apple 589 241 611 267
apple 690 679 719 705
apple 42 196 60 214
apple 161 377 194 392
apple 618 230 639 254
apple 0 224 19 241
apple 168 477 201 513
apple 512 282 534 300
apple 659 390 678 407
apple 645 376 664 398
apple 52 268 73 289
apple 314 767 332 788
apple 657 217 692 250
apple 125 69 142 90
apple 382 523 399 542
apple 450 492 466 509
apple 21 135 47 156
apple 270 270 290 288
apple 697 189 717 216
apple 362 744 384 766
apple 648 607 667 622
apple 187 121 203 149
apple 366 856 384 874
apple 459 306 475 327
apple 374 223 394 242
apple 379 290 394 312
apple 663 626 679 640
apple 694 218 716 245
apple 637 517 655 534
apple 637 517 655 534
apple 677 430 695 447
apple 522 213 555 244
apple 508 549 531 568
apple 32 249 45 265
apple 605 265 628 289
apple 184 92 200 115
apple 53 101 78 124
apple 244 795 263 817
apple 307 426 328 439
apple 307 426 328 439
apple 689 821 704 850
apple 503 618 519 629
apple 166 111 190 140
apple 558 495 578 509
apple 551 242 574 267
apple 543 749 565 767
apple 600 613 633 639
apple 600 613 633 639
apple 99 201 116 224
apple 70 141 93 172
apple 137 86 152 105
apple 137 86 152 105
apple 137 86 152 105
apple 40 485 56 509
apple 410 450 428 465
