apple 73 540 106 573
apple 53 838 87 865
apple 352 529 377 559
apple 323 490 344 513
apple 199 241 230 274
apple 54 450 80 476
apple 28 785 71 824
apple 217 567 242 592
apple 80 453 101 476
apple 289 495 306 524
apple 665 807 693 838
apple 685 396 706 417
apple 71 697 97 721
apple 690 774 707 801
apple 67 767 87 784
apple 84 584 117 608
apple 707 401 719 425
apple 312 512 331 532
apple 659 675 674 690
apple 11 567 35 600
apple 11 567 35 600
apple 337 767 352 788
apple 46 690 70 719
apple 245 550 261 563
apple 607 654 626 671
apple 607 654 626 671
apple 657 360 678 379
apple 416 758 426 768
apple 416 758 426 768
apple 416 758 426 768
apple 466 786 493 809
apple 466 786 493 809
apple 662 378 678 386
apple 662 378 678 386
apple 417 828 436 841
apple 417 828 436 841
apple 417 828 436 841
apple 298 852 312 879
apple 298 852 312 879
apple 298 852 312 879
apple 298 852 312 879
apple 634 737 660 766
apple 634 737 660 766
apple 634 737 660 766
apple 222 768 229 778
apple 690 774 707 801
apple 690 774 707 801
apple 280 588 290 597
apple 280 588 290 597
apple 545 463 555 481
apple 545 463 555 481
apple 634 737 660 766
apple 634 737 660 766
apple 553 376 564 384
apple 553 376 564 384
apple 28 785 71 824
apple 516 750 525 759
