apple 98 621 141 657
apple 555 663 584 690
apple 630 328 659 353
apple 500 149 522 172
apple 440 836 465 869
apple 296 197 316 217
apple 630 733 657 758
apple 401 488 425 515
apple 540 380 566 405
apple 400 687 436 716
apple 337 647 370 673
apple 646 759 677 784
apple 420 475 448 506
apple 309 176 336 198
apple 421 451 442 472
apple 501 323 528 345
apple 337 129 359 151
apple 263 138 282 159
apple 428 197 447 222
apple 399 181 421 208
apple 264 553 285 581
apple 475 172 495 189
apple 58 561 80 590
apple 447 167 471 189
apple 368 333 389 359
apple 537 479 564 503
apple 589 250 608 273
apple 176 588 194 613
apple 111 553 145 597
apple 155 304 180 326
apple 528 149 544 167
apple 648 205 676 237
apple 508 447 532 469
apple 546 500 569 518
apple 414 421 442 451
apple 273 159 293 181
apple 147 334 165 355
apple 237 228 255 246
apple 692 692 716 714
apple 183 610 208 629
apple 19 573 50 598
apple 174 284 195 308
apple 560 449 581 470
apple 617 473 637 495
apple 105 361 127 381
apple 586 276 614 292
apple 353 256 375 275
apple 326 369 347 387
apple 252 62 276 89
apple 658 579 680 603
apple 264 350 291 376
apple 215 560 235 587
apple 253 267 273 286
apple 681 443 704 465
apple 638 293 649 314
apple 486 783 505 810
apple 146 493 163 508
apple 146 493 163 508
apple 601 667 621 696
apple 291 491 312 510
apple 451 710 478 740
apple 71 587 104 627
apple 71 587 104 627
apple 304 126 324 154
apple 2 647 30 666
apple 219 226 242 251
apple 173 542 203 574
apple 635 562 660 589
apple 198 585 217 603
apple 198 585 217 603
apple 96 572 128 601
apple 163 432 182 448
apple 180 473 196 486
apple 170 614 188 638
apple 354 113 365 130
apple 685 708 714 725
apple 179 645 197 662
apple 462 828 485 852
apple 433 816 449 833
apple 483 440 499 455
apple 304 511 323 524
apple 265 401 279 421
apple 265 401 279 421
apple 265 401 279 421
apple 583 683 605 702
apple 710 558 719 577
apple 48 493 63 510
apple 126 393 138 407
apple 259 610 279 627
apple 71 587 104 627
apple 90 558 103 579
apple 380 613 424 639
apple 162 637 183 652
apple 162 637 183 652
apple 523 543 542 561
apple 190 350 211 368
apple 583 537 602 548
apple 583 537 602 548
apple 549 690 573 708
apple 411 356 434 379
