apple 669 694 712 741
apple 625 791 669 831
apple 202 235 240 276
apple 290 390 327 426
apple 615 604 650 632
apple 422 726 458 759
apple 103 461 136 500
apple 497 719 533 754
apple 656 870 696 906
apple 202 137 230 170
apple 338 261 364 291
apple 639 758 670 789
apple 365 262 389 295
apple 600 204 629 236
apple 480 511 500 533
apple 528 156 558 189
apple 215 311 252 344
apple 370 707 394 734
apple 457 181 484 206
apple 54 115 82 144
apple 361 299 381 322
apple 571 598 602 625
apple 12 51 37 77
apple 382 647 417 678
apple 78 230 102 251
apple 86 53 116 85
apple 369 461 390 481
apple 460 519 480 539
apple 451 279 477 303
apple 14 166 37 186
apple 92 99 125 132
apple 412 796 438 817
apple 88 673 121 704
apple 406 368 430 394
apple 34 664 57 689
apple 559 682 599 718
apple 221 759 240 778
apple 653 238 673 267
apple 559 231 587 257
apple 594 235 618 260
apple 49 189 67 208
apple 645 365 668 385
apple 300 271 323 299
apple 500 502 518 521
apple 665 207 698 237
apple 620 218 643 248
apple 122 423 151 455
apple 190 480 218 509
apple 579 280 603 303
apple 389 516 405 532
apple 320 765 341 782
apple 319 304 341 330
apple 176 372 214 390
apple 536 204 565 233
apple 55 263 77 282
apple 378 738 401 762
apple 1 469 27 499
apple 137 62 156 84
apple 369 638 390 665
apple 659 380 683 395
apple 199 81 210 104
apple 610 253 633 281
apple 169 267 194 293
apple 701 216 719 237
apple 516 274 540 290
apple 5 213 33 231
apple 509 537 530 560
apple 464 297 482 316
apple 32 128 50 148
apple 388 286 405 304
apple 560 484 580 500
apple 539 797 556 814
apple 178 96 204 132
apple 383 213 399 236
apple 452 485 468 498
apple 567 743 588 766
apple 38 238 50 257
apple 641 507 657 526
apple 249 794 268 813
apple 322 419 344 436
apple 151 80 168 97
apple 559 231 587 257
apple 107 195 125 216
apple 200 116 215 141
apple 200 116 215 141
apple 77 102 102 128
apple 702 174 719 189
apple 507 610 524 630
apple 153 239 184 263
apple 153 239 184 263
apple 153 239 184 263
apple 683 501 696 516
apple 302 685 313 709
apple 277 262 300 281
apple 411 444 430 458
apple 326 332 339 349
apple 410 770 434 793
apple 613 742 633 759
apple 613 742 633 759
apple 661 531 682 543
