apple 467 680 499 716
apple 305 172 331 203
apple 513 572 544 610
apple 423 340 450 365
apple 199 755 238 791
apple 304 780 336 809
apple 0 606 21 639
apple 329 634 369 671
apple 444 565 471 589
apple 400 795 433 826
apple 414 641 446 673
apple 434 355 464 383
apple 123 551 149 573
apple 464 617 491 654
apple 398 662 417 690
apple 217 667 251 706
apple 418 427 448 456
apple 223 730 238 749
apple 329 634 369 671
apple 323 157 346 179
apple 141 575 164 591
apple 421 560 439 570
apple 393 529 410 542
apple 513 572 544 610
apple 217 667 251 706
apple 387 162 408 179
apple 387 162 408 179
apple 387 162 408 179
apple 387 162 408 179
apple 387 162 408 179
apple 217 667 251 706
apple 0 606 21 639
apple 0 606 21 639
apple 0 606 21 639
apple 0 606 21 639
apple 513 572 544 610
apple 423 340 450 365
apple 421 560 439 570
apple 421 560 439 570
