apple 286 636 313 664
apple 82 284 116 317
apple 114 651 146 683
apple 81 349 115 382
apple 55 552 89 584
apple 111 274 142 306
apple 357 443 384 470
apple 302 372 332 405
apple 347 357 379 386
apple 146 358 176 386
apple 191 427 216 451
apple 578 328 607 353
apple 526 601 555 635
apple 266 665 291 688
apple 221 294 254 331
apple 46 635 74 661
apple 350 328 378 354
apple 538 628 569 653
apple 282 677 310 706
apple 244 718 272 744
apple 113 308 131 331
apple 123 351 150 378
apple 163 405 188 432
apple 172 649 205 674
apple 297 893 316 916
apple 558 345 578 363
apple 0 392 16 414
apple 59 378 83 403
apple 285 421 316 449
apple 226 632 246 649
apple 301 444 326 466
apple 631 348 654 367
apple 612 306 632 328
apple 27 521 59 548
apple 30 238 46 256
apple 337 766 366 792
apple 417 718 441 739
apple 429 462 449 487
apple 613 673 634 691
apple 5 228 28 249
apple 494 748 518 770
apple 37 214 58 234
apple 375 324 402 344
apple 244 162 265 190
apple 174 559 201 584
apple 120 379 137 405
apple 159 753 181 776
apple 155 139 175 156
apple 6 385 36 406
apple 591 667 613 684
apple 154 118 173 139
apple 53 347 82 376
apple 65 283 82 301
apple 250 749 264 770
apple 533 701 556 726
apple 189 142 206 159
apple 337 875 357 894
apple 205 680 235 707
apple 203 212 222 230
apple 695 744 719 769
apple 36 398 58 421
apple 255 186 280 203
apple 254 254 270 273
apple 294 584 315 606
apple 558 683 578 700
apple 266 806 277 825
apple 181 390 202 416
apple 165 288 187 311
apple 166 455 190 475
apple 667 820 692 838
apple 309 914 328 931
apple 131 198 148 213
apple 95 411 115 430
apple 24 395 37 415
apple 178 199 198 217
apple 478 642 504 664
apple 424 818 441 829
apple 424 818 441 829
apple 82 261 104 281
apple 82 261 104 281
apple 82 261 104 281
apple 82 261 104 281
apple 195 780 203 800
apple 445 692 466 702
apple 125 606 145 623
apple 437 675 451 691
apple 379 778 391 797
apple 243 146 254 158
apple 388 446 402 468
apple 388 446 402 468
apple 53 347 82 376
apple 36 398 58 421
apple 75 308 96 346
apple 75 308 96 346
