apple 0.9998684 426 863 474 913
apple 0.9996662 483 900 525 943
apple 0.9994066 520 929 569 971
apple 0.99929094 387 1013 432 1065
apple 0.9992798 89 1065 128 1109
apple 0.99924695 247 89 291 136
apple 0.9989524 168 355 205 396
apple 0.99885166 557 64 592 99
apple 0.9988244 374 358 410 393
apple 0.99873906 442 34 477 73
apple 0.99866533 263 186 311 237
apple 0.99857855 469 931 507 970
apple 0.99840826 190 281 229 322
apple 0.9984041 226 930 266 968
apple 0.9983822 120 69 157 107
apple 0.99825984 526 53 560 88
apple 0.9981997 655 13 686 47
apple 0.9981067 229 292 263 324
apple 0.9980507 296 346 342 390
apple 0.99800056 688 141 716 169
apple 0.9979151 335 286 383 330
apple 0.99776447 33 169 65 201
apple 0.9976476 95 61 125 92
apple 0.99745136 29 320 65 350
apple 0.997364 654 896 701 943
apple 0.9971967 1 47 21 82
apple 0.9969638 391 182 430 231
apple 0.9969332 108 342 140 379
apple 0.9968569 441 1022 487 1072
apple 0.9968166 395 110 437 154
apple 0.9967873 115 876 154 919
apple 0.99642193 67 172 100 206
apple 0.99626875 649 405 687 443
apple 0.99617165 17 548 51 577
apple 0.99606305 579 330 606 362
apple 0.9959174 62 57 93 90
apple 0.9957426 627 444 666 475
apple 0.9956678 47 90 87 127
apple 0.99531245 537 20 568 46
apple 0.9953055 425 212 455 239
apple 0.99528956 686 102 714 134
apple 0.9936035 11 31 43 65
apple 0.9930825 536 86 567 116
apple 0.99216497 1 200 16 225
apple 0.9913976 704 58 718 85
apple 0.9902214 554 128 581 152
apple 0.98988754 361 173 394 212
apple 0.9898693 34 240 63 269
apple 0.98972815 487 233 510 254
apple 0.9891103 81 130 109 159
apple 0.98752606 288 80 320 116
apple 0.9873499 207 50 232 73
apple 0.9865096 534 2 571 19
apple 0.9860734 0 176 20 199
apple 0.98539346 604 960 637 992
apple 0.98443884 104 149 137 182
apple 0.9834589 119 272 150 304
apple 0.98343915 538 181 564 206
apple 0.9832586 509 213 535 241
apple 0.9831026 143 358 173 394
apple 0.97984844 47 368 77 399
apple 0.9790517 500 1 536 16
apple 0.97889656 27 136 55 170
apple 0.9758347 428 56 453 85
apple 0.97024494 606 235 632 262
apple 0.9693095 1 608 20 627
apple 0.96786535 6 912 45 935
apple 0.96528774 512 109 539 135
apple 0.96407706 21 1037 49 1061
apple 0.9640518 110 2 147 29
apple 0.9635682 632 484 660 509
apple 0.963176 347 364 379 401
apple 0.962478 164 205 197 239
apple 0.95681614 389 971 434 1014
apple 0.9456154 397 382 423 405
apple 0.944223 426 802 459 842
apple 0.9430709 660 365 682 390
apple 0.9385945 9 356 39 380
apple 0.93784636 587 99 613 127
apple 0.9316719 68 956 99 983
apple 0.9290754 668 559 697 585
apple 0.9264554 486 960 527 1003
apple 0.86879945 581 12 613 40
apple 0.8656196 470 207 488 224
apple 0.8531936 405 896 430 922
apple 0.84791297 318 789 339 813
apple 0.83965343 354 492 377 515
apple 0.81322414 627 2 648 21
apple 0.8064842 372 730 395 744
apple 0.7788623 188 822 205 840
apple 0.7698274 389 948 412 970
apple 0.7683644 5 133 22 154
apple 0.76129603 23 571 52 591
apple 0.75286007 597 20 614 40
apple 0.74129635 208 81 232 95
apple 0.7359583 533 771 561 785
apple 0.7025571 149 1 181 28
apple 0.60915273 590 569 602 580
apple 0.59731036 624 267 663 283
apple 0.56577766 50 32 77 63
