apple 0.9997749 432 445 473 487
apple 0.9997547 256 513 295 551
apple 0.99974376 402 68 441 111
apple 0.99966943 536 172 578 214
apple 0.99965024 378 687 421 725
apple 0.9996488 3 1065 42 1108
apple 0.9996234 520 264 559 299
apple 0.99953496 411 390 454 427
apple 0.99949133 599 893 648 943
apple 0.99942786 454 675 495 720
apple 0.9992681 357 8 394 52
apple 0.9992374 34 1135 75 1174
apple 0.9991385 315 1076 361 1123
apple 0.99910563 254 651 287 688
apple 0.9984993 224 646 254 678
apple 0.99811894 41 913 87 960
apple 0.9980811 287 649 321 682
apple 0.99713457 578 224 612 257
apple 0.996876 551 384 590 417
apple 0.99661106 617 421 660 459
apple 0.9963207 265 554 300 589
apple 0.9963123 646 633 685 671
apple 0.9963012 332 222 357 259
apple 0.99618405 29 373 64 400
apple 0.995994 410 338 443 373
apple 0.9953797 47 341 71 370
apple 0.9945268 332 482 367 518
apple 0.9944845 675 637 711 678
apple 0.99424523 405 601 438 631
apple 0.994048 567 449 602 486
apple 0.9927206 412 510 442 543
apple 0.99209446 558 499 594 532
apple 0.9917365 380 1011 413 1048
apple 0.99165255 362 731 396 766
apple 0.98982376 84 370 118 404
apple 0.9886572 6 0 50 19
apple 0.9884438 97 650 127 689
apple 0.9880135 27 1216 64 1259
apple 0.9874856 309 529 341 561
apple 0.986405 276 825 301 858
apple 0.9858553 494 354 526 389
apple 0.98524207 367 584 394 607
apple 0.98370326 190 526 225 557
apple 0.980475 5 1214 33 1254
apple 0.9798481 274 283 311 309
apple 0.9795685 388 760 433 798
apple 0.9793881 8 874 28 910
apple 0.97895217 444 78 477 117
apple 0.97872 64 1056 91 1088
apple 0.9765647 428 182 461 215
apple 0.97439945 604 1085 628 1102
apple 0.97363293 180 954 208 980
apple 0.97264117 434 29 460 61
apple 0.97213584 533 939 570 964
apple 0.9720814 457 728 473 749
apple 0.9708563 602 475 625 496
apple 0.9656591 260 845 291 872
apple 0.9655706 379 1163 410 1191
apple 0.96548957 226 1084 256 1119
apple 0.9621025 399 845 424 866
apple 0.96148646 558 278 588 307
apple 0.95728797 688 868 718 894
apple 0.95557743 334 615 358 644
apple 0.9534231 648 720 676 753
apple 0.95302045 454 480 476 501
apple 0.95105946 510 295 532 320
apple 0.9369052 465 335 484 364
apple 0.93117374 386 41 421 73
apple 0.92920107 538 660 570 682
apple 0.92878854 52 521 81 544
apple 0.9273401 470 462 492 491
apple 0.9210105 515 388 544 423
apple 0.91175836 403 153 420 176
apple 0.9050626 235 693 255 710
apple 0.90164185 83 597 118 635
apple 0.89940554 633 644 668 674
apple 0.8853317 2 929 35 955
apple 0.8779975 9 604 42 639
apple 0.8687016 326 875 339 896
apple 0.8650047 231 549 258 569
apple 0.8606237 51 788 81 825
apple 0.8580225 303 615 325 638
apple 0.8492562 414 1009 441 1035
apple 0.8321269 442 413 458 445
apple 0.7908519 165 623 180 642
apple 0.7751793 282 1252 321 1279
apple 0.5777624 59 399 74 415
apple 0.5610822 597 792 619 816
apple 0.479035 364 395 374 411
apple 0.43184707 43 1210 76 1246
apple 0.43082625 516 565 526 581
apple 0.40756243 481 38 496 50
apple 0.34957114 350 495 370 521
apple 0.26794437 603 781 641 817
apple 0.24279246 398 108 427 130
apple 0.19446845 455 464 491 502
apple 0.17696665 53 1231 90 1269
apple 0.15062654 104 566 115 577
apple 0.13573895 13 1214 46 1258
apple 0.11302272 11 603 62 644
