apple 0.9993661 393 55 432 96
apple 0.99898046 490 249 520 282
apple 0.9988801 339 78 375 114
apple 0.99886394 112 241 141 274
apple 0.9988244 5 553 44 593
apple 0.9980469 54 559 88 594
apple 0.99755955 519 261 549 292
apple 0.9973742 295 852 325 888
apple 0.9972318 73 397 103 432
apple 0.9972178 49 429 75 463
apple 0.997175 371 82 407 114
apple 0.9970163 177 892 211 927
apple 0.9968201 29 745 49 780
apple 0.9967595 110 381 135 408
apple 0.99628025 55 316 87 343
apple 0.9960134 43 183 76 211
apple 0.9950316 121 486 149 515
apple 0.9947636 489 157 513 187
apple 0.99446553 99 612 126 636
apple 0.9927013 7 426 38 452
apple 0.9896685 41 342 72 371
apple 0.98072356 1 39 11 79
apple 0.9800567 346 46 384 74
apple 0.9726475 173 779 192 807
apple 0.9451763 508 569 537 588
apple 0.9430079 126 909 144 941
apple 0.9334687 237 526 253 548
apple 0.9098916 69 344 94 363
apple 0.89039105 101 408 136 437
apple 0.8792005 41 590 75 614
apple 0.8717636 383 124 409 155
apple 0.8573315 560 651 586 670
apple 0.83232456 618 986 649 1008
apple 0.83106214 103 360 125 382
apple 0.8242186 100 504 118 524
apple 0.82279086 376 499 397 519
apple 0.81209546 21 672 50 691
apple 0.722171 163 433 177 452
apple 0.7099436 108 328 135 342
apple 0.7042297 499 559 535 588
apple 0.6786477 178 484 191 496
apple 0.6417825 498 556 520 572
apple 0.55445135 270 522 292 543
apple 0.48958024 26 533 45 549
apple 0.4231557 24 595 47 610
apple 0.3672102 32 673 49 687
apple 0.35614082 174 563 187 577
apple 0.33079088 236 487 246 497
apple 0.31411898 364 47 385 71
apple 0.25340208 56 589 75 610
apple 0.23938927 24 145 39 162
apple 0.21424246 144 401 167 417
apple 0.19418868 223 884 233 898
apple 0.15655248 111 353 126 373
apple 0.15415873 168 456 176 467
apple 0.14801553 160 776 194 811
apple 0.14344826 138 399 158 413
apple 0.13854784 1 1012 10 1035
apple 0.098623596 26 547 44 567
apple 0.08791119 106 378 137 423
apple 0.068963274 104 327 139 361
apple 0.057585116 5 1022 44 1055
apple 0.052954085 605 528 617 540
apple 0.052340746 125 904 156 944
