apple 0.99977034 150 544 189 585
apple 0.9997582 111 271 146 306
apple 0.9992673 132 295 166 330
apple 0.99884725 95 616 130 650
apple 0.9981622 1 614 41 654
apple 0.9980971 152 659 187 694
apple 0.99671257 97 782 131 813
apple 0.9961397 118 373 151 402
apple 0.99048305 638 615 662 643
apple 0.98275054 160 596 183 625
apple 0.976344 35 496 78 538
apple 0.97378856 82 640 102 663
apple 0.95669633 90 522 125 548
apple 0.8555232 141 529 152 542
apple 0.8468529 1 782 7 803
apple 0.7711047 105 297 125 312
apple 0.46374533 606 648 621 661
apple 0.4098412 466 423 482 443
apple 0.359015 27 508 67 540
apple 0.27220076 0 625 16 657
apple 0.21551313 122 516 136 529
apple 0.18739699 136 525 154 544
apple 0.12829933 521 357 536 370
apple 0.108626805 127 520 151 544
apple 0.10404812 296 259 322 286
apple 0.098413184 127 291 153 310
apple 0.08868802 107 518 136 547
apple 0.08700875 0 610 24 659
apple 0.059038207 429 416 443 431
apple 0.057816725 304 267 324 287
apple 0.057457086 88 522 111 545
apple 0.054814257 109 283 128 309
