apple 0.9997894 107 639 145 679
apple 0.9996239 157 552 192 584
apple 0.9995733 483 673 522 711
apple 0.99946135 441 291 477 329
apple 0.9994336 485 190 526 236
apple 0.99913627 316 570 354 610
apple 0.9991316 685 658 719 695
apple 0.9991217 405 508 450 547
apple 0.99904567 440 546 485 593
apple 0.9990213 483 235 516 270
apple 0.99896264 612 221 656 269
apple 0.9989034 400 649 434 681
apple 0.9988386 371 189 399 217
apple 0.99871516 279 593 314 624
apple 0.9985384 523 300 560 332
apple 0.99844545 547 389 578 421
apple 0.9982439 660 692 692 727
apple 0.99824333 451 206 487 248
apple 0.9982186 254 600 283 634
apple 0.99819666 141 669 175 699
apple 0.99814355 675 709 711 745
apple 0.9978204 4 669 29 692
apple 0.99757963 584 710 622 745
apple 0.99741435 320 138 343 162
apple 0.9974125 341 128 366 158
apple 0.9971981 108 521 132 549
apple 0.99701995 540 669 578 699
apple 0.9966697 220 442 248 469
apple 0.99658656 543 559 569 586
apple 0.9965496 401 164 425 188
apple 0.9964593 477 331 507 361
apple 0.9964132 348 220 373 243
apple 0.9963511 484 291 517 324
apple 0.99602246 254 150 278 178
apple 0.99588555 363 332 390 359
apple 0.99526983 463 26 486 49
apple 0.9943268 505 49 527 73
apple 0.9942768 277 156 299 182
apple 0.99414515 518 361 550 393
apple 0.99374384 461 50 485 71
apple 0.9929397 687 409 715 439
apple 0.99281913 47 655 67 676
apple 0.99183744 667 581 693 606
apple 0.99132526 330 354 354 382
apple 0.9912964 593 749 628 782
apple 0.99000704 306 170 327 190
apple 0.9899893 454 341 479 371
apple 0.98985416 213 681 238 705
apple 0.98957807 250 525 286 552
apple 0.989481 407 287 442 322
apple 0.98790574 400 367 424 396
apple 0.98650837 278 347 306 376
apple 0.9838791 67 654 84 673
apple 0.9837738 57 687 79 711
apple 0.98338634 25 662 45 681
apple 0.9817774 100 423 125 447
apple 0.98004305 482 356 518 386
apple 0.97736835 127 533 154 561
apple 0.9766162 244 709 269 733
apple 0.97298527 72 735 94 755
apple 0.9691064 603 80 632 112
apple 0.9675435 622 953 646 983
apple 0.9664884 326 688 354 718
apple 0.9656672 550 215 578 244
apple 0.9616476 671 938 695 965
apple 0.9598335 220 566 246 594
apple 0.95940953 700 395 718 419
apple 0.9544253 577 780 599 806
apple 0.94430685 522 133 550 159
apple 0.9429739 239 492 261 515
apple 0.94196117 291 480 314 503
apple 0.94084406 95 457 123 480
apple 0.939119 361 102 387 121
apple 0.9375201 314 353 333 378
apple 0.9362014 191 668 217 694
apple 0.93141174 560 842 579 863
apple 0.9090168 629 979 657 1000
apple 0.9026517 619 111 645 133
apple 0.90157026 360 354 386 376
apple 0.8873028 53 712 67 725
apple 0.8778724 410 318 433 339
apple 0.8731339 145 466 160 483
apple 0.8600524 483 788 509 812
apple 0.8477652 99 388 129 415
apple 0.8456534 493 812 504 831
apple 0.8306592 4 610 22 626
apple 0.82692343 591 99 614 126
apple 0.7796459 345 159 372 182
apple 0.7719017 167 421 187 434
apple 0.71089655 303 129 320 141
apple 0.6784213 501 614 513 629
apple 0.6514573 426 213 441 232
apple 0.64345956 359 162 387 187
apple 0.6434148 301 328 329 353
apple 0.6167414 196 509 209 523
apple 0.6125518 600 183 614 198
apple 0.4561109 30 434 54 448
apple 0.4188725 30 526 51 542
apple 0.3182731 616 628 628 638
apple 0.28780052 426 242 462 286
