apple 0.827148 288 884 323 922
apple 0.813477 243 83 273 124
apple 0.806641 616 612 652 642
apple 0.797363 286 95 322 151
apple 0.750977 692 427 720 461
apple 0.741699 436 540 491 574
apple 0.730957 461 746 495 774
apple 0.707520 674 300 704 332
apple 0.696289 56 191 77 215
apple 0.663574 380 685 412 715
apple 0.652344 22 190 53 220
apple 0.621094 500 621 532 650
apple 0.583984 656 299 676 326
apple 0.541016 107 467 138 510
apple 0.537109 340 298 371 327
apple 0.531738 602 544 624 572
apple 0.519043 710 244 720 272
apple 0.517578 576 598 610 636
apple 0.463379 625 554 656 588
apple 0.457275 408 932 432 956
apple 0.452393 662 984 690 1012
apple 0.446045 428 770 470 802
apple 0.435791 642 994 672 1022
apple 0.427002 332 153 364 196
apple 0.402344 556 918 580 952
apple 0.396729 341 270 374 326
apple 0.390869 48 291 72 313
apple 0.368896 51 434 73 468
apple 0.330078 248 862 273 888
apple 0.313965 147 584 178 614
apple 0.256104 520 950 548 974
