apple 20 64 41 86
apple 60 61 95 90
apple 73 91 93 103
apple 71 104 104 141
apple 60 107 70 132
apple 42 123 68 149
apple 65 149 83 170
apple 16 174 39 193
apple 45 196 65 213
apple 2 223 26 239
apple 30 242 46 263
apple 71 237 95 257
apple 54 269 76 287
apple 173 239 207 277
apple 117 66 139 92
apple 132 86 150 107
apple 125 153 156 180
apple 160 104 187 140
apple 177 124 202 150
apple 186 145 216 180
apple 178 89 199 120
apple 50 456 88 496
apple 72 422 107 460
apple 105 422 122 444
apple 44 495 71 512
apple 130 496 158 526
apple 152 481 180 510
apple 0 659 10 681
apple 38 670 76 699
apple 202 765 222 785
apple 229 802 250 824
apple 302 776 320 791
apple 352 867 364 884
apple 143 374 177 409
apple 208 453 239 470
apple 186 314 219 347
apple 260 396 295 430
apple 291 424 311 441
apple 303 456 320 476
apple 330 747 359 772
apple 331 715 353 741
apple 332 649 347 670
apple 339 654 377 684
apple 376 734 412 769
apple 355 771 377 787
apple 385 791 413 807
apple 390 810 418 830
apple 448 730 485 764
apple 513 695 548 730
apple 511 756 525 772
apple 522 815 537 832
apple 270 271 285 290
apple 290 282 313 307
apple 304 317 326 337
apple 309 344 325 355
apple 326 273 350 301
apple 347 309 370 335
apple 354 276 374 302
apple 376 297 391 317
apple 372 230 388 248
apple 434 294 458 316
apple 455 310 474 332
apple 390 384 411 405
apple 357 474 378 493
apple 386 450 399 467
apple 410 459 426 479
apple 378 529 395 545
apple 574 770 608 802
apple 561 804 601 845
apple 588 885 629 917
apple 652 830 667 852
apple 610 713 657 756
apple 661 688 690 716
apple 532 610 562 634
apple 578 618 610 646
apple 638 618 657 634
apple 702 580 719 615
apple 710 617 718 645
apple 442 196 473 220
apple 470 230 485 255
apple 512 289 535 308
apple 510 170 540 203
apple 529 219 544 250
apple 547 248 570 275
apple 567 294 590 318
apple 568 264 587 284
apple 590 221 620 254
apple 584 248 607 270
apple 596 273 622 294
apple 612 238 632 261
apple 639 258 662 283
apple 654 228 680 252
apple 690 195 713 226
apple 710 216 718 242
apple 650 386 665 402
apple 665 403 680 416
apple 675 443 695 454
apple 713 351 719 372
apple 453 499 466 518
apple 464 515 478 530
apple 458 534 477 553
apple 480 532 501 556
apple 502 524 519 542
apple 450 587 468 601
apple 509 559 527 576
apple 632 530 649 550
apple 562 553 578 568
apple 518 495 536 512
apple 520 482 539 496
apple 637 443 661 462
apple 685 227 710 248
apple 550 757 565 771
apple 363 705 383 726
