apple 11 21 36 53
apple 2 49 27 82
apple 25 87 51 109
apple 10 129 38 156
apple 43 22 71 49
apple 65 30 101 68
apple 91 167 114 194
apple 48 233 65 256
apple 39 296 70 329
apple 108 241 146 282
apple 147 256 162 283
apple 71 328 88 343
apple 83 311 126 352
apple 174 57 211 102
apple 234 46 248 63
apple 173 153 215 198
apple 203 308 238 347
apple 232 250 278 295
apple 269 140 302 181
apple 294 83 339 128
apple 299 151 335 199
apple 336 230 350 240
apple 127 761 138 778
apple 110 672 125 698
apple 191 753 206 765
apple 32 809 68 845
apple 130 858 166 892
apple 0 979 34 1021
apple 290 322 324 356
apple 322 343 350 362
apple 272 329 292 355
apple 289 742 319 777
apple 287 799 330 839
apple 252 934 286 975
apple 299 942 339 987
apple 340 835 380 871
apple 334 870 363 894
apple 350 885 383 926
apple 372 865 415 894
apple 476 892 504 923
apple 497 836 534 876
apple 602 733 631 761
apple 365 22 389 51
apple 382 1 410 35
apple 410 20 424 40
apple 460 22 492 56
apple 489 33 525 67
apple 469 57 499 82
apple 590 1 617 15
apple 635 30 660 64
apple 665 48 682 74
apple 616 70 643 100
apple 613 112 638 140
apple 650 143 675 168
apple 634 192 672 233
apple 707 216 719 232
apple 662 285 699 316
apple 696 297 719 322
apple 491 93 517 118
apple 478 148 500 172
apple 367 172 391 196
apple 412 165 434 189
apple 416 191 433 209
apple 433 196 455 217
apple 459 175 484 197
apple 443 222 460 240
apple 529 203 549 227
apple 489 298 512 326
apple 669 593 681 626
apple 588 525 613 545
apple 520 72 545 97
apple 430 733 448 755
apple 516 416 548 439
apple 539 380 571 411
apple 586 343 626 385
apple 598 374 643 414
apple 628 409 665 444
apple 652 462 665 484
apple 59 107 79 137
apple 450 71 479 100
apple 414 68 431 81
apple 346 0 371 18
apple 472 0 502 13
apple 502 2 521 24
apple 670 21 688 39
apple 485 178 509 201
apple 256 895 295 933
apple 695 241 719 261
