apple 9 63 31 85
apple 66 56 102 92
apple 78 103 113 144
apple 67 107 84 137
apple 53 101 78 124
apple 44 124 69 150
apple 21 135 47 156
apple 10 171 31 194
apple 0 224 19 241
apple 42 196 60 214
apple 32 249 45 265
apple 52 268 73 289
apple 72 236 97 260
apple 125 69 142 90
apple 137 86 152 105
apple 166 111 190 140
apple 187 121 203 149
apple 192 145 222 178
apple 188 241 221 280
apple 198 318 237 350
apple 161 377 194 392
apple 127 428 150 451
apple 100 426 131 456
apple 78 465 115 504
apple 15 666 40 691
apple 83 671 107 704
apple 151 495 175 527
apple 168 477 201 513
apple 215 761 234 782
apple 244 795 263 817
apple 303 767 313 781
apple 314 767 332 788
apple 366 856 384 874
apple 405 802 431 823
apple 400 784 426 802
apple 354 643 372 669
apple 365 650 399 680
apple 293 690 306 713
apple 350 710 378 741
apple 362 744 384 766
apple 367 767 387 778
apple 405 730 438 762
apple 475 723 515 758
apple 270 270 290 288
apple 291 279 316 304
apple 209 451 241 476
apple 273 395 312 431
apple 307 426 328 439
apple 313 315 330 334
apple 318 333 333 357
apple 390 444 402 460
apple 362 466 383 488
apple 382 523 399 542
apple 545 689 574 723
apple 543 749 565 767
apple 612 764 643 795
apple 600 800 640 840
apple 630 877 670 910
apple 689 821 704 850
apple 647 704 689 747
apple 690 679 719 705
apple 503 618 519 629
apple 552 600 585 629
apple 327 269 353 299
apple 355 272 379 300
apple 350 303 373 331
apple 379 290 394 312
apple 396 378 419 404
apple 374 223 394 242
apple 441 284 469 313
apple 459 306 475 327
apple 447 189 475 212
apple 470 226 490 246
apple 512 282 534 300
apple 517 165 549 196
apple 522 213 555 244
apple 551 242 574 267
apple 570 289 594 308
apple 596 216 621 250
apple 589 241 611 267
apple 605 265 628 289
apple 618 230 639 254
apple 645 252 669 279
apple 657 217 692 250
apple 697 189 717 216
apple 645 376 664 398
apple 659 390 678 407
apple 677 430 695 447
apple 410 450 428 465
apple 450 492 466 509
apple 457 527 478 545
apple 464 504 475 520
apple 482 525 504 543
apple 501 512 518 534
apple 508 549 531 568
apple 600 613 633 639
apple 648 607 667 622
apple 663 626 679 640
apple 558 495 578 509
apple 518 473 530 484
apple 513 486 530 497
apple 40 485 56 509
apple 70 141 93 172
apple 184 92 200 115
apple 159 97 183 115
apple 259 263 279 275
apple 99 201 116 224
apple 694 218 716 245
apple 623 275 640 293
apple 698 358 716 380
apple 70 685 84 705
apple 383 702 409 719
apple 586 748 606 766
apple 661 773 689 803
apple 637 517 655 534
apple 655 542 680 551
apple 692 517 701 529
apple 637 410 655 430
