apple 502 15 526 52
apple 527 16 566 54
apple 537 3 564 16
apple 446 108 481 149
apple 366 250 402 288
apple 404 260 421 293
apple 403 240 438 265
apple 308 308 343 340
apple 323 366 364 405
apple 352 375 383 415
apple 402 361 433 400
apple 431 361 470 400
apple 433 335 454 354
apple 475 362 491 383
apple 373 403 407 441
apple 390 426 415 447
apple 419 451 456 486
apple 306 470 346 511
apple 356 498 388 531
apple 386 493 403 514
apple 484 526 502 542
apple 525 533 546 560
apple 381 577 402 611
apple 430 603 444 625
apple 327 562 356 612
apple 263 581 294 607
apple 155 653 187 687
apple 305 663 344 693
apple 340 654 368 680
apple 390 627 406 653
apple 352 677 384 709
apple 446 666 480 700
apple 489 632 518 665
apple 509 608 542 643
apple 516 647 532 658
apple 332 698 359 738
apple 305 719 323 740
apple 215 851 238 873
apple 318 783 349 819
apple 223 880 250 904
apple 481 803 499 828
apple 498 798 530 825
apple 486 833 502 856
apple 526 864 557 891
apple 676 905 716 951
apple 672 960 708 991
apple 412 1010 455 1065
