apple 197 902 245 952
apple 241 907 263 945
apple 85 769 104 789
apple 99 785 119 815
apple 517 860 548 892
apple 506 887 525 903
apple 505 813 539 851
apple 339 720 362 742
apple 335 747 357 762
apple 363 712 392 741
apple 194 705 214 719
apple 307 587 336 617
apple 366 528 395 558
apple 349 558 378 580
apple 194 593 225 621
apple 209 622 225 636
apple 166 584 185 609
apple 193 569 216 597
apple 112 509 131 526
apple 220 497 248 530
apple 172 485 194 505
apple 297 490 311 503
apple 150 395 190 431
apple 263 376 292 401
apple 244 374 266 394
apple 235 332 267 365
apple 283 285 317 322
apple 253 291 282 323
apple 193 299 225 336
apple 165 293 197 328
apple 145 235 175 264
apple 205 178 234 210
apple 233 184 257 214
apple 257 186 273 218
apple 292 242 309 270
apple 286 409 307 439
apple 318 293 340 310
apple 358 313 378 331
apple 345 338 354 354
apple 30 589 56 617
apple 52 584 71 607
apple 361 762 389 802
apple 665 943 692 976
apple 559 700 581 724
apple 622 595 643 617
apple 682 608 705 633
apple 660 676 683 697
apple 669 698 702 723
apple 620 780 647 795
apple 297 33 336 73
apple 303 263 318 283
apple 200 417 236 452
apple 317 537 331 549
apple 177 700 200 718
apple 174 636 186 648
apple 662 865 706 898
