apple 600 836 628 854
apple 701 677 717 700
apple 707 633 719 649
apple 660 550 681 572
apple 314 616 342 639
apple 289 573 295 586
apple 259 581 270 592
apple 703 446 719 478
apple 391 557 403 564
apple 399 630 408 646
apple 6 539 31 557
apple 0 481 29 508
apple 12 461 28 483
apple 1 436 18 471
apple 1 313 18 343
apple 709 287 719 320
apple 359 336 381 363
apple 333 322 356 353
apple 322 239 341 262
apple 188 211 215 235
apple 198 146 235 183
apple 200 172 220 193
apple 164 171 198 202
apple 174 139 194 161
apple 25 822 47 839
apple 1 840 28 855
apple 137 894 154 917
apple 25 927 56 964
apple 68 926 81 939
apple 711 746 719 766
