apple 448 1 481 21
apple 499 2 532 36
apple 485 31 512 60
apple 535 23 569 60
apple 610 28 639 57
apple 623 5 648 23
apple 527 88 554 123
apple 520 119 545 146
apple 497 141 527 171
apple 550 132 574 159
apple 565 92 590 116
apple 572 61 597 87
apple 626 67 656 95
apple 620 94 635 118
apple 673 154 700 179
apple 702 150 719 171
apple 634 187 664 218
apple 663 220 689 245
apple 645 232 672 260
apple 598 250 627 280
apple 570 229 594 245
apple 568 306 600 334
apple 471 331 498 359
apple 530 360 555 382
apple 594 372 623 399
apple 575 407 599 422
apple 669 439 701 466
apple 320 387 344 410
apple 434 416 458 442
apple 471 389 491 412
apple 270 425 292 444
apple 178 459 200 479
apple 193 467 210 486
apple 152 491 171 503
apple 92 503 116 527
apple 21 516 49 542
apple 61 506 89 536
apple 20 479 32 494
apple 1 469 15 492
apple 16 445 32 465
apple 59 550 85 576
apple 64 577 87 595
apple 11 601 36 625
apple 86 590 110 602
apple 384 457 408 481
apple 333 494 355 516
apple 400 514 411 531
apple 373 533 392 550
apple 298 560 325 588
apple 366 554 382 575
apple 16 654 35 671
apple 31 659 53 676
apple 32 691 50 715
apple 240 701 281 727
apple 213 676 240 695
apple 473 502 499 529
apple 499 500 528 528
apple 560 493 577 523
apple 577 502 599 532
apple 568 538 596 552
apple 568 580 587 604
apple 482 560 504 596
apple 507 580 523 613
apple 501 618 525 636
apple 569 641 589 654
apple 481 658 504 679
apple 408 690 455 730
apple 363 744 415 796
apple 369 782 415 817
apple 315 794 367 850
apple 45 843 107 903
apple 130 831 176 881
apple 112 890 148 927
apple 204 857 241 893
apple 182 890 216 911
apple 242 820 268 847
apple 255 835 293 860
apple 289 814 320 842
apple 275 773 304 803
apple 359 833 392 861
apple 453 823 487 859
apple 200 939 238 974
apple 296 939 332 969
apple 292 883 307 897
apple 445 998 487 1047
apple 476 975 511 1013
apple 512 941 533 977
apple 555 919 584 948
apple 609 972 639 1012
apple 684 913 719 953
apple 703 950 719 977
apple 450 449 471 466
