apple 0.9998828 219 676 266 725
apple 0.9997696 510 631 573 694
apple 0.99971706 439 651 500 710
apple 0.999647 190 743 237 791
apple 0.9995515 42 341 71 371
apple 0.9991787 28 365 56 393
apple 0.9987993 15 347 39 374
apple 0.9985784 312 291 340 320
apple 0.99818355 59 197 87 225
apple 0.9981786 681 469 718 534
apple 0.9980591 359 300 381 332
apple 0.9978649 57 368 82 394
apple 0.99677104 483 793 520 826
apple 0.9965276 290 274 319 304
apple 0.99642 71 744 108 777
apple 0.9943019 447 796 481 833
apple 0.9937436 263 275 290 305
apple 0.9929959 436 508 466 537
apple 0.99242496 379 293 406 325
apple 0.9910142 334 261 356 281
apple 0.9909285 92 580 116 605
apple 0.9881997 289 709 332 742
apple 0.9879964 281 772 312 802
apple 0.9854894 327 240 350 264
apple 0.9839432 188 652 224 684
apple 0.98100716 269 305 293 332
apple 0.97318745 165 652 189 679
apple 0.96720326 107 540 130 563
apple 0.9619072 1 380 20 396
apple 0.96052736 343 319 369 342
apple 0.9559747 409 512 435 541
apple 0.95395344 165 392 180 412
apple 0.95002323 1 324 15 340
apple 0.93806136 2 359 16 379
apple 0.9334213 488 574 519 598
apple 0.9310783 361 256 386 277
apple 0.92992973 32 838 56 857
apple 0.9295208 1 824 9 851
apple 0.92219716 8 397 33 420
apple 0.9208965 172 374 192 393
apple 0.9169314 237 285 264 314
apple 0.91401196 125 354 145 375
apple 0.9089922 241 252 269 276
apple 0.9079017 137 616 160 632
apple 0.90490836 670 377 696 396
apple 0.8985589 619 580 637 615
apple 0.89350545 160 315 189 337
apple 0.8904707 474 857 502 878
apple 0.86718965 431 383 454 398
apple 0.8108463 160 412 175 426
