apple 0.998798 334 371 362 398
apple 0.9972133 480 296 512 329
apple 0.996926 325 868 359 912
apple 0.9957653 325 523 352 548
apple 0.9921198 638 794 662 821
apple 0.99188614 303 368 331 395
apple 0.99171793 320 608 349 636
apple 0.990436 255 862 294 905
apple 0.9899088 102 539 123 563
apple 0.98848665 406 650 436 677
apple 0.98747593 290 871 330 923
apple 0.98728055 392 507 420 535
apple 0.9843305 538 877 563 901
apple 0.98106027 522 943 559 974
apple 0.9781633 641 769 667 791
apple 0.9778022 535 911 564 940
apple 0.9752101 445 526 470 549
apple 0.96926033 304 588 340 614
apple 0.96916157 543 318 572 345
apple 0.9652596 530 793 551 819
apple 0.9550676 500 819 529 844
apple 0.95317876 469 324 495 354
apple 0.95193714 43 685 67 710
apple 0.94694835 603 785 626 816
apple 0.94611067 406 376 437 409
apple 0.93563855 416 517 432 542
apple 0.88612753 476 611 494 634
apple 0.8818393 396 337 411 364
apple 0.87409514 424 499 458 520
apple 0.8127714 493 404 524 434
apple 0.78876656 449 821 479 855
apple 0.78724897 360 807 392 844
apple 0.6873831 383 485 401 499
apple 0.6789356 331 811 355 830
apple 0.5816056 469 515 491 535
apple 0.5036688 136 537 150 558
apple 0.43731105 615 653 633 670
apple 0.43237364 546 375 561 391
apple 0.4134936 349 820 381 848
apple 0.41311964 334 553 353 570
apple 0.40787217 707 843 719 858
apple 0.3850844 322 592 341 613
apple 0.34031054 480 735 498 749
apple 0.30251747 430 338 451 353
apple 0.25094926 425 794 467 845
apple 0.24019833 595 636 607 645
apple 0.2168737 594 635 619 662
apple 0.14818779 596 635 615 647
apple 0.13689335 449 519 477 547
apple 0.114067584 413 375 443 400
