apple 0.9993944 655 137 694 176
apple 0.99854326 236 170 263 204
apple 0.99804074 648 111 678 147
apple 0.9979565 650 476 686 513
apple 0.99730575 582 315 610 346
apple 0.9969381 127 315 154 344
apple 0.99539435 213 479 244 505
apple 0.9941299 620 301 651 335
apple 0.99408686 355 561 384 585
apple 0.99339855 356 408 382 434
apple 0.99306935 573 630 605 660
apple 0.9929103 565 819 597 848
apple 0.9926946 397 544 428 572
apple 0.99213034 242 616 274 649
apple 0.987258 586 273 614 304
apple 0.9859788 297 417 320 448
apple 0.9846659 665 371 696 405
apple 0.976041 9 499 33 521
apple 0.97017896 373 421 395 444
apple 0.9543421 562 419 584 443
apple 0.9444751 307 485 334 506
apple 0.9441896 233 293 250 312
apple 0.94032824 629 481 655 516
apple 0.9353081 205 720 223 739
apple 0.9186987 176 337 200 358
apple 0.91631657 263 244 283 269
apple 0.8943067 221 383 238 404
apple 0.8923487 136 623 154 648
apple 0.8893533 217 173 235 187
apple 0.88587993 62 532 84 552
apple 0.8774767 624 283 643 301
apple 0.87545645 549 497 575 521
apple 0.8572292 196 222 234 244
apple 0.77726835 501 561 522 585
apple 0.71868503 621 256 645 281
apple 0.71264327 673 519 693 540
apple 0.65547186 114 539 123 555
apple 0.62505925 268 427 291 458
apple 0.5650305 195 222 214 241
apple 0.50503373 703 511 719 526
apple 0.48990852 698 513 718 543
apple 0.44108635 546 701 577 720
apple 0.4208913 1 468 20 489
apple 0.39634407 353 482 368 496
apple 0.39443916 349 483 372 509
apple 0.3633644 114 847 139 872
apple 0.36095026 113 584 127 598
apple 0.35698533 673 305 690 320
apple 0.3493714 638 486 664 515
apple 0.30207425 36 807 64 835
