apple 0.9998512 512 867 553 910
apple 0.9996923 318 495 356 533
apple 0.99965274 436 1017 482 1060
apple 0.99959236 327 586 368 625
apple 0.99950325 405 560 445 601
apple 0.99949205 399 236 439 277
apple 0.99947864 399 406 441 454
apple 0.99947387 278 561 319 599
apple 0.9993755 141 645 186 688
apple 0.9993285 396 851 441 894
apple 0.9992539 198 487 230 519
apple 0.9990694 219 730 259 770
apple 0.9990305 373 763 411 798
apple 0.9989328 330 378 366 411
apple 0.99893147 267 737 309 776
apple 0.99879396 202 666 238 698
apple 0.9987494 217 531 247 560
apple 0.99840504 595 1012 639 1045
apple 0.99788135 205 1001 243 1044
apple 0.9974323 493 743 531 781
apple 0.9973979 328 632 367 665
apple 0.99702233 322 236 359 263
apple 0.9960433 421 798 457 828
apple 0.996015 485 994 518 1025
apple 0.995551 450 710 491 748
apple 0.99516547 674 629 707 659
apple 0.9950944 601 616 628 644
apple 0.9948137 31 664 63 695
apple 0.99456376 505 340 539 373
apple 0.9940006 337 169 373 207
apple 0.9911522 385 221 415 258
apple 0.9885889 662 584 692 613
apple 0.9661578 434 400 467 434
apple 0.96207386 125 949 156 975
apple 0.9619107 365 497 381 520
apple 0.957143 487 669 522 697
apple 0.9543309 544 740 569 764
apple 0.94213307 504 1080 519 1102
apple 0.89795256 330 342 365 375
apple 0.8892153 573 642 609 662
apple 0.8815253 160 955 177 970
apple 0.8692547 389 382 417 405
apple 0.8629803 221 468 243 497
apple 0.8430944 395 1059 413 1083
apple 0.77113724 292 593 322 620
apple 0.768654 464 903 490 918
apple 0.7664254 689 607 718 629
apple 0.73458123 532 926 563 974
apple 0.72707194 698 571 718 592
apple 0.7086716 499 592 513 606
