apple 0.99981385 270 214 314 259
apple 0.99980646 249 415 289 454
apple 0.9996586 319 464 361 509
apple 0.9995382 58 483 108 526
apple 0.9992743 336 633 379 676
apple 0.9986879 366 735 407 773
apple 0.9986506 233 217 270 250
apple 0.99852496 287 469 319 508
apple 0.99849725 133 431 165 462
apple 0.9984005 217 319 248 356
apple 0.9982975 257 670 295 709
apple 0.99823976 252 320 281 357
apple 0.9979621 109 175 146 210
apple 0.99786973 93 441 134 474
apple 0.99758995 353 349 388 389
apple 0.9974208 73 523 107 551
apple 0.994783 81 549 104 573
apple 0.99416333 99 543 129 572
apple 0.9920735 220 178 248 205
apple 0.99083626 350 679 383 711
apple 0.98943675 593 578 625 605
apple 0.9836385 291 621 318 650
apple 0.9835617 633 381 656 412
apple 0.98205477 251 528 281 558
apple 0.9792047 183 302 203 336
apple 0.9781252 125 512 159 543
apple 0.97264165 222 588 250 636
apple 0.9696209 134 404 160 429
apple 0.9677576 292 578 316 608
apple 0.9666204 176 387 198 410
apple 0.9654378 343 965 365 985
apple 0.9649002 144 500 170 529
apple 0.9572481 522 753 552 771
apple 0.9568919 186 644 222 676
apple 0.9562905 314 542 341 564
apple 0.94283843 272 388 294 411
apple 0.93117404 147 179 173 207
apple 0.91155535 660 637 686 661
apple 0.9108147 482 723 512 742
apple 0.91039526 353 585 365 609
apple 0.8734981 329 928 350 953
apple 0.8662362 623 309 658 343
apple 0.82434404 175 167 192 182
apple 0.7914398 253 652 279 680
apple 0.77705413 287 282 297 296
apple 0.7078365 250 185 262 200
apple 0.6917378 173 168 194 193
apple 0.64036936 142 482 155 501
apple 0.5315691 335 985 357 1012
apple 0.51931226 240 296 258 310
