apple 0.9995772 43 276 84 318
apple 0.9995547 465 753 501 787
apple 0.9994099 409 789 443 823
apple 0.99924904 151 877 186 913
apple 0.9992118 419 623 447 651
apple 0.9988524 46 648 80 688
apple 0.99884146 349 583 385 615
apple 0.99875987 31 881 70 913
apple 0.9985049 36 924 73 962
apple 0.99841917 511 825 545 864
apple 0.9983961 434 654 467 686
apple 0.99771583 3 883 30 919
apple 0.9976393 193 899 227 933
apple 0.99656516 412 671 443 701
apple 0.9953269 422 570 448 604
apple 0.9952192 0 694 18 723
apple 0.99343675 89 709 111 736
apple 0.9933682 76 650 101 679
apple 0.9925966 530 863 566 891
apple 0.99161655 319 825 347 848
apple 0.98968095 22 260 50 296
apple 0.98462784 386 551 407 573
apple 0.97779864 337 609 359 633
apple 0.97755903 380 617 407 641
apple 0.97668695 31 712 49 731
apple 0.97164524 364 922 390 949
apple 0.97086316 452 820 487 848
apple 0.9655158 379 526 398 543
apple 0.9605762 548 806 579 828
apple 0.9557255 0 830 11 853
apple 0.9516872 362 691 377 710
apple 0.938573 76 692 96 713
apple 0.93325204 388 853 402 870
apple 0.9118951 50 693 71 722
apple 0.89589095 364 776 386 792
apple 0.8946696 214 944 233 962
apple 0.8743658 77 930 106 958
apple 0.8254501 200 959 223 983
apple 0.8160346 394 519 419 542
apple 0.7210521 57 214 72 230
apple 0.5768646 339 924 353 946
apple 0.5216508 365 767 397 793
apple 0.49612135 348 691 376 711
apple 0.44708842 381 521 412 544
apple 0.38397032 404 978 416 992
apple 0.36673316 397 581 410 601
apple 0.31169292 86 319 100 335
apple 0.26460817 129 292 146 303
apple 0.133244 712 785 718 806
apple 0.07168069 98 838 113 848
