apple 0.9997651 192 296 223 338
apple 0.99956924 194 592 224 624
apple 0.99956363 204 177 236 211
apple 0.9995054 504 812 544 852
apple 0.99937075 196 901 244 951
apple 0.99927884 233 331 268 367
apple 0.99918073 282 285 317 321
apple 0.99912006 160 290 195 327
apple 0.99907136 306 584 337 616
apple 0.9990226 515 859 548 894
apple 0.99897385 366 527 395 557
apple 0.9985587 144 234 179 267
apple 0.9984238 152 395 186 432
apple 0.9979081 256 290 284 325
apple 0.9955444 363 711 394 742
apple 0.99528956 679 607 713 634
apple 0.9947043 668 697 699 723
apple 0.99412966 96 786 125 815
apple 0.99326766 199 420 238 453
apple 0.99306834 665 868 703 897
apple 0.9917282 262 375 292 403
apple 0.99048704 297 32 331 71
apple 0.9897479 337 719 363 747
apple 0.9896898 348 553 383 580
apple 0.9893162 220 492 250 533
apple 0.98863107 168 482 196 507
apple 0.98816574 622 775 650 795
apple 0.98578125 174 700 200 719
apple 0.9853828 235 184 257 213
apple 0.9832671 291 242 313 268
apple 0.98292243 188 567 216 596
apple 0.98042727 83 765 107 791
apple 0.9700748 558 700 583 722
apple 0.96996754 240 906 265 943
apple 0.9692048 111 504 135 527
apple 0.96838 621 595 644 620
apple 0.96742153 166 582 185 606
apple 0.9636705 243 373 262 392
apple 0.96326834 287 410 306 434
apple 0.96305305 363 314 378 332
apple 0.9622222 503 884 526 905
apple 0.95580226 360 764 391 791
apple 0.9439026 294 485 316 505
apple 0.93514854 208 620 225 638
apple 0.9307645 329 745 362 772
apple 0.9126319 258 185 273 219
apple 0.90994024 305 902 319 928
apple 0.9005575 658 676 682 694
apple 0.8855489 700 472 718 497
apple 0.8744617 643 572 664 594
