apple 0.99959534 207 237 248 280
apple 0.9993274 143 211 177 247
apple 0.9991942 633 796 669 833
apple 0.9991929 216 179 258 220
apple 0.99911135 689 507 718 544
apple 0.99883074 263 117 311 164
apple 0.99819225 126 244 152 275
apple 0.997664 0 579 29 621
apple 0.9975967 176 213 203 243
apple 0.997065 390 919 429 959
apple 0.99687636 292 341 326 373
apple 0.9958702 324 416 356 447
apple 0.9940468 395 789 430 823
apple 0.99282277 30 822 57 857
apple 0.9927821 147 506 182 542
apple 0.9924901 145 378 183 410
apple 0.99023914 300 523 332 556
apple 0.98836005 694 788 718 813
apple 0.98737794 163 547 194 580
apple 0.98734236 357 425 385 451
apple 0.98717207 1 424 11 455
apple 0.9856436 310 259 342 281
apple 0.9836288 172 321 203 348
apple 0.96687526 138 283 164 306
apple 0.96564776 285 557 316 587
apple 0.96284777 158 427 181 446
apple 0.95849717 662 684 694 714
apple 0.9503356 92 556 122 573
apple 0.9475776 172 349 197 366
apple 0.9447617 509 790 528 809
apple 0.94093925 121 546 153 574
apple 0.9389777 197 445 225 473
apple 0.93795675 249 555 274 590
apple 0.9367369 380 825 411 855
apple 0.92477334 83 486 100 512
apple 0.9076974 246 633 269 658
apple 0.8799662 374 656 403 691
apple 0.87860835 117 859 147 885
apple 0.86389065 140 342 160 365
apple 0.8421544 707 449 718 471
apple 0.8367694 370 894 393 920
apple 0.7964968 193 896 223 924
apple 0.7699211 137 379 153 398
apple 0.7360842 241 768 256 789
apple 0.70337385 197 410 220 427
apple 0.6970808 189 468 210 485
apple 0.6888344 93 919 121 942
apple 0.67794913 173 405 189 422
apple 0.6283258 361 588 391 618
apple 0.5135574 155 930 188 952
