apple 0.9999087 50 634 88 673
apple 0.999684 606 648 642 682
apple 0.9996656 414 662 452 700
apple 0.9994823 375 297 411 334
apple 0.99947745 99 550 133 580
apple 0.9994686 84 664 116 693
apple 0.99941695 415 243 447 277
apple 0.9993333 254 565 290 604
apple 0.99912745 419 201 456 242
apple 0.99909174 641 320 681 360
apple 0.99907625 375 541 412 582
apple 0.9990683 335 641 369 672
apple 0.9989624 478 391 508 422
apple 0.9988927 383 214 420 256
apple 0.99865025 454 305 488 337
apple 0.9985544 314 197 340 224
apple 0.9985409 693 302 719 340
apple 0.9985262 622 385 659 419
apple 0.9984037 582 680 612 713
apple 0.9983972 336 504 380 542
apple 0.9982943 538 230 581 275
apple 0.99826247 51 520 74 547
apple 0.9981858 285 137 310 165
apple 0.997979 647 802 679 833
apple 0.9979201 303 335 330 363
apple 0.997914 195 595 223 627
apple 0.9976605 512 697 545 729
apple 0.9975567 263 147 286 171
apple 0.9975193 411 335 440 363
apple 0.99750525 200 158 224 185
apple 0.997218 471 658 506 689
apple 0.99719054 292 227 316 250
apple 0.997142 216 586 251 616
apple 0.9968426 401 59 424 81
apple 0.99681145 598 698 631 730
apple 0.99670464 691 411 718 450
apple 0.9964833 274 359 298 384
apple 0.9963954 164 443 192 468
apple 0.99512744 223 164 245 189
apple 0.99430156 418 298 450 329
apple 0.994214 451 366 480 396
apple 0.99416685 696 269 719 300
apple 0.9940078 612 410 640 438
apple 0.9939693 521 89 539 116
apple 0.9927797 415 359 450 388
apple 0.9925243 341 372 365 398
apple 0.9924108 257 356 276 379
apple 0.99210733 601 578 625 602
apple 0.9919687 473 554 499 581
apple 0.9910597 343 172 367 195
