apple 0.785645 48 548 88 588
apple 0.717773 223 289 261 331
apple 0.690430 661 770 687 796
apple 0.690430 577 344 608 378
apple 0.670410 99 658 134 691
apple 0.662109 357 452 386 485
apple 0.639160 472 770 499 796
apple 0.633789 305 375 340 408
apple 0.605469 26 638 59 668
apple 0.602051 606 324 632 350
apple 0.576660 286 427 322 456
apple 0.562012 181 426 210 454
apple 0.559570 521 624 552 656
apple 0.534180 318 784 349 814
apple 0.526855 353 361 385 392
apple 0.519043 113 260 146 296
apple 0.519043 529 650 562 676
apple 0.512695 181 131 202 152
apple 0.511719 239 160 264 190
apple 0.510254 37 368 64 406
apple 0.476562 160 658 193 684
apple 0.472412 276 650 307 680
apple 0.451416 554 362 576 384
apple 0.443115 147 352 177 383
apple 0.438477 255 678 282 706
apple 0.435547 167 569 190 592
apple 0.421387 42 267 65 291
apple 0.413086 77 339 111 373
apple 0.410156 585 693 608 717
apple 0.408203 671 625 693 643
apple 0.405273 382 329 411 354
apple 0.388428 270 692 300 724
apple 0.385986 702 304 720 324
apple 0.382324 20 195 40 216
apple 0.377930 157 405 183 431
apple 0.371826 680 578 702 600
apple 0.362061 83 270 115 306
apple 0.356934 644 693 657 706
apple 0.352539 260 913 282 941
apple 0.332275 265 594 287 616
apple 0.293945 0 685 23 711
apple 0.291016 72 401 95 427
apple 0.270264 526 626 560 678
