apple 0.844238 367 353 406 398
apple 0.813477 369 875 401 912
apple 0.806152 348 718 390 765
apple 0.796387 365 521 408 560
apple 0.744141 296 221 335 264
apple 0.670410 387 594 421 626
apple 0.663086 218 706 249 738
apple 0.658203 15 349 48 382
apple 0.640625 241 502 273 536
apple 0.638672 339 400 372 434
apple 0.610352 160 674 195 714
apple 0.602539 428 233 464 272
apple 0.600586 408 221 443 261
apple 0.540527 297 371 335 401
apple 0.520508 516 390 536 408
apple 0.481201 521 366 537 385
apple 0.432861 563 452 586 467
apple 0.392090 304 866 339 906
apple 0.386475 495 382 512 398
apple 0.381836 537 343 553 361
apple 0.372559 568 1022 599 1050
apple 0.370605 54 940 90 974
apple 0.354492 192 836 219 858
apple 0.346191 42 369 75 399
apple 0.324219 271 839 303 863
apple 0.320312 424 476 448 499
apple 0.318848 375 1063 406 1091
apple 0.297852 299 299 325 322
apple 0.286621 682 578 699 594
