apple 0.848633 440 290 476 326
apple 0.841797 544 828 582 866
apple 0.825684 620 143 664 188
apple 0.804688 480 469 520 510
apple 0.790527 460 420 502 455
apple 0.787598 243 422 272 452
apple 0.769043 632 207 672 248
apple 0.757812 316 444 345 469
apple 0.746582 299 662 336 698
apple 0.738281 620 856 681 910
apple 0.730469 563 512 600 548
apple 0.729492 366 624 399 656
apple 0.729492 543 641 575 679
apple 0.726074 586 311 609 344
apple 0.725098 246 660 284 692
apple 0.720703 590 485 627 520
apple 0.720703 328 625 358 663
apple 0.716797 210 1020 240 1060
apple 0.687500 592 351 666 419
apple 0.686035 638 739 663 769
apple 0.683594 495 331 524 363
apple 0.679199 383 378 403 402
apple 0.665039 616 548 640 578
apple 0.595703 239 750 272 790
apple 0.579102 674 263 694 286
apple 0.546875 409 543 462 607
apple 0.520996 700 712 720 740
apple 0.516113 467 276 503 300
apple 0.469727 49 537 67 553
apple 0.443115 680 736 698 750
apple 0.415527 302 739 322 765
apple 0.401611 562 1104 610 1136
apple 0.391846 245 428 297 483
apple 0.386230 592 374 632 418
apple 0.345947 471 330 499 362
apple 0.344238 654 574 680 591
apple 0.320312 30 1035 70 1095
apple 0.295166 536 1175 576 1211
apple 0.285889 628 353 664 391
apple 0.283936 98 1036 136 1074
apple 0.278809 256 595 277 614
apple 0.278076 428 480 450 516
apple 0.258545 410 564 432 593
apple 0.252686 66 496 78 509
apple 0.251953 57 1132 99 1176
