apple 0.896973 151 892 193 940
apple 0.887207 336 680 378 724
apple 0.874512 150 406 190 453
apple 0.826660 153 553 187 596
apple 0.812500 346 850 376 890
apple 0.807129 39 950 85 988
apple 0.771484 272 344 309 374
apple 0.764160 268 977 299 1008
apple 0.759277 222 794 286 853
apple 0.758789 350 1059 384 1079
apple 0.723633 318 772 344 798
apple 0.710449 228 340 264 373
apple 0.700195 600 604 616 624
apple 0.685547 5 1084 49 1122
apple 0.657227 395 1190 425 1224
apple 0.609375 301 776 322 816
apple 0.604004 300 1004 316 1033
apple 0.599609 612 728 628 744
apple 0.598145 247 942 278 976
apple 0.577148 189 981 212 1014
apple 0.567871 187 560 216 589
apple 0.567871 666 622 681 635
apple 0.546387 390 856 416 882
apple 0.526367 245 306 270 331
apple 0.504395 672 1152 698 1184
apple 0.499268 614 479 630 495
apple 0.481934 336 498 378 532
apple 0.474121 326 1047 339 1061
apple 0.469238 680 564 696 579
apple 0.465332 665 530 679 546
apple 0.461670 111 623 126 638
apple 0.452148 145 518 161 537
apple 0.439453 286 926 326 961
apple 0.420410 386 786 418 826
apple 0.406006 267 900 282 914
apple 0.398682 643 483 661 504
apple 0.394775 483 694 536 734
apple 0.393555 302 774 342 810
apple 0.376221 602 687 616 701
apple 0.366455 295 1173 332 1211
apple 0.359375 294 1171 359 1235
apple 0.347900 354 810 378 836
apple 0.344971 648 528 662 541
apple 0.344482 622 560 636 576
apple 0.344238 684 842 700 856
apple 0.340088 280 922 301 957
apple 0.335449 636 464 648 478
apple 0.334473 108 590 120 606
apple 0.327393 545 834 558 846
apple 0.317139 608 824 620 837
apple 0.313965 436 694 470 722
apple 0.311768 137 516 148 530
apple 0.309082 524 1245 560 1277
apple 0.302734 330 904 355 930
apple 0.298340 252 690 272 723
apple 0.294434 334 992 343 1008
apple 0.287354 237 654 253 670
apple 0.285889 222 794 263 832
apple 0.284180 181 613 193 625
apple 0.271973 174 634 191 646
apple 0.266357 267 870 279 888
apple 0.265625 175 518 186 540
apple 0.260742 138 516 155 532
apple 0.251709 620 450 633 464
