apple 0.851562 544 120 582 168
apple 0.811523 437 230 481 266
apple 0.753418 568 262 610 302
apple 0.732422 468 389 496 417
apple 0.716309 508 752 551 796
apple 0.713379 508 333 534 360
apple 0.705078 304 406 324 428
apple 0.639648 690 316 716 342
apple 0.617676 619 536 643 557
apple 0.584473 486 726 524 762
apple 0.566895 542 654 572 694
apple 0.552734 490 364 512 384
apple 0.529297 600 310 630 342
apple 0.521973 670 323 690 344
apple 0.466309 654 794 694 828
apple 0.420898 642 317 662 334
apple 0.388428 622 748 654 780
apple 0.385498 84 373 102 392
apple 0.375488 684 231 697 248
apple 0.358398 486 726 542 780
apple 0.338135 255 462 274 481
apple 0.295410 450 752 480 784
