apple 0.747559 82 278 118 311
apple 0.742188 669 453 692 479
apple 0.731445 679 395 704 417
apple 0.633789 607 411 628 436
apple 0.632324 235 1003 291 1055
apple 0.614746 227 1149 262 1185
apple 0.612305 592 434 616 454
apple 0.564941 245 560 272 594
apple 0.554199 224 522 247 546
apple 0.522461 575 423 592 446
apple 0.493896 558 393 574 414
apple 0.418945 386 927 414 953
apple 0.414795 189 526 208 558
apple 0.407715 678 522 697 544
apple 0.389160 237 466 249 478
apple 0.367188 121 598 149 626
apple 0.352783 656 686 676 702
apple 0.344238 452 1045 479 1069
apple 0.327637 440 908 460 924
apple 0.327148 311 1080 342 1110
apple 0.320312 247 471 260 485
apple 0.303711 275 463 286 474
apple 0.253174 188 402 198 415
apple 0.252197 673 654 688 666
