apple 0.847656 173 538 214 580
apple 0.842773 1064 3 1108 41
apple 0.840332 1073 316 1125 361
apple 0.836914 421 620 460 662
apple 0.826660 688 378 726 423
apple 0.822754 676 456 722 496
apple 0.819824 914 43 962 86
apple 0.807617 1135 35 1175 75
apple 0.805664 262 518 302 560
apple 0.791504 389 410 428 456
apple 0.790039 223 578 258 612
apple 0.774414 513 256 552 296
apple 0.774414 894 584 942 648
apple 0.747070 780 554 811 588
apple 0.743164 68 403 111 442
apple 0.742188 449 566 497 626
apple 0.738281 646 225 682 253
apple 0.726074 1006 114 1026 134
apple 0.720703 652 252 688 286
apple 0.712891 354 495 393 530
apple 0.712402 586 368 608 394
apple 0.694336 381 551 420 593
apple 0.689453 1054 67 1090 92
apple 0.689453 480 332 524 371
apple 0.687012 504 410 544 444
apple 0.655273 604 404 633 438
orange 0.635254 1218 26 1258 62
apple 0.626953 632 628 680 710
apple 0.613770 496 557 536 596
apple 0.600586 596 82 642 119
apple 0.581543 445 433 490 475
apple 0.575684 874 8 912 30
apple 0.566895 336 411 376 446
apple 0.549805 0 6 20 50
apple 0.532227 368 25 401 66
apple 0.515625 284 274 309 298
apple 0.501465 1162 381 1190 409
apple 0.496338 554 267 590 298
apple 0.480957 651 285 683 322
apple 0.480469 342 48 371 70
apple 0.480225 366 81 404 118
apple 0.449463 298 509 322 533
apple 0.435059 446 170 464 190
apple 0.434814 78 441 119 478
apple 0.426514 826 276 860 302
apple 0.412109 550 629 564 645
apple 0.406494 650 90 690 129
apple 0.402344 732 364 768 398
apple 0.392822 1005 380 1047 444
apple 0.390137 276 554 308 588
apple 0.375732 1010 416 1038 444
apple 0.368896 152 387 182 421
apple 0.361084 456 443 503 492
apple 0.357178 624 165 640 182
apple 0.350098 16 367 53 392
apple 0.327881 400 58 416 80
apple 0.302490 827 260 878 301
apple 0.302002 530 308 563 342
apple 0.294922 763 416 797 435
apple 0.292480 1010 380 1046 394
apple 0.286133 934 532 964 573
apple 0.275391 1146 198 1170 216
apple 0.275146 1179 612 1209 642
apple 0.274170 617 340 632 357
apple 0.267334 40 386 74 422
apple 0.261719 225 343 245 360
apple 0.258545 718 645 756 689
orange 0.251953 1241 112 1279 150
