apple 0.828125 337 132 380 169
apple 0.822754 896 179 935 218
apple 0.805664 829 354 877 399
apple 0.797363 77 215 127 256
apple 0.777832 349 647 397 695
apple 0.752441 386 666 427 712
apple 0.751953 47 526 83 562
apple 0.736328 329 251 373 293
apple 0.729492 981 364 1028 409
apple 0.729492 20 414 58 449
apple 0.729004 1028 44 1070 83
apple 0.723633 774 354 810 386
apple 0.719238 267 288 312 332
apple 0.708496 264 154 305 194
apple 0.698730 173 222 222 266
apple 0.695801 862 568 908 610
apple 0.690918 0 626 32 656
apple 0.675781 540 624 566 652
apple 0.670898 36 497 71 530
apple 0.663574 326 79 362 108
apple 0.659180 342 333 378 369
apple 0.629395 352 22 381 47
apple 0.620117 428 571 456 606
apple 0.619629 920 532 956 566
apple 0.606934 313 533 344 558
apple 0.606445 866 404 908 448
apple 0.553223 167 345 217 386
apple 0.539551 162 510 189 536
apple 0.524414 346 110 379 138
apple 0.480713 59 100 94 137
apple 0.475342 474 328 494 352
apple 0.475342 216 464 240 487
apple 0.471680 159 318 202 352
apple 0.457031 754 667 786 701
apple 0.442383 159 45 190 79
apple 0.442139 555 584 571 602
apple 0.428223 750 179 776 202
apple 0.406982 270 191 308 222
apple 0.385498 546 568 559 582
apple 0.381592 51 76 81 108
apple 0.376953 40 670 69 698
apple 0.372314 526 0 558 27
apple 0.369141 225 20 255 41
apple 0.365723 546 43 570 61
apple 0.346436 95 346 142 392
apple 0.329834 125 652 154 679
apple 0.312500 0 559 25 594
apple 0.311035 70 506 100 536
apple 0.306396 75 29 118 64
apple 0.306396 665 275 682 290
apple 0.306152 548 229 571 250
orange 0.303955 983 364 1028 409
apple 0.292236 388 595 427 627
apple 0.289307 198 694 239 720
apple 0.289062 194 488 221 513
apple 0.275391 217 568 246 594
orange 0.274170 49 48 84 73
apple 0.272949 848 76 890 116
apple 0.269043 346 364 385 393
apple 0.257568 192 135 224 164
apple 0.253418 49 48 84 73
