apple 0.861328 122 568 173 610
apple 0.850586 264 632 299 664
apple 0.849121 263 560 292 588
apple 0.825684 318 457 353 492
apple 0.818848 158 528 195 560
apple 0.798828 485 426 530 469
apple 0.785645 508 613 538 648
apple 0.780273 634 199 671 245
apple 0.765625 188 426 224 458
apple 0.763184 349 29 386 72
apple 0.746094 406 466 440 501
apple 0.739746 450 428 486 458
apple 0.704590 124 470 158 498
apple 0.697754 385 621 416 651
apple 0.668457 288 502 313 530
apple 0.652344 1068 450 1102 482
apple 0.643066 902 544 924 566
apple 0.639160 582 435 628 466
apple 0.634277 292 408 334 432
apple 0.625488 366 161 390 182
apple 0.608887 964 95 992 124
apple 0.602539 76 534 105 560
apple 0.592285 457 710 488 720
apple 0.585938 391 450 414 473
apple 0.562012 978 167 1006 197
apple 0.556152 532 408 568 446
apple 0.538086 1064 430 1094 456
apple 0.531250 15 459 49 486
apple 0.520508 396 644 428 670
apple 0.502930 959 70 985 98
apple 0.492676 383 148 404 171
apple 0.468262 413 658 446 697
apple 0.444580 819 381 839 405
apple 0.435547 981 64 1003 89
apple 0.421387 1083 566 1115 596
apple 0.406006 1013 462 1047 492
apple 0.389404 602 364 624 384
apple 0.379639 1070 238 1098 266
apple 0.366943 1046 406 1070 424
apple 0.364990 0 568 18 603
apple 0.364014 926 540 951 568
apple 0.357178 477 257 495 276
apple 0.321045 866 666 893 696
apple 0.302002 168 510 190 530
apple 0.293213 1046 320 1074 346
apple 0.261963 963 66 1000 94
