apple 0.881836 393 465 442 506
apple 0.855957 358 421 389 447
apple 0.826660 257 303 300 342
apple 0.821289 910 340 946 376
apple 0.820801 712 228 774 282
apple 0.815430 346 231 388 271
apple 0.806152 464 321 500 360
apple 0.797852 812 337 848 383
apple 0.797363 968 363 1010 392
apple 0.795410 623 181 673 254
apple 0.794434 214 354 248 377
apple 0.770508 221 258 258 295
apple 0.765137 602 355 638 390
apple 0.764648 527 448 556 476
apple 0.753906 471 137 493 162
apple 0.736816 548 485 579 514
apple 0.726074 275 366 302 395
apple 0.717773 1006 671 1036 707
apple 0.709473 682 375 712 402
apple 0.709473 1066 408 1110 437
apple 0.684082 157 314 199 358
apple 0.681641 764 203 794 231
apple 0.677246 628 376 661 402
apple 0.673828 236 330 272 362
apple 0.673828 106 300 140 332
apple 0.666992 521 23 539 44
apple 0.651367 800 390 826 412
apple 0.630371 638 10 666 34
apple 0.621094 128 272 165 290
apple 0.612305 664 416 684 432
apple 0.599609 308 347 344 374
apple 0.579102 552 247 590 291
apple 0.573730 210 305 234 327
apple 0.554688 708 351 744 388
apple 0.540527 530 425 589 514
apple 0.523438 708 276 725 292
apple 0.428467 76 345 114 372
apple 0.418213 516 619 538 642
apple 0.412354 1234 390 1272 427
apple 0.388428 751 512 765 525
apple 0.387451 297 273 324 294
apple 0.383545 751 524 762 538
apple 0.381348 722 158 748 184
apple 0.349365 895 432 916 446
apple 0.345947 1172 540 1204 572
apple 0.333740 103 331 125 359
apple 0.333740 620 0 648 13
apple 0.322021 776 426 788 440
apple 0.304443 548 425 589 461
apple 0.283203 915 410 932 426
apple 0.280273 502 2 523 21
apple 0.265869 791 366 814 384
apple 0.259521 640 568 654 581
