apple 0.854492 147 77 207 128
apple 0.851562 268 16 323 72
apple 0.851074 136 172 198 231
apple 0.849121 69 201 145 264
apple 0.782715 330 650 372 692
apple 0.782227 566 219 602 260
apple 0.781738 391 57 437 98
apple 0.739746 412 402 456 448
apple 0.733398 350 210 386 243
apple 0.705566 386 586 426 625
apple 0.660645 354 355 399 395
apple 0.654785 334 540 375 578
apple 0.653809 36 37 64 65
apple 0.608887 480 656 509 684
apple 0.604004 321 281 354 313
apple 0.595215 366 504 410 544
apple 0.589844 1023 679 1059 710
apple 0.581543 588 262 622 298
apple 0.579102 404 239 436 271
apple 0.576172 528 688 556 720
apple 0.575195 477 306 511 338
orange 0.552734 284 474 319 512
apple 0.543945 1056 662 1096 700
apple 0.541016 362 405 405 445
apple 0.533691 1092 296 1112 317
apple 0.503418 413 478 453 516
apple 0.492188 476 443 510 474
apple 0.478516 0 146 16 177
apple 0.476074 383 440 424 474
apple 0.472656 634 667 662 698
apple 0.464355 487 494 520 528
orange 0.459961 274 0 322 17
apple 0.450684 396 162 428 194
apple 0.450439 192 172 236 225
orange 0.439697 366 503 410 544
orange 0.439697 702 683 734 713
apple 0.419434 284 474 319 512
apple 0.414795 1003 695 1037 720
apple 0.395996 550 83 580 122
apple 0.383301 288 300 319 327
apple 0.376709 421 671 448 698
apple 0.373047 622 88 648 116
apple 0.363770 1082 650 1120 688
apple 0.350098 50 76 77 104
apple 0.348633 413 644 438 668
apple 0.344238 1118 291 1140 309
apple 0.337402 68 32 96 55
apple 0.317383 451 520 472 545
orange 0.309326 2 66 28 91
orange 0.278809 672 647 691 665
apple 0.278320 1051 164 1069 181
apple 0.268311 1055 648 1119 704
apple 0.259521 721 120 745 146
apple 0.258545 2 66 28 91
apple 0.253662 719 1 747 28
