apple 0.791992 320 476 342 496
apple 0.753418 368 464 388 485
apple 0.740723 1040 6 1070 37
apple 0.729004 272 391 292 410
apple 0.687012 348 423 372 446
apple 0.625977 734 237 758 260
apple 0.612305 516 187 536 210
apple 0.594727 540 392 566 416
apple 0.579102 480 288 501 312
apple 0.553711 887 496 911 518
apple 0.542480 390 480 412 504
apple 0.542480 534 350 558 367
apple 0.522949 878 645 898 666
apple 0.511719 301 412 327 432
orange 0.498291 1161 153 1187 175
apple 0.494629 494 201 520 220
apple 0.447754 361 362 387 385
apple 0.437500 1167 50 1193 75
apple 0.425781 952 180 972 200
apple 0.425781 358 342 383 363
apple 0.416992 358 404 376 418
apple 0.413330 335 400 356 418
apple 0.405029 405 442 421 452
apple 0.383545 932 107 964 135
apple 0.379395 532 261 562 286
orange 0.369629 1105 392 1129 415
apple 0.368408 1254 11 1280 40
apple 0.354004 487 186 502 200
apple 0.343994 481 342 504 360
apple 0.317871 351 493 389 518
orange 0.309814 1125 137 1145 157
apple 0.305664 344 342 388 385
apple 0.305664 507 118 521 138
orange 0.294189 1078 149 1100 172
apple 0.290283 734 97 748 113
apple 0.287109 358 405 395 424
apple 0.286621 856 92 886 106
apple 0.286377 444 120 455 130
orange 0.269775 1103 446 1127 471
orange 0.266113 1111 424 1133 447
orange 0.263672 1167 50 1193 75
apple 0.260986 1066 20 1082 40
