apple 0.778320 430 593 474 635
apple 0.777344 294 605 326 633
apple 0.729492 382 570 418 616
apple 0.716797 388 350 420 380
apple 0.701660 598 654 634 682
apple 0.676758 411 425 437 454
apple 0.671875 512 535 560 573
apple 0.642090 256 545 290 582
apple 0.641113 586 437 623 469
apple 0.632812 784 680 816 718
apple 0.620117 500 6 524 32
apple 0.612305 1110 666 1148 704
apple 0.602051 649 542 680 574
apple 0.595215 1084 363 1118 395
apple 0.555664 586 476 617 504
apple 0.519043 694 411 720 428
apple 0.479004 710 354 746 388
apple 0.451172 625 422 655 444
apple 0.427734 350 703 380 720
apple 0.421387 996 142 1028 177
apple 0.397705 241 571 274 611
apple 0.395264 271 694 306 719
apple 0.377930 1036 678 1072 715
apple 0.369629 474 669 501 709
apple 0.359863 1085 191 1127 232
apple 0.340820 240 545 290 610
apple 0.329102 744 14 772 48
apple 0.326904 626 372 657 399
apple 0.299561 344 487 367 501
apple 0.291748 1034 478 1078 521
apple 0.291016 467 288 478 299
apple 0.282715 396 123 409 135
apple 0.281738 452 554 478 580
apple 0.280029 446 518 459 534
apple 0.265381 383 670 401 690
