apple 0.841797 780 607 820 641
apple 0.798828 288 7 330 51
apple 0.796387 342 112 375 144
apple 0.761230 527 692 569 720
apple 0.760254 527 24 559 56
apple 0.753906 1008 666 1042 698
apple 0.729004 486 17 523 47
apple 0.709961 936 563 966 594
apple 0.697266 354 79 384 106
apple 0.687988 502 95 524 126
apple 0.657227 998 465 1032 498
apple 0.567383 1044 406 1080 440
apple 0.545410 995 551 1029 585
apple 0.528809 1039 688 1073 720
apple 0.523926 416 113 463 157
apple 0.514160 356 183 386 215
apple 0.504883 400 92 420 113
apple 0.502930 900 389 933 419
apple 0.473389 858 245 891 285
apple 0.458496 898 674 924 702
apple 0.456787 412 146 449 178
apple 0.413330 559 47 584 63
apple 0.409180 556 235 574 250
apple 0.404297 446 481 461 494
apple 0.375244 522 71 540 88
apple 0.373779 355 237 383 264
apple 0.325928 318 41 342 63
apple 0.324951 596 73 610 98
apple 0.259766 517 405 555 432
