apple 0.884277 444 48 494 113
apple 0.835449 150 355 198 399
apple 0.824707 538 232 575 268
apple 0.818359 270 294 313 336
apple 0.814453 278 211 312 237
apple 0.797852 214 306 256 345
apple 0.788086 409 233 446 271
apple 0.779785 246 228 285 264
apple 0.772461 370 376 406 410
apple 0.766602 850 117 890 152
apple 0.758301 475 266 515 310
apple 0.756836 608 51 658 96
apple 0.724121 553 383 586 417
apple 0.715820 291 394 316 428
apple 0.701660 602 93 644 126
apple 0.673340 586 370 620 400
apple 0.669434 582 333 622 360
apple 0.651367 917 374 945 401
apple 0.650879 552 0 588 24
apple 0.648438 446 408 476 441
apple 0.637695 1159 232 1197 268
apple 0.621582 453 439 482 469
apple 0.606445 1081 143 1117 179
apple 0.604492 306 550 327 572
apple 0.563477 316 221 339 248
apple 0.562500 900 542 928 572
apple 0.523438 952 468 1001 524
apple 0.519531 245 258 278 288
apple 0.511230 354 252 384 288
apple 0.504395 949 351 981 379
apple 0.486572 888 372 913 397
apple 0.485596 950 167 976 193
apple 0.451172 952 106 986 137
apple 0.423584 449 409 480 468
apple 0.419678 811 448 891 518
apple 0.392090 658 339 688 360
apple 0.385986 518 320 542 336
apple 0.376465 461 246 482 272
apple 0.370117 375 219 403 249
apple 0.347656 1015 192 1043 220
apple 0.340088 994 432 1016 462
apple 0.325928 886 6 904 33
apple 0.308594 815 587 839 616
apple 0.299561 970 407 1004 437
apple 0.294678 922 610 948 639
apple 0.284424 412 215 428 239
apple 0.276123 986 233 1018 266
apple 0.275635 212 298 249 318
apple 0.270264 586 170 614 191
apple 0.265625 441 282 462 302
apple 0.251953 609 428 649 472
