apple 0.865234 912 392 950 432
apple 0.825195 387 408 428 443
apple 0.822266 576 398 612 431
apple 0.802246 1032 84 1070 118
apple 0.801270 951 369 987 403
apple 0.784180 394 480 434 518
apple 0.759766 503 444 544 484
apple 0.747070 604 480 634 512
apple 0.710938 1054 529 1098 574
apple 0.709473 230 481 260 514
apple 0.707520 726 592 758 623
apple 0.694336 282 342 306 371
apple 0.686035 556 520 588 550
apple 0.665039 254 425 290 452
apple 0.657227 478 349 511 390
apple 0.651367 498 315 533 355
apple 0.628906 1083 209 1115 241
apple 0.557617 422 100 438 119
apple 0.542969 360 606 377 624
apple 0.531738 675 599 704 631
apple 0.489990 540 450 572 479
apple 0.453125 574 316 598 345
apple 0.445557 527 339 547 361
apple 0.428711 412 81 428 100
apple 0.411865 798 661 830 695
apple 0.409912 665 401 688 425
apple 0.407959 433 460 462 492
apple 0.384277 442 373 470 395
apple 0.369141 620 370 648 410
apple 0.366699 399 106 419 121
apple 0.359619 394 352 431 386
apple 0.354736 340 394 377 430
apple 0.338623 1000 266 1016 288
apple 0.333008 327 474 360 504
apple 0.319092 227 352 246 367
apple 0.314209 470 76 493 95
apple 0.312256 616 457 642 480
apple 0.289062 1084 372 1122 411
apple 0.283936 542 58 561 74
apple 0.276855 692 412 717 432
apple 0.271973 484 148 498 173
apple 0.252197 716 413 750 442
