apple 0.776855 442 54 478 105
apple 0.770996 239 193 274 230
apple 0.735352 832 52 866 86
apple 0.729980 530 350 562 380
apple 0.612793 538 72 610 116
apple 0.594727 490 321 516 346
apple 0.563477 968 81 996 108
apple 0.512207 430 334 443 346
apple 0.468506 960 40 990 74
apple 0.456299 912 40 931 61
apple 0.440186 392 688 416 706
apple 0.433594 1129 330 1157 364
apple 0.423828 495 286 526 309
apple 0.418457 438 310 451 323
apple 0.352783 400 440 416 462
apple 0.317139 405 706 426 720
apple 0.313721 384 458 397 472
apple 0.312012 566 215 598 245
apple 0.307861 769 65 787 84
apple 0.300049 900 468 929 496
apple 0.288330 538 73 574 108
apple 0.255615 511 309 534 330
