apple 0.780762 1048 129 1092 174
apple 0.765625 926 122 974 170
apple 0.740234 686 48 715 80
apple 0.651367 492 656 519 689
apple 0.613281 552 1 588 35
apple 0.601562 754 692 787 720
apple 0.524414 601 563 625 590
apple 0.475342 738 666 786 702
apple 0.451904 1077 23 1115 62
apple 0.412598 540 155 554 170
apple 0.411377 432 695 462 720
orange 0.398926 601 563 625 590
apple 0.395996 1142 153 1198 209
apple 0.372314 646 49 671 86
apple 0.365723 622 250 636 266
apple 0.333008 456 512 468 522
apple 0.323486 1064 268 1092 302
apple 0.319824 614 229 628 244
apple 0.318848 354 89 374 105
apple 0.291016 770 671 796 700
apple 0.280273 482 149 496 162
apple 0.266357 1231 116 1273 162
apple 0.263428 989 558 1022 595
apple 0.252686 610 7 644 31
