apple 0.871582 598 54 646 105
apple 0.851074 211 508 257 550
apple 0.848633 85 567 138 606
apple 0.848145 939 29 977 73
apple 0.847168 372 679 416 720
apple 0.835938 830 127 865 158
apple 0.825195 405 608 441 648
apple 0.824707 165 580 211 623
apple 0.815918 244 624 288 664
apple 0.802734 288 501 324 540
apple 0.798828 927 276 986 340
apple 0.791504 386 368 428 412
apple 0.783691 430 632 477 680
apple 0.783203 972 0 1014 20
apple 0.779785 556 584 596 626
apple 0.760254 603 417 640 452
apple 0.746582 345 613 374 654
apple 0.729980 160 508 191 528
apple 0.721191 921 454 953 489
apple 0.718262 724 496 762 542
apple 0.704590 1032 606 1076 641
apple 0.693359 614 538 654 583
apple 0.672363 970 66 1008 108
apple 0.667480 548 666 576 694
apple 0.666992 940 203 973 234
apple 0.660645 892 81 954 135
apple 0.646484 834 16 857 34
apple 0.645020 820 396 846 425
apple 0.617188 420 320 449 358
apple 0.597168 978 350 1008 380
apple 0.591797 1208 272 1250 314
apple 0.590820 389 562 409 588
apple 0.588379 582 622 618 668
apple 0.564453 612 147 626 165
apple 0.563965 334 0 367 35
apple 0.558594 1171 302 1213 340
apple 0.548340 136 566 160 592
apple 0.516602 542 224 560 240
apple 0.509277 253 596 290 628
apple 0.500488 1134 40 1166 72
apple 0.499023 1145 10 1181 44
apple 0.491211 325 554 360 576
apple 0.483154 485 323 498 336
apple 0.471924 835 582 871 614
apple 0.451660 313 576 334 602
apple 0.443604 756 554 794 591
apple 0.427246 990 400 1022 425
apple 0.406494 506 288 519 301
apple 0.389160 950 487 971 518
apple 0.383057 346 698 366 714
apple 0.382812 1235 308 1271 342
apple 0.368408 674 232 690 247
apple 0.366699 1096 255 1128 292
apple 0.366699 446 668 486 695
apple 0.354492 531 103 553 132
apple 0.348633 598 285 618 305
apple 0.347900 297 535 343 574
apple 0.321533 399 515 409 526
apple 0.314209 359 0 382 25
apple 0.303711 1045 566 1085 612
apple 0.296875 351 502 368 516
apple 0.286377 573 501 588 517
apple 0.282959 580 194 600 214
apple 0.274170 1183 204 1219 238
apple 0.262939 654 143 674 160
orange 0.256104 1235 308 1271 342
apple 0.253662 109 535 131 553
