apple 0.764648 569 443 591 465
apple 0.703125 1055 350 1077 372
apple 0.681641 571 410 603 441
apple 0.639648 506 53 530 78
apple 0.610352 848 218 876 249
apple 0.601074 463 358 487 383
orange 0.575684 506 53 530 78
apple 0.453125 602 5 620 22
apple 0.451172 430 130 452 146
orange 0.384277 602 5 620 22
orange 0.382324 431 129 452 145
apple 0.360596 462 357 512 404
apple 0.356445 286 133 299 145
orange 0.333984 300 158 312 182
apple 0.324951 410 145 427 162
orange 0.281494 284 640 297 652
apple 0.258545 584 416 602 441
