apple 0.810059 704 644 748 692
apple 0.774414 873 630 910 670
apple 0.752930 462 81 502 115
orange 0.702637 394 273 432 311
apple 0.666992 723 474 761 515
apple 0.641602 164 516 199 548
apple 0.627930 216 594 249 622
apple 0.625977 671 67 707 106
apple 0.622070 762 214 784 237
apple 0.621094 610 600 642 634
apple 0.618652 664 13 692 42
apple 0.610352 236 71 261 98
apple 0.606934 797 598 841 642
orange 0.589355 239 185 282 224
apple 0.587891 728 402 764 440
orange 0.569824 287 440 313 466
orange 0.549316 313 198 350 237
apple 0.528320 313 198 350 237
apple 0.525391 649 363 684 402
apple 0.523438 286 570 312 596
apple 0.512695 189 446 218 476
apple 0.511719 479 171 513 202
apple 0.446777 104 75 142 112
apple 0.444824 689 544 725 575
orange 0.441895 467 362 489 385
apple 0.439209 377 395 403 421
apple 0.431396 762 611 796 646
apple 0.421875 268 327 299 356
apple 0.395020 145 190 180 220
orange 0.378418 377 395 403 421
apple 0.373779 960 529 983 549
apple 0.366211 374 644 397 666
orange 0.360840 763 612 797 646
apple 0.360596 601 554 633 587
apple 0.359375 172 9 197 33
apple 0.358643 522 380 542 401
orange 0.350586 492 450 510 468
orange 0.344727 601 554 634 587
apple 0.341309 526 456 548 480
apple 0.337402 61 8 86 32
apple 0.336182 217 658 247 684
orange 0.326904 800 408 825 432
apple 0.326416 467 362 489 385
orange 0.325439 195 40 217 62
apple 0.322754 708 352 741 382
orange 0.298096 523 478 545 503
apple 0.298096 302 458 326 477
apple 0.291748 388 658 410 680
apple 0.289795 603 647 622 667
apple 0.287354 424 93 458 131
apple 0.284912 303 348 332 376
apple 0.278076 428 676 447 698
apple 0.271484 229 616 257 638
apple 0.254150 253 643 278 668
orange 0.251465 678 690 704 720
