apple 0.834961 551 55 592 98
apple 0.804199 294 239 329 274
apple 0.802734 756 684 794 720
apple 0.794922 407 216 444 253
apple 0.793457 472 160 534 203
apple 0.785645 472 294 512 336
apple 0.778320 258 402 297 438
apple 0.769531 91 237 134 272
apple 0.758789 664 254 694 288
apple 0.742188 396 99 432 133
apple 0.721680 878 107 918 152
apple 0.719727 744 275 784 318
apple 0.718750 630 123 672 163
apple 0.706055 494 212 535 261
apple 0.705078 144 280 195 325
apple 0.700195 578 389 608 417
apple 0.694336 758 380 806 432
apple 0.664551 334 290 370 325
apple 0.649902 638 168 678 200
apple 0.648926 431 635 494 680
apple 0.616211 574 118 602 145
apple 0.610352 158 219 181 252
apple 0.606445 1014 638 1048 672
apple 0.593262 892 480 923 516
apple 0.584961 518 566 548 588
apple 0.557129 529 504 559 532
apple 0.556152 604 697 649 720
apple 0.539551 1112 412 1150 450
apple 0.534668 693 301 727 339
apple 0.530273 320 323 352 360
apple 0.528809 537 226 574 266
apple 0.520508 888 302 930 357
apple 0.512207 487 576 505 594
apple 0.500488 1104 378 1144 413
apple 0.489746 1194 13 1234 51
apple 0.486816 544 576 574 604
apple 0.486084 647 376 684 416
apple 0.485352 604 332 654 375
apple 0.481445 878 614 912 642
apple 0.452148 825 59 857 85
apple 0.422363 952 96 978 118
apple 0.417969 796 662 830 690
apple 0.416504 944 113 968 142
apple 0.414062 1070 414 1104 453
apple 0.409668 1127 288 1167 326
apple 0.406494 1193 62 1229 109
apple 0.389160 852 688 892 718
apple 0.382568 166 328 192 352
apple 0.379395 442 123 465 149
apple 0.362549 1056 82 1092 116
apple 0.358398 464 642 494 680
apple 0.350342 490 538 526 565
apple 0.312012 822 426 848 446
apple 0.297363 993 23 1012 47
apple 0.295410 980 42 1002 70
apple 0.293213 526 612 548 636
apple 0.291260 1178 689 1220 720
apple 0.290283 1145 317 1185 358
apple 0.286621 1135 477 1173 516
apple 0.285156 1047 652 1081 684
apple 0.280762 676 703 706 720
apple 0.274414 295 323 325 339
apple 0.257568 552 474 583 512
apple 0.251953 475 385 500 406
