apple 0.830078 384 389 429 430
apple 0.824219 394 307 427 342
apple 0.819824 922 418 966 450
apple 0.772949 247 313 293 352
apple 0.734863 243 424 297 485
apple 0.687988 716 186 758 226
apple 0.610352 857 468 915 502
apple 0.607422 400 48 435 83
apple 0.601562 562 401 594 433
apple 0.594727 402 508 422 528
apple 0.579102 388 17 421 55
apple 0.565430 728 235 784 280
apple 0.523438 990 444 1013 470
apple 0.505371 1123 406 1153 438
apple 0.483154 424 506 442 526
apple 0.480469 337 287 371 315
apple 0.450439 1218 537 1252 571
apple 0.447266 342 113 371 154
apple 0.417725 212 300 248 326
apple 0.405518 784 111 795 129
apple 0.397461 886 227 911 255
apple 0.385010 417 484 433 502
apple 0.383057 240 372 274 396
apple 0.378906 406 131 426 148
apple 0.360596 630 419 665 452
apple 0.358887 1149 406 1185 440
apple 0.348633 541 270 571 302
apple 0.342285 893 314 914 342
apple 0.311035 1003 67 1038 112
apple 0.301270 244 424 286 460
apple 0.285889 257 449 297 484
apple 0.280029 440 114 464 132
apple 0.266846 387 18 437 84
apple 0.263916 314 302 346 336
apple 0.255127 1073 616 1095 632
apple 0.250977 416 217 432 231
