apple 0.854980 778 397 820 441
apple 0.834473 716 543 763 593
apple 0.823730 196 430 240 472
apple 0.816895 732 365 772 405
apple 0.791016 84 475 126 511
apple 0.789062 758 487 798 528
apple 0.779785 126 418 169 458
apple 0.762207 93 442 137 480
apple 0.761230 256 466 303 502
apple 0.738770 377 314 402 344
apple 0.725098 828 368 874 416
apple 0.723633 320 418 354 449
apple 0.716797 23 438 70 478
apple 0.710938 64 434 92 460
apple 0.708008 744 175 777 209
apple 0.698730 382 680 416 718
apple 0.688477 254 501 296 544
apple 0.687988 294 282 315 301
apple 0.651367 400 564 422 594
apple 0.646484 680 271 718 309
apple 0.639160 542 49 574 89
apple 0.630859 1031 638 1089 694
apple 0.614746 204 477 238 512
apple 0.594727 191 522 222 540
apple 0.592285 620 169 660 202
apple 0.583008 807 622 831 648
apple 0.578125 362 631 397 672
apple 0.577637 818 410 854 444
apple 0.567383 360 514 381 540
apple 0.536621 426 422 462 451
apple 0.518555 388 350 411 369
apple 0.518066 281 447 315 477
apple 0.489258 272 115 289 136
apple 0.486816 602 152 624 189
apple 0.466553 506 436 539 468
apple 0.462646 816 680 830 698
apple 0.458496 822 702 836 720
apple 0.428223 319 279 336 289
apple 0.426025 1106 648 1138 680
apple 0.411865 347 248 367 264
apple 0.344482 422 557 438 575
apple 0.334961 438 704 451 716
apple 0.322021 323 323 343 352
apple 0.317871 1112 328 1142 367
apple 0.294678 0 406 26 441
apple 0.273193 1180 644 1210 674
apple 0.270752 216 406 236 427
apple 0.268066 820 371 864 444
