apple 0.777344 1045 274 1081 306
apple 0.736816 967 434 1025 470
apple 0.698242 1120 490 1152 526
apple 0.692871 1189 570 1225 602
apple 0.684082 974 384 1010 420
apple 0.654297 770 374 810 414
apple 0.635254 786 434 824 471
apple 0.558594 844 431 874 468
apple 0.533691 802 466 834 506
apple 0.493896 594 642 610 658
apple 0.465820 639 680 653 693
apple 0.451660 632 636 650 653
apple 0.440674 499 320 514 336
apple 0.375000 1062 564 1084 580
apple 0.373291 444 72 469 98
apple 0.364014 478 522 491 536
apple 0.343750 446 84 466 98
apple 0.340820 485 491 498 502
orange 0.327881 596 286 612 300
apple 0.323975 430 314 445 326
apple 0.320312 594 474 612 489
apple 0.311523 1049 22 1097 75
apple 0.309814 952 349 986 384
apple 0.295166 960 64 998 118
apple 0.288330 446 38 463 52
apple 0.276611 506 666 522 683
apple 0.270508 1010 17 1044 47
apple 0.267822 814 710 826 720
apple 0.250488 1054 564 1084 595
