apple 0.767578 248 344 282 381
apple 0.685547 542 493 574 523
apple 0.579590 833 191 867 223
apple 0.543457 501 457 527 483
apple 0.518555 926 592 954 622
apple 0.514648 450 198 481 250
apple 0.482910 718 638 732 658
apple 0.455078 543 214 579 247
apple 0.433594 452 199 480 224
truck 0.418945 312 1 338 60
apple 0.408936 361 87 377 102
apple 0.381104 446 440 457 451
apple 0.379150 590 221 614 253
apple 0.367676 398 80 414 97
apple 0.360107 1150 465 1184 503
apple 0.346924 1079 540 1111 572
apple 0.343506 442 349 452 361
apple 0.337402 961 170 990 202
apple 0.334473 574 115 592 133
apple 0.332764 801 173 819 192
apple 0.321289 1027 235 1055 262
apple 0.316406 402 556 417 570
apple 0.315674 768 208 786 229
apple 0.311279 354 544 365 556
apple 0.291260 688 37 716 70
apple 0.287354 576 346 620 376
apple 0.281982 1003 231 1030 256
orange 0.274414 1047 556 1071 580
