apple 0.803223 768 658 810 700
apple 0.789062 928 60 964 103
apple 0.776367 1110 619 1148 660
apple 0.761230 822 412 860 444
apple 0.705566 558 493 594 527
apple 0.690918 530 522 555 552
apple 0.676758 980 404 1012 434
apple 0.666016 685 510 721 548
apple 0.644043 987 53 1020 86
apple 0.623535 580 554 618 588
apple 0.590820 585 641 626 666
apple 0.576660 1112 221 1152 258
apple 0.543945 1050 498 1084 531
apple 0.526855 1080 518 1116 556
apple 0.450928 1058 290 1092 324
apple 0.418457 491 670 505 686
orange 0.382812 1045 382 1081 414
apple 0.379395 930 519 954 551
apple 0.367188 616 0 642 17
apple 0.345459 958 226 992 260
apple 0.341797 1048 497 1118 556
apple 0.336426 603 566 642 612
apple 0.322021 1174 533 1220 579
apple 0.299072 1095 35 1127 70
orange 0.296387 1174 533 1220 579
apple 0.291504 670 553 700 573
apple 0.287842 640 88 669 116
apple 0.277832 564 665 586 704
apple 0.277832 926 56 1002 98
apple 0.273926 452 365 474 388
apple 0.273438 845 675 865 704
