apple 0.803223 517 300 557 336
apple 0.782227 313 47 347 84
apple 0.759277 460 20 493 56
apple 0.755371 284 380 326 417
apple 0.694336 338 128 372 165
apple 0.678223 357 392 399 432
apple 0.676270 293 226 319 252
apple 0.668457 152 267 194 302
apple 0.658203 703 563 740 604
apple 0.638184 172 215 208 246
apple 0.634277 323 611 350 639
apple 0.634277 786 610 824 650
apple 0.630859 513 512 537 536
apple 0.626465 418 558 445 584
apple 0.598633 222 613 254 646
apple 0.593262 894 0 926 21
apple 0.570801 536 363 566 394
apple 0.559082 166 52 195 81
apple 0.557129 825 362 849 385
apple 0.556641 311 487 343 516
apple 0.544922 439 461 479 499
apple 0.536621 293 304 324 333
apple 0.536621 827 463 851 487
orange 0.525879 440 461 480 499
apple 0.525391 195 696 231 720
apple 0.511719 122 153 148 176
apple 0.487793 537 578 557 596
apple 0.485107 736 275 774 313
orange 0.461914 121 153 148 176
apple 0.455322 232 158 256 182
apple 0.433594 1026 682 1050 702
apple 0.421387 728 219 760 248
apple 0.420654 477 310 508 345
orange 0.412598 779 695 819 720
apple 0.408447 558 628 580 650
apple 0.407959 766 551 802 584
apple 0.394287 804 561 831 586
orange 0.389160 767 552 802 584
orange 0.374512 786 610 824 650
apple 0.366211 433 1 466 33
apple 0.364502 778 694 819 720
apple 0.361572 307 141 335 177
apple 0.357910 526 191 559 230
orange 0.351074 804 561 832 586
orange 0.342773 696 547 724 571
apple 0.342285 732 123 772 152
apple 0.337891 155 251 188 273
apple 0.334961 97 29 129 57
apple 0.330322 155 29 184 55
apple 0.326416 568 527 592 549
apple 0.324463 862 568 887 594
apple 0.310303 568 608 590 633
apple 0.300781 696 547 724 571
apple 0.300049 95 3 126 30
apple 0.296387 324 200 348 225
apple 0.295166 313 664 338 688
apple 0.270752 532 696 555 720
apple 0.268066 390 31 428 70
