apple 0.856934 281 462 319 496
apple 0.848633 787 445 831 489
apple 0.812500 500 223 556 263
apple 0.807617 318 296 352 332
apple 0.804688 496 354 538 394
apple 0.804688 114 298 163 333
apple 0.801270 432 273 470 310
apple 0.796387 174 342 223 388
apple 0.787109 600 445 634 473
apple 0.771973 692 313 720 347
apple 0.770508 656 179 706 258
apple 0.762695 924 362 962 404
apple 0.759766 920 534 954 574
apple 0.756348 358 350 394 386
apple 0.742188 772 332 812 374
apple 0.741211 1173 531 1211 571
apple 0.723145 520 274 559 318
apple 0.717285 913 678 947 708
apple 0.716309 420 159 458 190
apple 0.701660 182 279 222 314
apple 0.690918 454 696 514 720
apple 0.678711 469 182 491 209
apple 0.677734 571 115 615 154
apple 0.647461 594 13 624 43
apple 0.645508 518 598 550 628
apple 0.636719 511 636 534 662
apple 0.624023 907 164 947 205
apple 0.601074 337 384 377 420
apple 0.590332 552 560 582 588
apple 0.586426 855 484 882 504
apple 0.582031 564 283 598 321
apple 0.538086 1008 87 1035 114
apple 0.532715 642 390 682 434
apple 0.514160 1087 129 1123 163
apple 0.512695 673 435 710 474
apple 0.481689 720 356 752 394
apple 0.456055 982 140 1006 162
apple 0.454102 592 166 626 208
apple 0.447510 1225 12 1263 50
apple 0.442139 972 156 995 185
apple 0.435303 1105 466 1139 505
apple 0.431885 548 624 598 662
apple 0.391602 1149 464 1187 504
apple 0.383057 1021 66 1041 92
bird 0.380615 0 334 34 376
apple 0.371094 1230 65 1270 100
apple 0.315430 876 289 906 328
apple 0.314209 376 50 392 65
apple 0.291260 910 431 940 460
apple 0.281250 1142 428 1180 465
