apple 0.752930 1029 480 1061 520
apple 0.736328 878 379 910 417
apple 0.722168 944 282 984 315
apple 0.682617 874 441 932 470
apple 0.611816 615 24 651 64
apple 0.610840 1137 678 1173 702
apple 0.578613 493 572 510 588
apple 0.571777 483 197 497 212
apple 0.570312 685 430 726 469
apple 0.556641 934 408 967 444
apple 0.551270 508 618 523 638
apple 0.532227 897 514 917 540
apple 0.531250 419 644 438 662
apple 0.505859 702 467 740 500
apple 0.462158 637 55 667 79
apple 0.438721 590 197 620 227
apple 0.437012 649 0 681 14
apple 0.421631 862 331 890 362
apple 0.414795 854 358 888 385
apple 0.404297 466 610 482 628
apple 0.403320 406 598 420 612
apple 0.388184 346 160 370 184
apple 0.382568 347 96 362 113
apple 0.374023 497 376 512 391
apple 0.354248 404 610 419 626
apple 0.350342 362 344 379 359
orange 0.349365 404 344 427 361
apple 0.344727 746 436 778 470
apple 0.337158 848 213 868 227
apple 0.330811 856 100 882 148
apple 0.315918 422 608 439 622
apple 0.312012 862 27 888 49
apple 0.307129 1106 554 1144 572
apple 0.303223 670 409 699 441
apple 0.300537 589 1 628 25
apple 0.280029 716 583 728 598
apple 0.271484 356 107 370 124
apple 0.254883 370 371 385 386
