apple 0.896973 892 151 940 193
apple 0.887207 680 336 724 378
apple 0.874512 406 150 453 190
apple 0.826660 553 153 596 187
apple 0.812500 850 346 890 376
apple 0.807129 950 39 988 85
apple 0.771484 344 272 374 309
apple 0.764160 977 268 1008 299
apple 0.759277 794 222 853 286
apple 0.758789 1059 350 1079 384
apple 0.723633 772 318 798 344
apple 0.710449 340 228 373 264
apple 0.700195 604 600 624 616
apple 0.685547 1084 5 1122 49
apple 0.657227 1190 395 1224 425
apple 0.609375 776 301 816 322
apple 0.604004 1004 300 1033 316
apple 0.599609 728 612 744 628
apple 0.598145 942 247 976 278
apple 0.577148 981 189 1014 212
apple 0.567871 560 187 589 216
apple 0.567871 622 666 635 681
apple 0.546387 856 390 882 416
apple 0.526367 306 245 331 270
apple 0.504395 1152 672 1184 698
apple 0.499268 479 614 495 630
apple 0.481934 498 336 532 378
apple 0.474121 1047 326 1061 339
apple 0.469238 564 680 579 696
apple 0.465332 530 665 546 679
apple 0.461670 623 111 638 126
apple 0.452148 518 145 537 161
apple 0.439453 926 286 961 326
apple 0.420410 786 386 826 418
apple 0.406006 900 267 914 282
apple 0.398682 483 643 504 661
apple 0.394775 694 483 734 536
apple 0.393555 774 302 810 342
apple 0.376221 687 602 701 616
apple 0.366455 1173 295 1211 332
apple 0.359375 1171 294 1235 359
apple 0.347900 810 354 836 378
apple 0.344971 528 648 541 662
apple 0.344482 560 622 576 636
apple 0.344238 842 684 856 700
apple 0.340088 922 280 957 301
apple 0.335449 464 636 478 648
apple 0.334473 590 108 606 120
apple 0.327393 834 545 846 558
apple 0.317139 824 608 837 620
apple 0.313965 694 436 722 470
apple 0.311768 516 137 530 148
apple 0.309082 1245 524 1277 560
apple 0.302734 904 330 930 355
apple 0.298340 690 252 723 272
apple 0.294434 992 334 1008 343
apple 0.287354 654 237 670 253
apple 0.285889 794 222 832 263
apple 0.284180 613 181 625 193
apple 0.271973 634 174 646 191
apple 0.266357 870 267 888 279
apple 0.265625 518 175 540 186
apple 0.260742 516 138 532 155
apple 0.251709 450 620 464 633
