apple 0.870117 432 246 483 289
apple 0.860352 980 79 1020 119
apple 0.840332 394 192 428 225
apple 0.833008 503 64 541 108
apple 0.828613 874 86 910 133
apple 0.827637 732 134 766 164
apple 0.808105 742 568 788 618
apple 0.803711 288 58 330 100
apple 0.778320 651 111 686 149
apple 0.772949 247 9 287 49
apple 0.767090 1041 99 1091 137
apple 0.740723 1147 149 1187 177
apple 0.737793 570 194 638 264
apple 0.729980 758 19 790 51
apple 0.714355 270 97 303 127
apple 0.701660 245 116 279 144
apple 0.680176 307 128 334 152
apple 0.651367 589 258 626 288
apple 0.633789 766 116 798 146
apple 0.621582 340 106 380 141
apple 0.614746 380 0 412 17
apple 0.610840 859 144 885 171
apple 0.549316 968 184 990 200
apple 0.538086 676 134 712 164
apple 0.526367 804 0 833 28
apple 0.520020 716 185 732 202
apple 0.517090 813 280 826 293
apple 0.511719 1070 449 1094 474
apple 0.500977 670 546 707 583
apple 0.447510 152 29 189 47
apple 0.435303 188 72 229 126
apple 0.429932 712 80 734 111
apple 0.417969 709 62 724 77
apple 0.342773 592 10 630 52
apple 0.334229 454 108 489 143
apple 0.314453 528 153 556 192
apple 0.312012 851 117 878 141
bird 0.302979 226 702 293 720
apple 0.302734 238 64 260 90
apple 0.297363 656 648 670 662
apple 0.288330 548 454 574 480
apple 0.281494 964 188 984 205
apple 0.260254 570 216 606 248
