apple 0.849609 310 86 352 124
apple 0.829590 192 633 234 675
apple 0.828125 858 131 894 169
apple 0.816406 56 172 105 212
apple 0.807129 33 488 69 525
apple 0.796875 341 583 386 628
apple 0.791504 797 287 843 331
apple 0.789551 376 601 417 645
apple 0.773438 1 378 39 412
apple 0.770996 308 199 350 241
apple 0.764648 153 174 197 216
apple 0.763184 834 496 877 537
apple 0.747559 320 288 355 323
apple 0.729492 239 107 280 147
apple 0.724121 248 234 294 278
apple 0.714844 406 624 445 666
apple 0.708008 980 0 1020 34
apple 0.687500 523 587 548 613
apple 0.673828 941 297 987 339
apple 0.647949 744 287 778 320
apple 0.644531 734 600 764 632
apple 0.642090 283 671 319 702
apple 0.633301 20 460 54 494
apple 0.623047 128 7 157 41
apple 0.618652 892 474 926 506
apple 0.615723 150 296 200 337
apple 0.598633 174 460 200 487
apple 0.595215 0 589 18 624
apple 0.592285 172 365 200 394
apple 0.585938 28 64 63 102
apple 0.584473 142 267 183 302
apple 0.572266 112 613 142 640
apple 0.550293 298 487 328 511
apple 0.517578 834 338 874 378
apple 0.517090 448 299 469 322
apple 0.498291 326 322 364 350
apple 0.493896 29 634 62 664
apple 0.467773 144 477 172 504
apple 0.461182 413 516 442 550
apple 0.458008 195 434 220 457
apple 0.450928 295 38 331 69
apple 0.420898 548 538 560 550
apple 0.416504 84 294 126 338
apple 0.407959 383 541 414 571
apple 0.407471 72 610 106 644
apple 0.400879 166 89 198 118
apple 0.397217 20 41 52 73
apple 0.365723 324 68 350 92
apple 0.342529 190 416 212 439
apple 0.329346 139 652 166 678
apple 0.321289 458 186 473 200
apple 0.312988 248 144 283 173
apple 0.309814 352 24 388 63
apple 0.303711 678 109 702 127
apple 0.270264 18 11 54 36
apple 0.267578 54 470 83 498
