apple 0.814453 764 658 802 696
apple 0.804199 456 184 488 216
apple 0.794922 1113 80 1159 122
apple 0.791504 702 463 732 492
apple 0.772949 650 87 682 126
apple 0.758301 1078 41 1120 85
apple 0.713379 384 137 431 201
apple 0.705078 396 354 430 383
apple 0.675781 670 60 712 98
apple 0.671875 558 230 590 262
apple 0.617676 612 140 638 164
apple 0.614746 558 260 584 287
apple 0.590332 644 264 674 292
apple 0.586914 688 123 737 164
apple 0.540039 907 524 930 548
apple 0.538574 956 688 987 720
apple 0.532715 352 204 376 228
apple 0.526855 840 676 862 698
apple 0.525391 550 123 570 137
apple 0.512695 350 25 371 51
apple 0.491943 1097 470 1159 517
apple 0.480713 822 353 844 378
apple 0.480225 1034 314 1064 348
apple 0.479492 621 120 638 135
apple 0.474609 532 93 562 127
apple 0.466309 916 488 941 512
apple 0.413330 1037 247 1079 295
apple 0.381348 1152 16 1198 53
apple 0.369629 1105 343 1135 377
apple 0.340088 314 358 343 379
apple 0.335938 728 214 750 227
apple 0.330322 394 167 430 202
apple 0.329102 1149 294 1181 332
apple 0.326904 936 626 970 646
apple 0.323730 662 149 688 180
apple 0.321777 792 542 818 568
apple 0.294922 733 20 767 39
apple 0.276367 386 136 420 170
apple 0.267090 377 220 402 248
apple 0.255371 454 326 468 336
