apple 0.783691 371 334 398 362
apple 0.694336 770 643 790 667
apple 0.626465 310 540 347 574
apple 0.599609 367 304 398 333
apple 0.585449 860 249 932 360
apple 0.495850 321 469 356 491
apple 0.479736 522 325 550 353
bird 0.464111 398 613 438 643
apple 0.455078 520 224 546 250
apple 0.454590 876 536 902 564
apple 0.404053 852 5 878 33
bird 0.404053 881 67 903 86
apple 0.395508 298 470 354 512
apple 0.366699 793 638 822 662
apple 0.320557 506 382 544 432
apple 0.309326 880 66 904 86
apple 0.297119 514 447 552 501
apple 0.282715 860 436 882 459
apple 0.270752 538 102 564 123
apple 0.256104 501 527 522 549
