apple 0.852539 318 446 362 481
apple 0.811523 188 74 216 102
apple 0.810059 570 466 611 500
apple 0.807129 657 83 694 125
apple 0.791504 670 628 722 674
apple 0.789551 237 525 271 553
apple 0.773926 310 84 336 115
apple 0.754883 210 564 238 596
apple 0.743652 792 620 834 668
apple 0.736328 600 136 636 165
apple 0.681641 380 518 412 546
apple 0.673340 717 576 763 617
apple 0.643555 509 529 529 549
apple 0.621094 395 650 436 684
apple 0.581543 372 116 394 136
apple 0.571289 206 108 256 161
apple 0.566406 334 93 359 119
apple 0.558594 386 149 435 193
apple 0.556641 238 606 282 638
apple 0.539062 349 73 376 96
apple 0.508301 596 10 622 35
apple 0.437500 572 107 598 129
apple 0.414795 206 161 241 187
apple 0.391846 405 124 430 145
apple 0.372803 518 622 538 645
apple 0.358643 956 474 991 518
apple 0.351074 532 372 562 401
apple 0.347656 776 234 804 259
apple 0.333008 500 315 522 340
bird 0.302246 268 365 298 387
apple 0.268799 348 591 371 626
apple 0.266602 237 612 251 627
apple 0.263916 924 416 958 458
apple 0.261230 299 680 317 700
apple 0.253418 524 656 546 674
