apple 0.879883 1012 412 1067 456
apple 0.870117 308 309 345 342
apple 0.843750 110 445 149 482
apple 0.837402 958 672 996 708
apple 0.824707 473 307 513 344
apple 0.821289 251 366 288 402
apple 0.794922 11 528 54 564
apple 0.790039 608 510 642 542
apple 0.787109 404 374 450 413
apple 0.767578 998 296 1024 322
apple 0.758789 666 447 700 481
apple 0.756836 782 316 819 348
apple 0.750488 798 498 826 529
apple 0.729004 907 679 950 717
apple 0.719727 360 430 402 466
apple 0.708984 17 502 48 527
apple 0.701172 1015 495 1045 524
apple 0.698242 631 488 668 528
apple 0.695312 1006 520 1036 546
apple 0.687988 366 322 413 384
apple 0.673828 996 272 1022 297
apple 0.658203 452 422 485 458
apple 0.651855 582 262 608 291
apple 0.647461 405 540 424 558
apple 0.604004 1071 556 1099 584
apple 0.551270 675 353 708 383
apple 0.528809 366 402 404 434
apple 0.525391 407 264 419 276
apple 0.520020 556 224 574 241
apple 0.519531 512 566 530 580
apple 0.490967 702 339 734 359
apple 0.467773 653 351 680 369
apple 0.466309 562 328 612 355
apple 0.451416 580 381 610 403
apple 0.439453 1003 158 1030 176
apple 0.404785 390 710 407 720
apple 0.403809 1105 648 1145 689
apple 0.401611 363 471 387 491
apple 0.393555 390 708 433 720
apple 0.366211 429 248 442 260
apple 0.359619 468 642 493 666
apple 0.343994 380 357 416 384
apple 0.339111 448 666 463 682
apple 0.335205 260 407 293 421
apple 0.324463 387 63 402 85
apple 0.302002 526 479 540 500
apple 0.295898 1019 211 1033 229
apple 0.289795 424 30 446 60
apple 0.275391 481 72 495 89
apple 0.264404 312 384 342 409
apple 0.261475 878 221 904 248
apple 0.251221 654 157 686 186
