apple 355 69 389 94
apple 376 139 412 178
apple 347 280 381 312
apple 321 306 350 328
apple 350 313 380 339
apple 321 333 357 371
apple 504 339 532 374
apple 342 377 373 392
apple 348 396 384 436
apple 324 418 349 448
apple 286 428 310 461
apple 443 419 468 443
apple 436 444 457 470
apple 454 443 481 471
apple 511 506 521 531
apple 468 532 502 567
apple 405 527 435 553
apple 318 558 353 594
apple 289 591 320 623
apple 457 599 488 627
apple 425 662 461 698
apple 467 671 499 700
apple 417 701 444 714
apple 216 730 243 758
apple 188 720 214 755
apple 251 846 283 877
apple 144 890 180 929
apple 168 927 207 965
apple 223 941 248 967
apple 203 951 227 970
apple 265 408 289 417
apple 300 405 316 415
apple 326 388 352 400
apple 356 329 383 365
apple 442 280 468 310
apple 425 249 444 266
apple 183 511 207 544
apple 284 565 304 578
apple 270 634 294 654
apple 491 721 512 740
apple 435 707 466 733
apple 477 702 483 716
apple 486 587 500 617
apple 485 477 509 510
apple 452 463 482 513
apple 383 620 403 642
apple 434 634 450 663
apple 442 841 457 861
apple 557 796 580 813
apple 695 976 719 1017
apple 581 1031 608 1059
