apple 371 235 402 265
apple 218 437 238 463
apple 233 526 268 562
apple 240 569 269 596
apple 363 561 393 586
apple 132 549 152 572
apple 199 680 227 702
apple 223 685 250 702
apple 53 674 87 695
apple 221 750 243 774
apple 189 767 221 799
apple 202 817 236 850
apple 398 537 420 560
apple 513 526 545 560
apple 477 486 503 513
apple 449 490 463 511
apple 456 856 469 876
apple 577 839 595 863
apple 656 708 677 722
apple 671 826 699 849
apple 637 838 659 861
apple 453 506 483 531
apple 240 444 268 467
apple 625 800 649 817
apple 680 857 697 883
apple 662 861 673 876
apple 355 931 385 946
apple 90 620 107 638
apple 84 658 103 677
