apple 26 439 66 479
apple 72 432 91 463
apple 83 474 127 511
apple 97 443 136 479
apple 128 422 168 457
apple 194 524 221 539
apple 206 478 237 512
apple 196 432 239 469
apple 217 407 237 426
apple 236 388 254 404
apple 254 504 294 545
apple 256 474 283 492
apple 271 497 304 517
apple 270 476 302 496
apple 284 450 313 477
apple 295 497 318 512
apple 362 632 396 672
apple 380 681 417 719
apple 320 421 354 447
apple 377 314 403 341
apple 431 425 462 450
apple 508 442 534 464
apple 718 544 762 590
apple 757 488 788 523
apple 732 367 769 406
apple 781 398 819 440
apple 684 274 711 295
apple 828 369 878 414
apple 817 416 849 447
apple 877 422 900 442
apple 647 630 660 648
apple 619 165 656 199
apple 604 148 621 190
apple 582 555 624 583
apple 389 350 412 370
apple 1024 638 1086 693
apple 422 395 451 412
apple 531 30 563 52
apple 538 50 566 82
apple 609 3 642 45
apple 654 97 686 128
apple 638 133 671 166
apple 685 70 710 86
apple 716 81 736 107
apple 756 180 777 207
apple 693 510 734 552
apple 809 621 831 647
apple 813 1 839 19
apple 803 64 826 84
apple 875 101 906 130
apple 953 64 975 78
apple 960 157 989 184
apple 897 327 919 348
apple 816 301 843 326
apple 798 313 827 345
