apple 1 228 6 241
apple 5 228 28 249
apple 30 238 46 256
apple 37 214 58 234
apple 82 261 104 281
apple 65 283 82 301
apple 82 284 116 317
apple 111 274 142 306
apple 113 308 131 331
apple 165 288 187 311
apple 131 198 148 213
apple 154 118 173 139
apple 155 139 175 156
apple 189 142 206 159
apple 196 159 209 171
apple 178 199 198 217
apple 203 212 222 230
apple 340 216 359 238
apple 449 242 469 267
apple 510 251 528 265
apple 375 324 402 344
apple 350 328 378 354
apple 347 357 379 386
apple 254 254 270 273
apple 221 294 254 331
apple 302 372 332 405
apple 181 390 202 416
apple 191 427 216 451
apple 163 405 188 432
apple 146 358 176 386
apple 120 379 137 405
apple 123 351 150 378
apple 81 349 115 382
apple 75 308 96 346
apple 53 347 82 376
apple 59 378 83 403
apple 36 398 58 421
apple 24 395 37 415
apple 6 385 36 406
apple 0 392 16 414
apple 95 411 115 430
apple 166 455 190 475
apple 27 521 59 548
apple 55 552 89 584
apple 53 586 77 606
apple 46 635 74 661
apple 174 559 201 584
apple 114 651 146 683
apple 159 753 181 776
apple 172 649 205 674
apple 226 632 246 649
apple 294 584 315 606
apple 286 636 313 664
apple 266 665 291 688
apple 282 677 310 706
apple 244 718 272 744
apple 250 749 264 770
apple 266 806 277 825
apple 297 893 316 916
apple 309 914 328 931
apple 294 878 313 895
apple 337 875 357 894
apple 379 778 391 797
apple 337 766 366 792
apple 206 462 226 477
apple 424 818 441 829
apple 417 718 441 739
apple 467 743 475 759
apple 494 748 518 770
apple 542 773 565 789
apple 612 306 632 328
apple 558 345 578 363
apple 578 328 607 353
apple 612 344 629 366
apple 631 348 654 367
apple 478 411 496 429
apple 285 421 316 449
apple 301 444 326 466
apple 357 443 384 470
apple 388 446 402 468
apple 429 462 449 487
apple 526 601 555 635
apple 478 642 504 664
apple 538 628 569 653
apple 668 638 680 649
apple 591 667 613 684
apple 613 673 634 691
apple 558 683 578 700
apple 533 701 556 726
apple 437 675 451 691
apple 699 299 718 319
apple 243 146 254 158
apple 244 162 265 190
apple 255 186 280 203
apple 304 257 324 273
apple 611 438 623 453
apple 705 543 719 563
apple 125 606 145 623
apple 205 680 235 707
apple 195 780 203 800
apple 354 885 364 906
apple 667 820 692 838
apple 695 744 719 769
apple 445 692 466 702
apple 711 280 719 300
