apple 293 225 331 261
apple 362 214 377 240
apple 408 221 445 261
apple 431 234 467 272
apple 288 302 330 335
apple 368 354 404 399
apple 424 478 448 500
apple 240 506 277 539
apple 365 520 406 558
apple 213 705 250 732
apple 390 665 412 682
apple 483 608 508 635
apple 499 667 517 693
apple 196 837 217 855
apple 238 878 258 897
apple 17 353 48 386
apple 44 372 75 400
apple 458 496 493 520
apple 54 938 85 978
apple 367 877 401 911
apple 402 768 420 791
apple 296 373 328 398
apple 341 400 373 431
apple 342 444 371 469
apple 102 591 114 613
apple 266 471 283 496
apple 389 592 410 616
apple 400 477 414 488
apple 524 603 544 627
apple 351 718 390 764
apple 209 1005 224 1023
apple 241 804 256 840
apple 274 842 302 862
apple 307 870 329 901
