apple 328 618 357 645
apple 561 727 589 758
apple 563 655 591 674
apple 512 654 539 681
apple 564 621 583 637
apple 606 608 628 634
apple 80 635 112 667
apple 120 602 145 632
apple 27 634 52 657
apple 58 630 81 654
apple 145 487 168 517
apple 133 425 162 451
apple 183 442 202 469
apple 272 465 292 490
apple 462 371 482 389
apple 297 418 324 442
apple 167 394 200 423
apple 685 603 714 636
apple 699 468 718 492
apple 701 539 719 560
apple 100 246 123 271
apple 55 152 83 174
apple 16 198 43 222
apple 59 192 81 212
apple 2 219 24 240
apple 27 253 52 283
apple 3 301 25 319
apple 21 366 45 385
apple 163 206 185 229
apple 109 224 136 251
apple 248 173 270 198
apple 267 204 289 229
apple 144 173 166 197
apple 205 273 231 295
apple 133 234 151 259
apple 219 208 245 229
apple 229 184 249 202
apple 388 253 414 276
apple 438 326 454 345
apple 171 266 203 287
apple 70 254 92 276
apple 217 529 235 547
apple 325 296 341 317
apple 206 245 231 266
apple 46 246 72 256
apple 1 363 23 381
apple 191 330 208 352
apple 212 371 236 391
apple 262 326 289 355
apple 267 238 296 265
apple 176 210 199 235
apple 131 148 157 169
apple 140 127 159 145
apple 140 208 153 232
apple 151 230 163 247
apple 88 204 113 239
apple 336 253 351 276
apple 363 317 387 342
apple 430 374 449 388
apple 391 391 419 407
apple 483 407 499 421
apple 685 502 708 520
apple 379 630 392 646
apple 563 708 584 724
apple 551 726 566 748
apple 644 613 661 632
apple 650 572 661 590
apple 686 572 707 588
apple 707 564 719 585
apple 284 485 306 507
