apple 254 152 280 175
apple 276 156 296 182
apple 294 160 310 177
apple 307 170 327 190
apple 320 140 342 162
apple 343 130 366 157
apple 361 102 388 121
apple 346 161 366 180
apple 369 166 381 187
apple 371 189 395 216
apple 348 221 370 244
apple 403 167 425 186
apple 428 210 441 230
apple 462 28 485 54
apple 462 50 485 70
apple 506 51 525 74
apple 525 135 549 156
apple 455 207 485 251
apple 488 194 523 234
apple 547 212 577 243
apple 593 80 601 105
apple 593 99 613 128
apple 608 85 629 112
apple 619 112 645 137
apple 484 238 518 270
apple 612 222 656 266
apple 23 324 41 344
apple 97 460 121 480
apple 146 466 161 483
apple 169 423 187 433
apple 104 425 126 443
apple 221 442 247 469
apple 242 496 257 514
apple 23 529 48 549
apple 0 683 7 695
apple 7 671 29 690
apple 27 665 45 681
apple 46 656 67 675
apple 64 656 84 673
apple 56 691 77 713
apple 73 737 93 754
apple 110 640 143 679
apple 139 668 173 698
apple 111 522 131 550
apple 127 533 156 565
apple 158 553 191 583
apple 192 672 214 693
apple 214 684 237 707
apple 245 710 269 732
apple 329 691 355 716
apple 409 287 441 325
apple 442 292 475 332
apple 482 290 518 328
apple 524 300 560 335
apple 700 389 719 419
apple 688 412 716 442
apple 520 364 552 394
apple 548 388 576 419
apple 668 584 693 606
apple 684 659 718 693
apple 628 955 645 979
apple 671 939 695 965
apple 485 795 510 810
apple 491 812 510 830
apple 561 844 578 864
apple 222 569 246 597
apple 256 604 283 634
apple 280 598 311 623
apple 321 573 354 609
apple 299 346 307 358
apple 282 345 305 371
apple 274 354 287 373
apple 315 353 334 376
apple 327 357 353 383
apple 363 333 386 358
apple 359 353 383 376
apple 411 326 430 341
apple 404 371 423 397
apple 407 398 430 416
apple 456 343 482 370
apple 477 330 509 364
apple 518 336 536 358
apple 483 355 516 387
apple 404 510 449 544
apple 445 547 482 590
apple 543 560 569 585
apple 400 650 435 681
apple 484 674 519 710
apple 540 665 577 698
apple 661 694 690 724
apple 675 711 710 748
apple 585 784 598 807
apple 596 753 628 783
apple 586 710 618 743
apple 630 980 654 997
apple 181 455 195 476
apple 194 471 207 484
apple 195 527 214 559
apple 252 517 287 555
apple 289 480 312 504
apple 351 517 376 537
apple 395 537 418 577
apple 501 615 514 635
apple 32 434 58 452
apple 2 404 12 412
apple 96 392 131 422
apple 161 689 181 706
apple 597 582 620 602
