apple 19 127 54 168
apple 2 146 24 187
apple 9 180 43 218
apple 1 203 35 240
apple 34 210 72 249
apple 11 241 44 278
apple 15 278 53 320
apple 50 270 84 305
apple 0 335 7 364
apple 52 426 80 457
apple 83 288 114 322
apple 421 240 457 279
apple 428 274 464 303
apple 1 401 13 443
apple 23 515 50 546
apple 357 456 403 501
apple 352 545 388 586
apple 320 550 356 592
apple 151 547 178 565
apple 151 590 186 615
apple 98 659 141 698
apple 1 642 18 680
apple 24 563 65 603
apple 51 549 92 591
apple 117 567 141 604
apple 138 548 157 572
apple 166 725 199 756
apple 39 773 66 787
apple 31 851 61 887
apple 18 870 42 904
apple 87 867 117 905
apple 30 918 55 963
apple 145 942 176 970
apple 205 885 231 920
apple 275 777 319 806
apple 3 963 26 993
apple 574 1 616 48
apple 455 94 476 125
apple 507 75 520 101
apple 626 388 658 421
apple 469 560 515 605
apple 604 653 639 688
apple 546 672 572 707
apple 616 757 655 796
apple 654 761 688 804
apple 504 679 532 715
apple 507 50 529 79
apple 558 19 586 54
apple 2 885 15 912
apple 676 798 709 815
