apple 351 167 381 208
apple 368 165 412 212
apple 375 206 412 223
apple 342 284 388 331
apple 325 295 355 336
apple 268 418 311 450
apple 398 472 443 512
apple 355 504 394 550
apple 245 619 280 654
apple 372 568 389 581
apple 370 598 399 630
apple 402 630 432 658
apple 451 620 487 666
apple 484 603 512 625
apple 200 655 237 698
apple 191 694 228 727
apple 242 705 271 741
apple 234 742 275 781
apple 182 724 223 759
apple 179 757 225 784
apple 564 730 604 769
apple 406 796 424 810
apple 280 867 324 900
apple 251 894 291 937
apple 235 876 270 905
apple 216 858 248 898
apple 205 972 248 1017
apple 225 1131 247 1178
apple 254 1139 296 1187
apple 357 1056 387 1080
apple 488 1063 513 1082
apple 248 468 291 500
apple 297 754 319 777
apple 450 866 492 909
apple 357 1098 371 1123
apple 114 1166 149 1206
apple 43 1132 80 1158
apple 428 611 454 642
apple 187 840 200 855
apple 278 939 312 961
apple 256 1237 269 1254
