apple 305 369 333 392
apple 338 372 363 397
apple 467 329 493 352
apple 484 298 512 327
apple 327 522 352 544
apple 103 535 123 560
apple 396 506 421 534
apple 448 525 468 547
apple 427 502 454 522
apple 401 655 437 677
apple 228 519 248 544
apple 543 317 573 348
apple 418 377 445 399
apple 376 486 401 497
apple 471 517 494 531
apple 251 862 289 908
apple 289 868 325 900
apple 322 864 355 908
apple 289 894 331 921
apple 306 588 343 617
apple 393 398 430 420
apple 135 538 152 558
apple 43 688 65 715
apple 450 820 473 854
apple 637 793 664 819
apple 642 768 665 793
apple 600 781 637 815
apple 496 803 534 846
apple 525 793 551 821
apple 483 736 497 751
apple 620 656 632 672
apple 600 675 621 699
apple 708 845 719 856
apple 523 942 568 977
apple 525 909 567 940
apple 530 879 563 902
apple 412 520 433 546
apple 546 375 561 393
apple 319 612 349 636
apple 475 612 494 634
apple 359 809 393 843
