apple 383 67 401 88
apple 408 56 421 71
apple 433 89 464 124
apple 440 76 466 99
apple 407 97 430 122
apple 373 183 407 218
apple 290 322 318 354
apple 316 325 334 350
apple 337 326 351 356
apple 234 379 266 401
apple 251 434 283 465
apple 279 437 309 473
apple 337 426 364 459
apple 365 419 394 457
apple 371 391 389 405
apple 314 468 345 498
apple 241 531 273 565
apple 325 508 349 527
apple 346 506 378 534
apple 290 559 319 582
apple 376 545 385 558
apple 473 578 487 598
apple 509 574 525 585
apple 375 607 389 635
apple 308 623 336 661
apple 258 618 285 650
apple 201 639 217 661
apple 275 700 302 727
apple 284 724 316 754
apple 239 715 276 737
apple 270 749 289 779
apple 391 712 422 744
apple 448 656 479 683
apple 433 684 459 707
apple 182 927 207 949
apple 171 900 187 923
apple 305 1045 353 1100
apple 346 1053 365 1087
apple 450 841 480 865
apple 422 850 449 870
apple 385 651 408 674
apple 420 877 445 895
apple 605 945 648 991
apple 617 996 653 1033
apple 409 425 439 442
apple 439 444 452 460
apple 300 754 309 769
apple 270 776 289 789
apple 130 710 150 734
apple 113 721 129 743
apple 267 846 284 863
apple 610 1026 626 1046
apple 453 896 486 924
apple 645 829 668 846
apple 400 840 418 858
