apple 499 36 534 82
apple 470 41 500 97
apple 469 83 507 120
apple 503 83 523 117
apple 382 147 394 183
apple 409 177 441 204
apple 408 151 447 187
apple 454 159 487 195
apple 481 145 506 169
apple 409 214 444 238
apple 444 219 477 247
apple 480 193 496 223
apple 614 316 663 363
apple 393 257 427 300
apple 427 235 464 255
apple 309 287 351 319
apple 279 326 312 359
apple 519 336 542 361
apple 496 343 525 374
apple 539 368 570 405
apple 501 373 549 421
apple 446 386 475 418
apple 480 374 513 408
apple 533 475 569 507
apple 303 370 332 404
apple 350 387 367 412
apple 446 419 462 451
apple 460 435 479 470
apple 464 481 490 501
apple 301 408 329 441
apple 348 432 387 475
apple 332 471 367 509
apple 275 473 311 508
apple 258 495 290 533
apple 274 558 289 577
apple 310 574 348 602
apple 487 590 523 619
apple 529 614 568 649
apple 564 614 590 645
apple 594 609 633 649
apple 627 603 656 636
apple 693 625 718 640
apple 443 687 492 736
apple 543 714 584 758
apple 587 711 624 758
apple 693 665 719 706
apple 683 718 716 749
apple 678 745 707 778
apple 637 755 677 797
apple 597 758 636 785
apple 304 777 339 808
apple 291 711 330 742
apple 254 699 273 723
apple 214 706 250 744
apple 190 709 213 740
apple 59 772 86 801
apple 97 767 123 787
apple 223 808 254 835
apple 441 754 469 768
apple 465 774 482 801
apple 495 843 511 870
apple 531 914 554 944
apple 568 988 612 1026
apple 414 953 450 997
apple 417 1121 465 1167
apple 677 883 707 914
apple 642 972 667 997
apple 594 929 613 955
apple 666 980 698 1000
apple 260 910 299 948
apple 235 920 272 948
apple 278 937 314 974
apple 200 975 240 1020
apple 198 935 242 972
apple 541 1021 563 1040
apple 170 1020 212 1053
apple 124 1046 148 1077
apple 147 1053 189 1087
apple 187 1067 232 1107
apple 224 1069 249 1084
apple 257 1187 288 1218
apple 370 1168 396 1192
apple 666 1236 708 1274
apple 512 1253 549 1279
apple 341 747 375 775
apple 148 906 170 923
apple 118 1195 136 1213
apple 530 966 555 998
apple 338 1032 357 1050
apple 454 1021 481 1050
apple 560 656 583 668
apple 293 594 320 613
apple 461 630 479 645
