apple 385 176 416 207
apple 481 147 509 183
apple 423 110 456 143
apple 451 104 469 125
apple 415 6 442 35
apple 467 150 482 179
apple 516 113 558 159
apple 484 68 510 90
apple 363 229 377 250
apple 125 340 144 363
apple 111 356 135 379
apple 364 274 391 299
apple 363 300 390 316
apple 463 271 487 304
apple 413 303 449 339
apple 108 404 122 432
apple 403 376 428 399
apple 412 389 452 422
apple 515 251 544 282
apple 587 255 619 287
apple 459 426 480 451
apple 185 492 220 525
apple 202 464 228 474
apple 356 512 391 546
apple 376 469 413 514
apple 373 434 404 468
apple 575 373 607 405
apple 601 383 627 416
apple 667 293 695 325
apple 613 406 639 424
apple 157 609 199 647
apple 382 585 402 599
apple 659 446 701 483
apple 574 500 600 524
apple 681 578 717 610
apple 309 790 339 814
apple 590 789 622 804
apple 455 775 481 799
apple 614 848 645 872
apple 611 871 640 890
apple 642 1046 670 1080
apple 115 701 139 719
apple 514 43 532 56
apple 125 499 141 518
apple 337 515 366 533
apple 311 585 325 602
apple 229 680 249 690
apple 489 138 510 165
apple 576 109 592 129
apple 1 326 32 359
apple 709 402 719 423
apple 707 630 719 658
apple 693 661 718 681
apple 292 810 319 841
apple 570 827 583 847
