apple 353 90 387 115
apple 374 154 410 193
apple 347 297 381 328
apple 321 325 350 347
apple 351 327 381 353
apple 321 348 359 386
apple 502 355 530 390
apple 346 393 376 408
apple 351 414 387 454
apple 329 433 354 463
apple 293 443 317 476
apple 446 430 471 454
apple 516 519 526 544
apple 469 543 503 578
apple 408 541 438 567
apple 322 569 357 605
apple 297 602 328 634
apple 459 608 488 636
apple 430 673 466 710
apple 469 684 501 713
apple 225 741 252 769
apple 196 727 222 762
apple 256 855 292 886
apple 154 899 193 938
apple 175 937 214 975
apple 231 951 256 977
apple 212 961 236 980
apple 269 423 293 432
apple 302 420 318 430
apple 330 402 356 411
apple 446 298 472 328
apple 425 264 444 281
apple 193 525 217 558
apple 289 577 309 590
apple 276 645 300 665
apple 496 732 517 751
apple 486 600 500 630
apple 487 487 511 520
apple 386 631 406 653
apple 448 852 463 872
apple 696 981 719 1022
apple 589 1039 616 1067
apple 357 347 386 372
apple 0 791 14 821
apple 0 850 25 880
apple 551 926 573 943
apple 561 806 576 822
apple 424 712 456 743
apple 442 641 464 658
apple 436 455 467 487
apple 465 463 486 489
apple 452 494 481 527
