apple 20 85 56 120
apple 43 100 78 144
apple 31 125 64 157
apple 2 132 38 171
apple 15 194 51 230
apple 44 195 68 232
apple 2 180 22 211
apple 1 230 32 268
apple 52 249 86 285
apple 27 270 67 309
apple 0 290 40 334
apple 67 311 93 340
apple 1 405 8 408
apple 58 347 84 379
apple 134 400 169 435
apple 189 440 222 472
apple 201 458 231 494
apple 42 496 65 517
apple 2 511 42 550
apple 156 580 191 612
apple 201 604 231 632
apple 168 609 199 645
apple 135 601 171 630
apple 144 627 165 647
apple 18 595 52 624
apple 49 664 89 696
apple 64 685 104 725
apple 124 728 146 748
apple 70 740 108 777
apple 45 779 83 812
apple 82 863 111 897
apple 34 890 74 926
apple 15 991 53 1038
apple 32 1059 71 1104
apple 122 987 140 1011
apple 129 978 147 998
apple 77 1163 114 1217
apple 447 685 472 731
apple 500 752 556 803
apple 393 1077 450 1117
apple 97 538 133 567
apple 66 806 85 824
apple 9 759 34 773
apple 134 1153 169 1192
apple 52 435 97 465
apple 53 463 73 491
apple 56 867 81 892
apple 26 905 38 922
apple 104 999 115 1019
apple 25 947 57 978
apple 484 700 516 718
apple 689 690 719 713
apple 696 502 715 514
apple 577 514 599 532
apple 695 446 717 474
apple 645 236 686 281
apple 633 277 674 311
apple 670 295 711 324
apple 690 282 711 310
apple 630 332 647 350
