apple 96 521 111 535
apple 114 523 134 541
apple 128 502 143 524
apple 160 497 174 508
apple 189 543 208 565
apple 227 483 247 501
apple 125 484 141 488
apple 277 539 288 553
apple 265 567 279 579
apple 249 600 259 615
apple 184 714 190 726
apple 256 744 263 760
apple 292 795 308 817
apple 235 792 244 813
apple 213 763 224 775
apple 226 780 233 790
apple 315 539 341 568
apple 433 604 448 620
apple 530 574 541 587
apple 552 585 561 595
apple 544 618 553 626
apple 479 475 494 497
apple 468 453 480 470
apple 492 588 498 600
apple 425 735 435 748
apple 330 730 336 742
apple 453 802 470 817
apple 478 799 497 819
apple 290 439 296 450
apple 295 487 303 498
apple 292 362 310 383
apple 274 360 290 380
apple 287 345 295 354
apple 329 337 343 350
apple 334 355 343 370
apple 348 346 368 367
apple 396 317 411 332
apple 312 270 331 284
apple 388 361 405 380
apple 405 385 424 406
apple 430 386 445 400
apple 452 354 463 368
apple 420 354 428 369
apple 409 344 419 362
apple 390 424 399 437
apple 345 514 353 526
apple 562 845 577 863
apple 596 877 614 897
apple 382 771 400 792
apple 411 734 427 741
apple 336 803 356 812
apple 396 821 404 844
apple 582 819 589 827
apple 451 887 467 892
apple 418 884 433 892
apple 424 893 444 914
apple 397 928 411 945
apple 411 937 426 951
apple 439 919 450 939
apple 509 942 526 957
apple 463 938 475 954
apple 503 974 513 992
apple 509 974 528 999
apple 547 978 558 998
apple 488 911 494 920
apple 474 986 494 1004
apple 421 535 427 545
apple 31 915 53 936
apple 16 952 37 980
apple 3 894 15 904
apple 118 566 125 578
apple 191 504 211 520
apple 448 467 471 481
apple 407 608 433 627
apple 467 593 490 616
apple 216 631 236 645
apple 239 618 256 635
apple 342 371 355 393
apple 360 265 374 277
apple 149 864 175 882
apple 199 849 217 874
apple 168 882 188 897
apple 231 889 255 919
apple 536 1017 552 1044
apple 575 1028 598 1057
apple 353 808 381 838
