apple 248 347 285 381
apple 452 201 479 223
apple 462 225 479 251
apple 545 215 576 245
apple 588 223 615 252
apple 575 117 590 134
apple 693 186 722 206
apple 693 42 713 70
apple 676 66 695 87
apple 770 210 796 234
apple 782 171 820 210
apple 836 191 866 222
apple 576 347 604 379
apple 541 495 575 525
apple 502 460 524 482
apple 717 641 728 656
apple 848 562 871 585
apple 568 158 596 181
apple 554 384 575 402
apple 505 429 532 446
apple 522 443 540 471
apple 638 73 673 90
apple 697 205 723 245
apple 942 341 962 376
apple 867 447 889 457
apple 790 478 805 490
apple 806 610 827 637
apple 841 624 874 654
apple 841 657 859 682
apple 863 663 890 684
