apple 281 88 306 116
apple 620 1 642 11
apple 720 416 732 425
apple 704 462 714 470
apple 651 467 659 478
apple 598 121 621 148
apple 560 248 591 269
apple 522 224 546 245
apple 542 215 561 224
apple 699 543 710 549
apple 759 530 783 541
apple 827 553 852 572
apple 792 570 811 586
apple 802 594 826 617
apple 729 619 747 636
apple 738 646 750 662
apple 758 691 777 710
apple 771 706 795 719
apple 715 632 725 638
apple 719 643 728 653
apple 684 657 699 674
apple 654 645 673 669
apple 653 673 664 685
apple 655 699 661 709
apple 609 653 635 670
apple 453 668 474 689
apple 397 681 413 702
apple 413 609 429 625
apple 433 592 452 613
apple 424 576 445 593
apple 394 559 410 574
apple 803 331 827 351
apple 405 589 425 610
apple 527 187 558 208
apple 528 154 550 179
apple 801 113 829 143
apple 878 195 903 207
apple 785 240 819 263
apple 857 374 878 385
apple 800 638 830 663
apple 826 650 846 669
