apple 26 230 73 275
apple 65 213 107 257
apple 94 287 137 325
apple 151 278 185 312
apple 203 215 244 255
apple 251 252 295 295
apple 269 220 311 259
apple 172 122 204 158
apple 187 83 222 122
apple 221 131 253 153
apple 232 146 255 169
apple 266 51 302 85
apple 320 72 355 108
apple 328 98 348 119
apple 298 168 334 198
apple 342 194 362 213
apple 344 162 366 179
apple 371 83 412 124
apple 392 151 421 175
apple 393 191 422 217
apple 412 163 438 187
apple 416 224 448 256
apple 391 349 414 376
apple 402 473 436 507
apple 406 503 441 536
apple 484 315 509 337
apple 501 519 532 550
apple 463 54 498 79
apple 476 81 498 105
apple 517 35 554 62
apple 548 214 579 250
apple 620 397 650 417
apple 609 318 635 354
apple 605 193 637 223
apple 613 226 644 253
apple 642 240 678 271
apple 629 305 662 335
apple 687 286 711 303
apple 692 260 718 278
apple 898 120 946 164
apple 881 246 913 268
apple 893 327 916 349
apple 894 552 939 598
apple 831 526 853 553
apple 867 525 913 565
apple 1043 30 1074 66
apple 1069 357 1101 393
apple 729 221 758 243
apple 531 26 555 47
apple 528 6 554 32
apple 365 5 397 35
apple 621 370 657 403
apple 724 275 768 314
apple 430 277 456 298
apple 419 271 440 294
apple 417 293 450 328
apple 447 256 492 298
apple 385 256 423 291
apple 503 104 515 121
apple 467 23 514 58
apple 776 125 803 150
apple 914 526 945 558
