apple 549 527 576 555
apple 379 447 405 473
apple 452 477 475 499
apple 127 638 152 664
apple 257 749 287 778
apple 229 758 251 789
apple 317 552 336 577
apple 347 575 367 595
apple 201 531 220 554
apple 138 574 162 594
apple 88 575 115 593
apple 236 480 253 498
apple 242 502 257 520
apple 35 327 59 351
apple 38 290 55 306
apple 615 766 641 796
apple 668 776 685 810
apple 613 601 635 615
apple 665 599 683 613
apple 641 506 660 525
apple 663 513 683 528
apple 703 478 719 497
apple 87 415 109 432
apple 127 617 140 639
apple 77 505 93 526
apple 241 312 260 336
apple 45 369 54 381
apple 246 425 264 440
apple 207 503 226 517
apple 147 547 162 566
apple 334 565 348 584
apple 422 509 450 529
apple 623 462 639 492
apple 631 352 665 379
apple 260 700 290 730
