apple 67 973 87 1001
apple 7 799 29 818
apple 394 762 422 779
apple 386 745 409 760
apple 38 670 67 697
apple 24 682 38 702
apple 41 615 68 640
apple 18 597 47 622
apple 25 544 48 571
apple 0 535 18 558
apple 36 436 64 466
apple 1 365 9 391
apple 419 460 446 488
apple 390 448 420 478
apple 383 364 404 388
apple 277 270 310 309
apple 233 297 265 326
apple 264 301 298 325
apple 270 337 298 359
apple 43 999 57 1016
apple 1 574 23 595
apple 74 1089 105 1130
apple 189 1055 223 1089
apple 689 976 701 995
apple 238 265 268 287
apple 0 510 13 524
apple 1 602 9 634
apple 48 589 69 615
apple 34 566 58 596
