apple 355 151 402 198
apple 308 214 350 257
apple 296 217 316 250
apple 222 245 261 285
apple 261 243 291 281
apple 292 268 334 314
apple 395 287 428 317
apple 208 278 242 312
apple 216 313 251 339
apple 254 352 294 380
apple 374 368 411 405
apple 223 368 251 403
apple 256 381 287 409
apple 402 447 444 485
apple 442 451 473 484
apple 232 409 276 447
apple 213 407 234 434
apple 64 442 114 492
apple 44 465 85 496
apple 239 460 274 484
apple 257 443 282 463
apple 284 444 300 462
apple 271 472 315 507
apple 261 478 280 512
apple 319 514 345 544
apple 228 533 272 575
apple 380 552 426 586
apple 333 577 362 621
apple 369 585 404 619
apple 168 582 202 620
apple 212 575 248 600
apple 245 579 285 607
apple 94 598 126 648
apple 47 604 99 658
apple 1 543 35 587
apple 1 581 30 600
apple 432 605 477 647
apple 327 654 365 689
apple 437 681 481 721
apple 469 813 513 860
apple 584 816 621 845
apple 115 856 146 892
apple 313 799 347 832
apple 447 850 486 891
apple 337 290 368 322
apple 386 256 404 294
