apple 354 30 384 66
apple 377 47 401 85
apple 355 72 385 96
apple 326 78 355 112
apple 298 100 315 134
apple 305 131 339 162
apple 336 134 369 170
apple 360 136 380 170
apple 377 186 401 220
apple 288 189 321 224
apple 327 174 354 203
apple 352 207 382 243
apple 388 244 417 273
apple 329 229 365 267
apple 294 268 318 291
apple 266 316 295 347
apple 259 331 277 356
apple 441 330 464 357
apple 369 279 397 311
apple 163 437 186 458
apple 353 432 388 466
apple 480 367 514 392
apple 496 382 520 414
apple 382 417 400 434
apple 463 495 490 527
apple 271 523 305 552
apple 283 502 307 527
apple 382 363 418 382
apple 502 517 528 546
apple 441 514 477 549
apple 461 526 492 556
apple 244 595 280 633
apple 209 588 247 624
apple 377 570 411 601
apple 253 677 292 715
apple 220 725 251 752
apple 374 774 403 801
apple 365 785 378 802
apple 273 701 304 731
apple 282 671 311 687
apple 394 594 424 626
apple 427 631 448 659
apple 186 688 205 708
apple 379 677 404 702
apple 394 645 421 675
apple 386 754 408 779
apple 407 765 431 785
apple 363 867 398 902
apple 451 851 463 869
apple 387 920 413 959
apple 432 870 448 886
apple 316 927 341 948
apple 429 1015 457 1056
apple 360 381 382 412
apple 382 381 404 409
apple 224 457 241 471
apple 314 662 327 685
apple 396 903 416 920
apple 673 962 715 989
apple 45 486 63 501
apple 25 471 36 486
apple 3 428 21 443
apple 2 533 23 550
apple 12 582 38 603
apple 11 603 35 627
apple 35 602 58 626
apple 224 552 257 579
