apple 365 669 391 711
apple 407 671 443 698
apple 430 684 467 727
apple 466 698 499 740
apple 436 748 467 773
apple 283 947 314 981
apple 481 1032 521 1062
apple 554 1105 594 1150
apple 567 970 595 1003
apple 516 889 541 917
apple 443 874 468 903
apple 442 902 467 933
apple 382 875 412 910
apple 412 936 432 964
apple 357 855 386 888
apple 129 856 148 883
apple 208 851 227 867
apple 328 860 361 893
apple 602 1108 631 1135
apple 43 949 76 984
apple 21 904 55 936
apple 13 953 43 989
apple 32 860 50 886
apple 51 638 76 666
apple 24 617 64 650
apple 3 590 26 618
apple 1 649 15 673
apple 103 667 131 690
apple 1 679 15 704
apple 2 704 17 730
