apple 620 144 662 187
apple 440 290 473 325
apple 469 275 502 308
apple 497 332 526 363
apple 480 349 500 363
apple 586 311 607 343
apple 245 424 275 454
apple 385 373 402 402
apple 584 177 618 219
apple 632 206 671 248
apple 633 262 659 291
apple 504 370 536 397
apple 462 419 504 454
apple 481 400 520 419
apple 316 446 345 468
apple 349 455 373 479
apple 594 372 632 415
apple 629 353 666 390
apple 480 468 523 511
apple 422 543 459 595
apple 390 563 426 601
apple 329 623 358 661
apple 300 658 337 698
apple 338 662 353 678
apple 246 661 283 690
apple 364 624 398 653
apple 564 513 603 547
apple 530 504 563 532
apple 427 481 453 512
apple 546 638 578 679
apple 512 634 525 653
apple 591 483 627 520
apple 637 480 674 511
apple 555 579 579 610
apple 614 547 641 578
apple 601 515 636 547
apple 652 572 677 589
apple 694 705 719 740
apple 240 755 272 788
apple 251 731 269 764
apple 301 737 327 766
apple 545 830 585 863
apple 620 854 661 903
apple 632 738 663 769
apple 594 703 622 725
apple 619 705 651 738
apple 665 717 697 749
apple 148 958 207 1004
apple 212 1016 240 1059
apple 327 1092 366 1142
apple 567 1103 601 1128
apple 665 1009 705 1048
apple 554 400 586 438
apple 675 484 699 526
apple 435 714 455 740
apple 227 1135 264 1173
apple 645 896 684 908
apple 611 333 655 366
apple 542 651 570 678
apple 478 1037 522 1080
apple 600 760 628 800
apple 484 343 501 366
apple 453 421 483 436
apple 693 145 719 181
apple 394 916 407 929
apple 683 989 717 1021
