apple 640 949 682 999
apple 526 748 551 771
apple 704 755 719 775
apple 422 839 453 859
apple 547 671 561 685
apple 558 635 588 666
apple 511 633 546 654
apple 547 618 572 643
apple 132 629 151 648
apple 114 623 141 646
apple 649 627 683 659
apple 693 599 717 623
apple 584 604 596 615
apple 576 545 600 571
apple 469 552 485 567
apple 533 555 555 574
apple 534 532 560 556
apple 508 441 542 479
apple 626 418 660 446
apple 558 465 584 498
apple 567 379 595 407
apple 577 385 607 419
apple 669 333 685 352
apple 628 330 660 367
apple 598 339 627 372
apple 555 355 580 389
apple 525 342 563 377
apple 142 320 167 352
apple 167 335 194 359
apple 507 286 539 319
apple 562 229 589 263
apple 590 221 612 264
apple 0 135 21 171
apple 1 168 9 182
apple 3 214 12 233
apple 126 232 155 263
apple 631 85 670 126
apple 692 971 718 998
apple 693 1059 714 1074
