apple 341 228 371 264
apple 188 427 211 458
apple 210 442 238 461
apple 205 525 239 559
apple 212 567 244 596
apple 337 557 368 586
apple 374 538 397 556
apple 417 487 438 510
apple 451 482 473 509
apple 485 522 514 559
apple 630 699 650 715
apple 173 672 195 702
apple 196 685 230 711
apple 166 764 204 801
apple 199 747 226 776
apple 185 816 219 849
apple 30 671 57 695
apple 437 503 462 528
apple 656 823 669 840
apple 556 837 572 853
apple 102 552 126 574
apple 147 549 171 583
apple 57 659 77 703
apple 359 759 376 769
apple 442 848 455 871
apple 343 921 377 942
apple 474 763 482 791
apple 600 788 625 810
apple 615 819 652 854
apple 656 842 674 874
