apple 137 383 171 420
apple 165 394 199 431
apple 186 461 213 490
apple 63 669 104 710
apple 86 649 130 683
apple 132 611 168 649
apple 222 557 258 588
apple 249 544 287 582
apple 266 646 291 671
apple 276 635 310 662
apple 461 701 491 733
apple 660 764 697 800
apple 669 838 701 873
apple 684 951 719 989
apple 200 347 230 379
apple 150 664 181 691
apple 342 812 375 848
apple 213 730 229 752
apple 220 854 235 870
apple 336 657 356 680
apple 424 916 447 940
apple 641 819 677 855
apple 221 378 245 403
apple 360 397 381 423
apple 101 534 117 544
apple 124 548 138 570
apple 188 546 204 573
apple 23 733 36 762
apple 96 688 122 715
apple 127 690 162 721
apple 125 715 151 734
apple 254 877 269 908
apple 544 793 568 817
apple 642 766 663 786
apple 673 800 688 822
apple 620 934 646 971
