apple 267 117 310 165
apple 221 183 257 223
apple 213 180 230 212
apple 144 210 179 252
apple 175 212 202 245
apple 207 236 247 281
apple 127 244 155 279
apple 140 283 165 303
apple 310 261 343 282
apple 292 338 328 374
apple 174 322 205 351
apple 135 344 157 370
apple 171 350 197 371
apple 149 378 187 412
apple 137 375 159 397
apple 1 420 11 456
apple 157 411 196 448
apple 321 419 359 451
apple 359 425 387 453
apple 691 507 719 548
apple 299 524 336 555
apple 149 507 184 542
apple 92 555 119 573
apple 121 549 157 576
apple 161 550 195 584
apple 2 578 30 621
apple 247 553 275 593
apple 285 558 321 589
apple 247 632 270 658
apple 240 770 262 790
apple 30 822 56 857
apple 397 794 428 828
apple 634 795 671 835
apple 671 687 695 701
apple 250 257 278 286
apple 302 222 337 258
apple 204 447 225 473
apple 199 411 232 433
apple 375 657 407 697
apple 381 827 412 856
apple 507 791 531 808
apple 690 782 718 812
