apple 376 220 407 250
apple 320 244 346 279
apple 270 257 283 269
apple 293 281 306 298
apple 306 277 318 288
apple 368 319 398 346
apple 318 324 346 357
apple 293 329 323 364
apple 297 377 336 416
apple 381 381 411 416
apple 255 383 283 417
apple 272 428 301 459
apple 363 422 386 445
apple 304 439 320 454
apple 342 488 383 525
apple 250 466 286 499
apple 219 485 252 513
apple 350 526 376 556
apple 423 539 453 574
apple 299 560 330 592
apple 241 511 258 534
apple 216 563 250 587
apple 377 584 408 615
apple 355 596 376 622
apple 271 603 303 629
apple 208 592 238 628
apple 298 646 327 675
apple 308 674 330 699
apple 314 700 337 726
apple 503 654 532 682
apple 485 639 511 661
apple 494 708 519 732
apple 464 690 481 716
apple 442 671 466 690
apple 373 767 403 794
apple 333 755 356 770
apple 485 781 509 798
apple 572 772 599 803
apple 273 887 304 925
apple 444 744 472 765
apple 334 487 360 510
apple 260 611 274 635
apple 155 625 175 645
apple 292 930 307 958
apple 361 895 374 907
apple 418 945 447 967
apple 414 1021 449 1067
apple 463 811 477 832
apple 415 627 433 648
