apple 316 345 342 366
apple 298 316 322 359
apple 421 344 446 368
apple 453 366 480 392
apple 383 381 416 415
apple 415 386 444 421
apple 580 381 605 400
apple 446 443 476 475
apple 344 528 373 554
apple 388 538 407 566
apple 487 541 521 574
apple 516 536 540 564
apple 555 542 571 559
apple 429 600 458 631
apple 501 630 526 657
apple 520 622 537 637
apple 412 636 442 671
apple 389 659 426 700
apple 378 673 391 694
apple 439 675 473 708
apple 252 711 289 748
apple 210 853 239 886
apple 371 818 421 869
apple 348 861 394 920
apple 560 854 581 885
apple 233 689 260 709
apple 338 926 370 939
