apple 346 258 375 297
apple 197 462 221 492
apple 217 468 247 492
apple 454 508 485 540
apple 492 552 528 582
apple 420 515 445 546
apple 446 524 473 553
apple 379 557 405 588
apple 345 586 376 614
apple 212 555 248 593
apple 219 595 249 624
apple 180 708 204 734
apple 206 776 234 808
apple 191 846 223 877
apple 447 875 458 899
apple 108 572 138 602
apple 640 730 655 739
apple 563 859 578 884
apple 328 493 340 506
apple 156 582 178 609
apple 204 709 243 735
apple 36 706 63 726
apple 61 693 85 727
apple 169 797 210 833
apple 477 789 495 819
apple 342 952 375 973
apple 626 854 655 883
apple 660 850 682 867
apple 666 873 687 898
apple 606 815 638 833
