apple 749 180 783 212
apple 785 151 808 176
apple 783 177 818 213
apple 886 506 925 547
apple 841 479 888 522
apple 671 448 706 477
apple 681 481 710 512
apple 713 666 747 705
apple 664 641 691 675
apple 642 669 673 696
apple 608 707 637 719
apple 559 633 596 670
apple 542 533 566 565
apple 502 571 539 609
apple 468 646 494 679
apple 469 695 496 718
apple 454 675 479 700
apple 355 654 376 684
apple 388 657 411 678
apple 336 581 372 609
apple 382 500 400 520
apple 354 542 385 576
apple 271 530 313 569
apple 242 564 277 599
apple 244 527 270 561
apple 213 577 250 618
apple 317 557 337 585
apple 339 511 358 537
apple 212 664 241 702
apple 183 661 196 683
apple 71 599 111 630
apple 33 544 47 563
apple 1 547 14 559
apple 900 395 923 424
apple 268 570 303 617
apple 466 418 486 433
apple 461 446 472 458
apple 587 501 619 537
