apple 61 198 90 225
apple 0 324 16 340
apple 15 349 39 374
apple 4 360 19 378
apple 2 377 21 399
apple 25 365 57 394
apple 56 369 84 394
apple 40 342 74 372
apple 10 397 36 420
apple 235 285 265 316
apple 244 250 269 279
apple 264 276 292 306
apple 291 274 323 303
apple 311 291 342 323
apple 331 258 359 282
apple 368 258 386 270
apple 380 296 412 329
apple 360 300 381 331
apple 342 319 367 339
apple 271 306 295 337
apple 432 383 452 398
apple 108 543 130 563
apple 92 580 115 607
apple 135 611 166 635
apple 414 512 436 541
apple 437 507 465 539
apple 684 473 719 534
apple 625 583 640 620
apple 165 651 193 681
apple 189 652 225 683
apple 217 677 267 725
apple 290 700 338 740
apple 69 740 109 777
apple 190 742 238 791
apple 282 771 315 801
apple 441 652 501 711
apple 497 635 514 644
apple 510 634 572 695
apple 447 799 484 835
apple 484 789 521 827
apple 473 862 501 878
apple 30 837 59 865
apple 1 819 12 857
apple 329 238 352 260
apple 126 354 145 372
apple 7 544 28 563
apple 131 441 146 455
apple 135 415 148 434
apple 165 390 181 412
apple 159 408 174 425
apple 186 418 203 437
apple 195 407 214 422
apple 179 376 192 392
apple 170 322 188 336
apple 215 449 232 461
apple 160 450 175 463
apple 213 431 224 444
apple 275 351 301 376
apple 123 292 135 305
apple 144 274 155 284
apple 85 293 97 306
apple 109 292 122 304
apple 116 302 125 309
apple 115 394 131 411
apple 153 517 165 527
