apple 0.99975926 265 438 307 476
apple 0.9995277 508 367 551 402
apple 0.9994066 343 449 383 490
apple 0.9993168 454 62 489 97
apple 0.99925834 426 522 465 559
apple 0.9992512 80 23 111 50
apple 0.9991405 294 535 323 564
apple 0.99902976 902 182 950 238
apple 0.99898714 302 87 337 123
apple 0.99886775 327 172 362 208
apple 0.9987896 82 51 111 79
apple 0.99872005 172 406 207 435
apple 0.9986765 85 297 122 336
apple 0.9985973 296 565 323 590
apple 0.9985808 730 188 773 238
apple 0.99857426 105 177 131 201
apple 0.9984968 133 316 171 351
apple 0.9984896 156 253 190 286
apple 0.99841464 201 671 231 703
apple 0.99809664 304 668 331 696
apple 0.9980311 279 259 305 286
apple 0.9980028 824 511 847 535
apple 0.9979474 140 52 169 78
apple 0.99789494 697 638 734 676
apple 0.9977344 765 625 799 655
apple 0.99766254 783 685 821 719
apple 0.99731123 556 649 576 674
apple 0.99708873 729 278 760 308
apple 0.9968226 427 41 463 75
apple 0.99681395 330 559 353 587
apple 0.9965251 151 76 180 109
apple 0.99614966 218 187 242 210
apple 0.99593604 295 179 327 219
apple 0.99525553 467 375 502 408
apple 0.99523634 738 339 773 376
apple 0.99521154 169 65 193 90
apple 0.9951734 690 614 719 638
apple 0.99512696 597 127 643 173
apple 0.9950321 270 1 293 19
apple 0.99468637 902 35 931 62
apple 0.994383 676 119 714 160
apple 0.99436015 135 296 168 321
apple 0.99401206 240 289 266 312
apple 0.994005 858 623 882 648
apple 0.9937364 375 136 404 165
apple 0.99319226 241 221 263 242
apple 0.9929345 824 405 846 428
apple 0.99293065 528 424 554 453
apple 0.99195236 802 631 829 656
apple 0.9918582 501 558 524 583
apple 0.9909854 133 389 166 417
apple 0.9899373 232 307 257 330
apple 0.9870372 544 670 567 691
apple 0.98650473 129 269 160 295
apple 0.98616356 526 617 544 634
apple 0.98591715 99 278 127 300
apple 0.985388 181 192 208 220
apple 0.9849379 143 220 165 241
apple 0.9847691 110 58 135 85
apple 0.983417 546 313 575 347
apple 0.9825562 554 221 590 264
apple 0.98130864 136 1 163 17
apple 0.98079014 114 401 135 419
apple 0.9802479 404 612 431 640
apple 0.97979295 314 235 336 256
apple 0.97954607 382 83 415 112
apple 0.97688556 561 623 580 648
apple 0.97678304 919 580 942 599
apple 0.9694317 582 684 601 707
apple 0.9687455 255 80 277 102
apple 0.96524686 119 89 145 108
apple 0.9617666 413 418 434 446
apple 0.96153265 463 404 493 431
apple 0.96115357 177 122 201 146
apple 0.95592153 243 578 268 597
apple 0.95218164 538 631 554 645
apple 0.95169693 184 1 208 13
apple 0.9491626 90 352 112 371
apple 0.94776654 522 256 560 293
apple 0.93491584 277 345 305 371
apple 0.9219462 242 101 264 122
apple 0.9178932 315 582 338 606
apple 0.917683 243 242 261 266
apple 0.9058344 814 568 837 598
apple 0.8995338 175 308 206 337
apple 0.89801985 743 507 770 530
apple 0.89542305 483 114 510 144
apple 0.895135 356 106 375 125
apple 0.8933683 823 495 841 511
apple 0.8906363 859 429 883 455
apple 0.8555163 557 581 582 593
apple 0.84942275 245 696 268 715
apple 0.84668434 342 4 362 31
apple 0.83262414 292 211 311 227
apple 0.8220197 121 2 139 22
apple 0.80256283 756 650 772 672
apple 0.7646725 253 64 268 79
apple 0.7404111 343 520 356 538
apple 0.733485 750 98 768 118
apple 0.62107027 348 69 367 79
