apple 0.99981385 214 270 259 314
apple 0.99980646 415 249 454 289
apple 0.9996586 464 319 509 361
apple 0.9995382 483 58 526 108
apple 0.9992743 633 336 676 379
apple 0.9986879 735 366 773 407
apple 0.9986506 217 233 250 270
apple 0.99852496 469 287 508 319
apple 0.99849725 431 133 462 165
apple 0.9984005 319 217 356 248
apple 0.9982975 670 257 709 295
apple 0.99823976 320 252 357 281
apple 0.9979621 175 109 210 146
apple 0.99786973 441 93 474 134
apple 0.99758995 349 353 389 388
apple 0.9974208 523 73 551 107
apple 0.994783 549 81 573 104
apple 0.99416333 543 99 572 129
apple 0.9920735 178 220 205 248
apple 0.99083626 679 350 711 383
apple 0.98943675 578 593 605 625
apple 0.9836385 621 291 650 318
apple 0.9835617 381 633 412 656
apple 0.98205477 528 251 558 281
apple 0.9792047 302 183 336 203
apple 0.9781252 512 125 543 159
apple 0.97264165 588 222 636 250
apple 0.9696209 404 134 429 160
apple 0.9677576 578 292 608 316
apple 0.9666204 387 176 410 198
apple 0.9654378 965 343 985 365
apple 0.9649002 500 144 529 170
apple 0.9572481 753 522 771 552
apple 0.9568919 644 186 676 222
apple 0.9562905 542 314 564 341
apple 0.94283843 388 272 411 294
apple 0.93117404 179 147 207 173
apple 0.91155535 637 660 661 686
apple 0.9108147 723 482 742 512
apple 0.91039526 585 353 609 365
apple 0.8734981 928 329 953 350
apple 0.8662362 309 623 343 658
apple 0.82434404 167 175 182 192
apple 0.7914398 652 253 680 279
apple 0.77705413 282 287 296 297
apple 0.7078365 185 250 200 262
apple 0.6917378 168 173 193 194
apple 0.64036936 482 142 501 155
apple 0.5315691 985 335 1012 357
apple 0.51931226 296 240 310 258
apple 0.49747306 974 310 1004 348
apple 0.45838785 396 304 423 322
apple 0.38401392 330 624 344 652
apple 0.31417415 308 626 324 657
apple 0.16476217 183 228 205 256
apple 0.16459142 473 105 515 153
apple 0.1598996 186 239 204 261
apple 0.12172234 390 280 426 322
apple 0.07761913 652 251 701 289
