apple 0.99549806 445 324 479 361
apple 0.9886232 542 143 571 170
apple 0.98814046 683 640 712 670
apple 0.98693556 172 292 207 327
apple 0.9852527 558 587 589 616
apple 0.9850028 622 612 653 644
apple 0.983094 479 153 506 180
apple 0.96719134 418 447 446 466
apple 0.95710796 719 74 739 93
apple 0.95397335 696 118 720 143
apple 0.93331134 556 428 579 450
apple 0.88929456 660 636 685 664
apple 0.87460303 564 548 598 581
apple 0.8571244 698 150 717 165
apple 0.8365177 602 268 626 286
apple 0.82602274 693 289 734 324
apple 0.6286683 577 557 600 583
apple 0.58812773 548 525 558 538
apple 0.5733123 672 292 693 309
apple 0.51251733 555 465 579 490
apple 0.5009656 618 278 647 297
apple 0.475465 176 320 199 332
apple 0.42771077 612 305 643 325
apple 0.4195816 610 285 645 325
apple 0.3720695 167 294 180 316
apple 0.27294204 591 518 622 546
apple 0.24433868 412 401 431 421
apple 0.23859759 421 149 437 161
apple 0.2080237 970 6 1003 41
apple 0.20766479 604 273 629 292
apple 0.20609474 592 638 609 650
apple 0.20498143 563 548 591 565
apple 0.18947068 559 548 572 563
apple 0.16196969 653 630 690 668
apple 0.16140503 666 319 681 340
apple 0.13217933 606 313 625 327
apple 0.09605774 695 288 729 305
apple 0.063643634 547 520 562 537
apple 0.06262888 555 566 593 617
apple 0.061812423 608 277 654 311
