apple 0.9999087 634 50 673 88
apple 0.999684 648 606 682 642
apple 0.9996656 662 414 700 452
apple 0.9994823 297 375 334 411
apple 0.99947745 550 99 580 133
apple 0.9994686 664 84 693 116
apple 0.99941695 243 415 277 447
apple 0.9993333 565 254 604 290
apple 0.99912745 201 419 242 456
apple 0.99909174 320 641 360 681
apple 0.99907625 541 375 582 412
apple 0.9990683 641 335 672 369
apple 0.9989624 391 478 422 508
apple 0.9988927 214 383 256 420
apple 0.99865025 305 454 337 488
apple 0.9985544 197 314 224 340
apple 0.9985409 302 693 340 719
apple 0.9985262 385 622 419 659
apple 0.9984037 680 582 713 612
apple 0.9983972 504 336 542 380
apple 0.9982943 230 538 275 581
apple 0.99826247 520 51 547 74
apple 0.9981858 137 285 165 310
apple 0.997979 802 647 833 679
apple 0.9979201 335 303 363 330
apple 0.997914 595 195 627 223
apple 0.9976605 697 512 729 545
apple 0.9975567 147 263 171 286
apple 0.9975193 335 411 363 440
apple 0.99750525 158 200 185 224
apple 0.997218 658 471 689 506
apple 0.99719054 227 292 250 316
apple 0.997142 586 216 616 251
apple 0.9968426 59 401 81 424
apple 0.99681145 698 598 730 631
apple 0.99670464 411 691 450 718
apple 0.9964833 359 274 384 298
apple 0.9963954 443 164 468 192
apple 0.99512744 164 223 189 245
apple 0.99430156 298 418 329 450
apple 0.994214 366 451 396 480
apple 0.99416685 269 696 300 719
apple 0.9940078 410 612 438 640
apple 0.9939693 89 521 116 539
apple 0.9927797 359 415 388 450
apple 0.9925243 372 341 398 365
apple 0.9924108 356 257 379 276
apple 0.99210733 578 601 602 625
apple 0.9919687 554 473 581 499
apple 0.9910597 172 343 195 367
apple 0.99076045 293 343 327 376
apple 0.9899351 177 250 197 272
apple 0.98880833 686 3 711 24
apple 0.98639655 38 403 60 425
apple 0.9863008 531 70 558 96
apple 0.9862227 737 523 768 558
apple 0.98614824 92 540 120 566
apple 0.9860071 113 524 136 547
apple 0.9843629 678 157 704 183
apple 0.9843465 523 193 550 227
apple 0.9831271 121 554 144 579
apple 0.981097 61 444 84 465
apple 0.98091024 667 136 691 161
apple 0.98011655 705 189 728 213
apple 0.9796139 656 1 676 12
apple 0.9787281 348 222 378 250
apple 0.9775898 733 17 753 40
apple 0.97570205 479 231 504 254
apple 0.9756625 425 48 448 70
apple 0.9747399 654 11 672 29
apple 0.9724409 344 392 373 415
apple 0.9716024 167 289 190 312
apple 0.9701073 938 555 963 576
apple 0.9692407 685 269 712 296
apple 0.968887 563 161 590 187
apple 0.96860504 358 302 379 327
apple 0.96758455 776 418 799 443
apple 0.9672424 112 304 132 329
apple 0.96598065 223 480 252 506
apple 0.96321946 831 498 850 515
apple 0.9485843 920 600 946 625
apple 0.94665796 407 399 430 422
apple 0.94115484 173 368 195 388
apple 0.93063945 770 515 791 531
apple 0.9272019 458 41 480 68
apple 0.9248568 468 90 486 106
apple 0.92477846 492 184 514 204
apple 0.91087544 324 349 344 370
apple 0.90085346 801 431 820 442
apple 0.88959783 140 458 167 486
apple 0.88694614 511 212 530 231
apple 0.88693684 687 104 705 123
apple 0.8344877 171 306 194 329
apple 0.8123699 390 39 419 64
apple 0.78478575 606 432 622 445
apple 0.68840706 423 114 434 134
apple 0.6665325 529 138 552 156
apple 0.6360944 515 286 527 308
apple 0.48438245 151 623 173 637
apple 0.4842412 137 248 150 265
