apple 0.9997677 759 277 795 315
apple 0.99976283 624 294 669 337
apple 0.9996136 507 0 542 35
apple 0.99960643 142 664 175 699
apple 0.99948347 400 210 430 240
apple 0.9993844 553 299 591 339
apple 0.9992003 217 336 250 372
apple 0.9990533 765 125 799 154
apple 0.9990312 267 282 298 313
apple 0.9990171 342 35 380 74
apple 0.9990019 196 234 229 271
apple 0.99899644 240 38 276 72
apple 0.9989503 863 328 902 369
apple 0.99880254 443 139 480 180
apple 0.9987436 223 650 256 684
apple 0.99872106 159 206 195 240
apple 0.9984426 76 95 111 121
apple 0.9983625 604 447 634 478
apple 0.9983581 671 134 704 160
apple 0.99825674 221 184 255 218
apple 0.9982527 402 681 431 715
apple 0.99821824 138 146 172 183
apple 0.99799854 793 277 820 309
apple 0.9974718 624 493 657 524
apple 0.99745566 814 261 856 294
apple 0.99707496 392 183 425 210
apple 0.99701166 664 297 701 329
apple 0.9966974 893 402 926 429
apple 0.9961463 578 25 609 59
apple 0.995739 137 69 180 109
apple 0.9952991 85 157 118 190
apple 0.99481165 332 231 359 260
apple 0.9947941 775 383 806 411
apple 0.9946162 774 4 815 49
apple 0.99416226 81 71 111 96
apple 0.9938279 188 678 215 710
apple 0.9937204 659 489 691 523
apple 0.99326175 771 489 797 517
apple 0.99306387 616 433 642 460
apple 0.9928885 832 15 867 49
apple 0.9905289 431 685 452 715
apple 0.9899672 199 1 226 18
apple 0.98995495 255 663 287 698
apple 0.98851264 245 217 279 249
apple 0.98740095 514 65 535 95
apple 0.985671 594 479 624 503
apple 0.9848808 279 35 314 65
apple 0.98443943 712 390 738 420
apple 0.9844326 91 129 124 161
apple 0.98387396 268 574 291 603
apple 0.98118126 427 180 455 208
apple 0.9803067 467 559 490 585
apple 0.9767244 731 283 760 310
apple 0.9758253 659 646 684 673
apple 0.97460866 690 419 714 450
apple 0.97394234 642 1 671 20
apple 0.97079855 529 35 552 61
apple 0.97007173 388 235 410 257
apple 0.96906495 745 522 767 548
apple 0.9685724 497 230 526 259
apple 0.96647227 621 547 647 577
apple 0.9628932 679 575 701 591
apple 0.9626661 472 581 493 617
apple 0.9610044 377 660 402 684
apple 0.96032697 166 695 185 716
apple 0.9600663 243 640 269 663
apple 0.95825016 720 455 746 484
apple 0.95374405 774 93 793 110
apple 0.9497283 45 131 74 160
apple 0.9484676 372 558 395 582
apple 0.94653046 869 381 905 404
apple 0.94465053 379 79 403 95
apple 0.94038284 268 194 291 217
apple 0.931729 540 1 567 13
apple 0.9311253 305 591 328 614
apple 0.9300146 527 261 557 290
apple 0.9274665 357 210 384 244
apple 0.9261664 450 547 478 571
apple 0.91258556 318 563 341 589
apple 0.9007908 332 553 353 571
apple 0.8950008 696 527 719 544
apple 0.87339586 757 601 773 616
apple 0.83971465 0 79 10 114
apple 0.8374812 428 231 449 252
apple 0.8215659 854 415 873 430
apple 0.8170992 391 530 407 553
apple 0.78105813 506 286 530 313
apple 0.69327503 862 297 883 321
apple 0.6661559 128 690 155 718
apple 0.41844097 525 258 549 280
apple 0.3875141 670 25 683 39
apple 0.3824833 67 672 90 684
apple 0.34623533 449 549 489 583
apple 0.23222157 404 254 441 284
apple 0.22741242 536 269 556 293
apple 0.21296209 423 256 438 273
apple 0.20438367 129 693 197 719
apple 0.19991104 969 325 1005 359
apple 0.118096896 967 390 1003 427
apple 0.07004241 861 381 906 425
