apple 0.99913424 509 140 535 165
apple 0.99860305 399 521 420 542
apple 0.9978048 547 160 580 186
apple 0.997795 419 508 440 529
apple 0.9976769 440 582 464 604
apple 0.9968189 261 659 285 681
apple 0.9964317 665 566 685 586
apple 0.9960945 263 1 295 27
apple 0.99390393 810 464 837 485
apple 0.99281585 441 676 462 690
apple 0.9924987 264 679 290 702
apple 0.9892932 588 37 614 64
apple 0.9887926 776 483 797 499
apple 0.987959 751 614 778 637
apple 0.9847093 385 595 405 619
apple 0.98098546 790 245 817 269
apple 0.97934866 514 102 541 123
apple 0.9769225 707 332 721 344
apple 0.9727228 638 557 658 580
apple 0.9714376 412 491 433 507
apple 0.9646571 787 31 819 55
apple 0.9646399 690 377 704 391
apple 0.9641284 577 647 593 661
apple 0.96386284 510 599 531 617
apple 0.95710707 737 598 759 618
apple 0.95075655 531 130 553 145
apple 0.9494166 744 439 768 452
apple 0.9393437 523 654 546 669
apple 0.9368617 764 244 778 259
apple 0.9347779 1074 530 1094 545
apple 0.9263541 418 664 429 679
apple 0.9077609 746 100 768 125
apple 0.9061524 246 672 259 685
apple 0.89253616 1082 91 1107 122
apple 0.88451606 682 452 695 463
apple 0.88324225 697 546 713 566
apple 0.8553262 637 586 648 601
apple 0.8401434 513 690 536 713
apple 0.8260343 386 646 405 667
apple 0.81813437 518 80 529 94
apple 0.81746256 598 630 614 643
apple 0.79730636 866 106 893 119
apple 0.7603454 604 570 621 584
apple 0.7307879 696 632 709 646
apple 0.7178888 461 514 477 526
apple 0.71660346 380 478 396 489
apple 0.6896431 720 552 734 569
apple 0.42216408 519 77 536 93
apple 0.4031999 740 657 754 666
apple 0.32583287 693 598 707 608
apple 0.2007302 622 377 636 385
apple 0.1896171 410 602 446 643
apple 0.17240271 783 157 807 172
apple 0.16145588 774 147 810 181
apple 0.14433433 867 389 902 428
apple 0.11306215 797 304 809 312
apple 0.09299096 1138 142 1173 175
apple 0.067913696 636 579 652 598
apple 0.06356539 879 41 920 74
apple 0.060593333 1142 533 1158 550
