apple 0.99923337 515 43 545 73
apple 0.99635327 510 72 530 96
apple 0.98698133 417 24 435 44
apple 0.9861828 483 704 509 719
apple 0.969236 427 46 447 68
apple 0.8482738 462 713 482 719
apple 0.79202324 440 56 455 77
apple 0.2765094 414 55 424 68
apple 0.2108366 435 46 451 72
apple 0.17117848 463 709 485 718
apple 0.11033881 425 44 455 77
apple 0.09474534 482 714 511 719
apple 0.072768934 469 707 508 719
apple 0.057119068 357 569 384 595
apple 0.051991306 440 41 451 56
apple 0.05078702 421 21 436 37
