apple 0.99954337 416 340 450 378
apple 0.9995426 210 319 249 356
apple 0.99951994 667 247 701 285
apple 0.9993376 299 255 330 285
apple 0.9993218 481 459 510 487
apple 0.99880815 757 365 789 398
apple 0.99869734 576 202 611 240
apple 0.99866426 558 371 586 404
apple 0.9985752 311 433 340 458
apple 0.9984066 190 344 224 376
apple 0.99832326 582 239 620 272
apple 0.9983063 500 434 536 469
apple 0.99829394 9 343 43 373
apple 0.99822885 116 332 151 367
apple 0.99760723 56 316 92 348
apple 0.9973652 227 378 255 408
apple 0.99732023 174 279 208 309
apple 0.9972063 852 360 884 391
apple 0.996442 166 367 198 393
apple 0.99642205 508 266 537 299
apple 0.9959394 80 287 117 306
apple 0.9955391 27 364 63 389
apple 0.9954072 49 346 76 374
apple 0.9952565 632 391 660 414
apple 0.99420565 907 381 944 406
apple 0.9938042 941 669 973 707
apple 0.9934789 501 496 530 522
apple 0.99340796 349 475 375 507
apple 0.9925377 579 385 612 414
apple 0.9913161 665 371 690 400
apple 0.99082667 1001 424 1039 450
apple 0.98914343 715 218 741 246
apple 0.9849203 691 267 718 295
apple 0.98419696 537 217 565 257
apple 0.9838579 508 466 539 491
apple 0.9807031 264 361 295 394
apple 0.979765 572 9 592 31
apple 0.97779673 151 319 185 341
apple 0.9768356 249 288 273 307
apple 0.97615606 748 405 768 424
apple 0.9750627 616 425 641 444
apple 0.974619 672 178 695 202
apple 0.9688663 367 489 395 513
apple 0.9672696 316 247 339 267
apple 0.96720725 740 381 763 401
apple 0.9514745 592 28 612 51
apple 0.9505855 110 297 142 330
apple 0.9489238 592 5 613 27
apple 0.946087 913 306 938 331
apple 0.93612117 345 373 372 407
apple 0.9236184 1000 456 1036 484
apple 0.9104236 401 373 418 389
apple 0.90285003 837 443 853 457
apple 0.8976267 761 354 790 372
apple 0.89029485 369 371 388 397
apple 0.8709547 652 293 674 319
apple 0.8662006 365 356 383 373
apple 0.8485336 859 424 872 440
apple 0.7100648 888 391 910 418
apple 0.5496433 118 351 152 371
apple 0.537882 522 1 537 16
apple 0.3608646 352 474 394 513
apple 0.33326876 115 295 141 307
apple 0.28217784 355 371 383 401
apple 0.24708132 660 288 674 305
apple 0.20944332 998 427 1041 470
apple 0.13524948 835 422 873 458
apple 0.12503922 661 270 674 297
apple 0.11651512 657 291 674 311
apple 0.11622584 13 343 62 381
apple 0.08885044 737 375 767 419
apple 0.077992946 756 341 792 374
