apple 0.9995709 842 359 907 427
apple 0.99925846 510 120 535 147
apple 0.9990339 270 679 298 709
apple 0.99870646 463 128 492 158
apple 0.9986418 761 526 805 574
apple 0.99860793 799 577 845 630
apple 0.99820864 190 643 215 668
apple 0.9977697 677 458 713 493
apple 0.9976253 739 91 762 116
apple 0.99744946 38 671 70 700
apple 0.99700963 472 59 495 84
apple 0.9969932 528 375 554 401
apple 0.9969703 534 119 556 143
apple 0.99651414 617 50 640 72
apple 0.99647254 743 125 768 153
apple 0.9964485 289 574 315 601
apple 0.99635625 432 45 457 69
apple 0.99628556 560 45 584 72
apple 0.99622077 460 158 486 183
apple 0.9960969 377 525 406 551
apple 0.99598867 717 75 741 98
apple 0.99557257 468 648 494 675
apple 0.99519366 707 180 736 210
apple 0.99493587 420 14 442 36
apple 0.99421656 286 1 312 16
apple 0.9937651 997 682 1050 718
apple 0.9937516 345 380 368 402
apple 0.9936752 457 409 481 433
apple 0.99354666 671 630 716 680
apple 0.9932166 68 658 99 684
apple 0.9931171 92 629 121 659
apple 0.9925343 536 626 570 655
apple 0.99147016 178 663 201 690
apple 0.99086577 381 321 402 340
apple 0.9904204 415 222 438 244
apple 0.99027294 658 103 682 127
apple 0.99023414 928 456 961 491
apple 0.9901434 463 704 491 719
apple 0.99007344 379 21 405 46
apple 0.988159 350 566 374 586
apple 0.98794925 322 634 345 661
apple 0.9876841 481 487 504 514
apple 0.98765755 468 615 498 645
apple 0.9865828 419 0 440 13
apple 0.985335 656 292 681 317
apple 0.9849642 499 451 517 469
apple 0.98145676 939 405 973 447
apple 0.981443 555 649 586 676
apple 0.97859085 215 631 238 654
apple 0.9783198 371 667 395 692
apple 0.97453326 420 467 445 490
apple 0.9738758 788 486 827 528
apple 0.9716422 547 143 566 166
apple 0.96849906 732 621 783 671
apple 0.9654289 645 77 661 98
apple 0.9637183 87 692 111 711
apple 0.9606192 554 699 574 718
apple 0.9583525 732 26 749 44
apple 0.9563692 424 238 443 254
apple 0.94552064 621 73 636 98
apple 0.935663 394 50 414 72
apple 0.93147856 545 403 566 426
apple 0.9235721 871 530 898 561
apple 0.91871554 352 7 375 26
apple 0.9116519 878 307 917 337
apple 0.9025057 701 298 717 323
apple 0.88661325 524 434 541 452
apple 0.8760715 636 647 657 662
apple 0.8688492 409 535 430 559
apple 0.8584192 227 652 250 678
apple 0.8462844 309 16 329 37
apple 0.8142125 722 281 741 302
apple 0.7989332 503 497 518 514
apple 0.7521292 447 201 465 212
apple 0.7322325 593 650 609 672
apple 0.7311843 547 345 566 356
apple 0.7265825 743 461 770 490
apple 0.72568864 823 470 867 514
apple 0.7033218 364 512 377 531
apple 0.6440728 427 262 441 273
apple 0.613187 344 507 356 520
apple 0.5927273 794 295 825 329
apple 0.5320784 505 106 524 123
apple 0.49872226 809 651 835 670
apple 0.49174264 822 546 849 574
apple 0.47624522 844 344 895 370
apple 0.47003758 780 624 805 658
apple 0.3878578 399 380 413 396
apple 0.21042514 668 354 688 367
apple 0.19147258 530 209 543 221
apple 0.1807747 595 89 605 103
apple 0.14472844 806 641 842 674
apple 0.09420559 808 537 851 575
apple 0.061572935 554 691 590 717
apple 0.0557901 768 615 803 663
