apple 0.99952555 527 231 559 264
apple 0.9995245 816 202 847 235
apple 0.9990194 487 478 511 501
apple 0.9988483 232 370 265 401
apple 0.99811566 527 513 560 543
apple 0.99808395 434 217 463 242
apple 0.99598265 683 200 702 221
apple 0.9949502 559 364 587 393
apple 0.9943705 669 54 694 88
apple 0.99274325 569 239 596 269
apple 0.99024326 765 182 798 225
apple 0.9879046 751 221 774 240
apple 0.98598415 444 242 465 267
apple 0.98435944 708 654 720 674
apple 0.9841415 683 223 701 249
apple 0.9603051 510 467 528 483
apple 0.9467136 548 174 574 198
apple 0.93335456 551 130 573 148
apple 0.9296309 542 401 559 420
apple 0.88619983 840 577 863 595
apple 0.8758559 837 640 862 659
apple 0.8093699 492 443 518 464
apple 0.80634624 349 350 372 375
apple 0.79880446 768 491 794 506
apple 0.75759006 826 671 850 696
apple 0.67256886 803 637 817 652
apple 0.61033744 620 94 641 106
apple 0.4866602 491 443 504 463
apple 0.48662984 658 88 674 102
apple 0.46067068 508 451 522 472
apple 0.46002302 852 458 875 468
apple 0.45525053 834 680 850 696
apple 0.44732282 854 677 879 693
apple 0.42018354 838 647 852 659
apple 0.399105 724 418 737 429
apple 0.3042244 508 452 529 480
apple 0.27083313 1137 478 1168 512
apple 0.24331227 683 236 699 250
apple 0.24288747 370 314 380 322
apple 0.23414302 787 594 802 604
apple 0.18142566 469 136 482 149
apple 0.12732928 636 92 654 105
apple 0.11826653 419 367 434 379
apple 0.09009988 659 84 682 100
apple 0.08168588 433 460 443 471
apple 0.079022095 336 692 349 701
apple 0.05017933 768 204 796 224
