apple 0.99890506 410 606 433 627
apple 0.99864787 520 222 544 246
apple 0.9985732 559 245 591 272
apple 0.9975902 432 592 452 615
apple 0.99647695 451 669 477 692
apple 0.99634427 277 85 310 117
apple 0.9934901 827 552 855 571
apple 0.9934236 425 576 445 591
apple 0.9925962 654 645 671 666
apple 0.98989713 684 655 702 673
apple 0.98834074 527 186 554 207
apple 0.9879473 881 497 905 515
apple 0.98738444 599 121 623 147
apple 0.9871358 799 114 830 142
apple 0.9864993 771 704 797 718
apple 0.9855682 792 569 816 588
apple 0.97499585 759 526 784 538
apple 0.9646649 398 680 415 702
apple 0.96043706 803 330 829 352
apple 0.9600608 783 239 819 266
apple 0.9598851 722 415 736 424
apple 0.9574635 391 559 411 573
apple 0.950728 755 689 776 709
apple 0.94350654 543 213 566 231
apple 0.93683875 652 672 664 688
apple 0.9209732 776 329 789 340
apple 0.9037966 741 643 752 656
apple 0.9037263 729 618 747 630
apple 0.8986078 606 643 635 672
apple 0.89012665 705 624 729 652
apple 0.88613015 704 460 718 470
apple 0.8689895 617 1 643 11
apple 0.828716 408 591 421 605
apple 0.8268795 756 187 777 209
apple 0.8042236 859 377 880 402
apple 0.7942435 698 541 711 551
apple 0.785065 517 678 542 699
apple 0.76619154 802 592 827 616
apple 0.76275843 1100 615 1115 635
apple 0.5957577 876 194 901 207
apple 0.48437437 653 699 663 710
apple 0.47599393 458 181 470 194
apple 0.40566397 457 198 471 215
apple 0.3537283 595 706 606 718
apple 0.3026494 529 165 539 180
apple 0.282801 858 376 879 385
apple 0.2648255 499 704 519 718
apple 0.24230038 486 384 497 395
apple 0.18768547 508 702 519 715
apple 0.17645569 773 420 784 429
apple 0.16054274 824 407 837 417
apple 0.15889573 650 467 661 479
apple 0.14970693 514 690 525 700
apple 0.115959816 513 692 525 706
apple 0.112425834 526 169 555 208
apple 0.10290867 596 706 620 718
apple 0.09663705 506 679 543 715
apple 0.09446897 640 463 660 478
apple 0.09006603 509 697 522 713
apple 0.08888042 777 327 798 342
apple 0.06341308 1091 169 1121 209
apple 0.056435492 364 587 374 598
apple 0.053591672 418 688 458 718
