apple 0.9995491 636 284 664 313
apple 0.9995441 283 82 315 113
apple 0.9994368 650 112 681 146
apple 0.9994179 350 82 380 111
apple 0.999329 550 54 584 91
apple 0.9992442 272 110 306 140
apple 0.99915016 442 357 473 385
apple 0.9991227 369 300 403 333
apple 0.9991062 353 347 385 379
apple 0.9989015 357 146 385 176
apple 0.9988312 425 190 451 217
apple 0.9987447 327 578 356 607
apple 0.99866545 601 527 631 556
apple 0.9986119 662 265 690 292
apple 0.9985941 295 221 329 255
apple 0.9977852 635 44 661 73
apple 0.9976301 326 349 353 375
apple 0.9963497 625 537 650 567
apple 0.9962167 676 282 706 310
apple 0.99588096 715 241 742 271
apple 0.9955195 306 111 332 136
apple 0.9954892 352 124 375 151
apple 0.9949562 405 162 430 188
apple 0.9940367 648 174 673 205
apple 0.99341995 891 295 915 316
apple 0.993331 343 555 365 578
apple 0.9931416 390 1 414 17
apple 0.99268615 378 58 403 81
apple 0.9913565 421 287 449 317
apple 0.9910964 629 227 650 247
apple 0.9902181 443 301 464 324
apple 0.9900849 344 629 368 653
apple 0.9899582 304 610 328 634
apple 0.98903733 519 24 550 59
apple 0.9885633 238 29 255 47
apple 0.9884653 763 337 791 363
apple 0.98761964 717 421 740 443
apple 0.9865762 461 430 487 451
apple 0.98650104 672 612 691 634
apple 0.986465 224 3 246 25
apple 0.98588693 746 493 769 517
apple 0.9840516 212 35 234 58
apple 0.98375076 322 375 347 402
apple 0.98329633 164 242 186 266
apple 0.98109114 560 175 585 201
apple 0.97958654 379 120 405 141
apple 0.9792867 754 159 773 181
apple 0.9774161 138 154 156 174
apple 0.9748443 383 6 402 33
apple 0.97381115 663 592 684 614
apple 0.97034025 119 154 137 172
apple 0.9690402 347 54 375 81
apple 0.9665445 282 63 302 84
apple 0.9596057 747 246 768 266
apple 0.9594858 698 533 720 558
apple 0.9585886 141 188 158 206
apple 0.95848215 875 334 897 355
apple 0.9477567 682 205 706 234
apple 0.9473436 208 202 231 225
apple 0.9456478 741 694 767 719
apple 0.93892956 400 40 420 57
apple 0.9362036 185 255 210 280
apple 0.92690223 253 252 272 268
apple 0.9266353 588 294 604 313
apple 0.92350036 682 559 700 578
apple 0.9207855 806 261 825 277
apple 0.91677123 390 180 413 202
apple 0.8936078 290 165 312 188
apple 0.8895091 453 166 477 193
apple 0.8889388 817 668 836 692
apple 0.8880916 914 308 931 329
apple 0.8863701 196 130 212 151
apple 0.8812362 405 93 430 117
apple 0.8727886 393 23 416 43
apple 0.86471534 198 178 216 192
apple 0.8640793 641 476 667 503
apple 0.8275782 811 424 831 443
apple 0.82701904 677 34 702 58
apple 0.6758987 260 80 276 107
apple 0.6758898 922 280 941 293
apple 0.67559725 526 283 537 296
apple 0.6648185 546 268 562 281
apple 0.611964 780 193 798 204
apple 0.59450406 690 445 705 466
apple 0.5661723 603 126 621 144
apple 0.54243034 673 435 686 451
apple 0.5356914 783 377 796 391
apple 0.51821244 145 242 158 253
apple 0.48153767 442 384 459 400
apple 0.4179818 636 413 649 426
apple 0.35337982 353 64 373 82
apple 0.34918863 394 31 418 54
apple 0.29851627 301 62 347 95
apple 0.07738572 397 371 426 418
