apple 0.9995136 557 361 583 388
apple 0.998705 543 349 567 374
apple 0.9983877 347 523 371 546
apple 0.9952285 371 505 392 524
apple 0.98860407 556 384 575 402
apple 0.9863383 461 426 481 443
apple 0.9852497 383 515 404 540
apple 0.9438465 868 678 898 712
apple 0.76061815 459 413 472 427
apple 0.35652405 458 413 481 441
apple 0.27363554 356 327 382 349
apple 0.2677839 456 413 467 428
apple 0.22497092 297 474 315 495
apple 0.19732949 872 692 897 715
apple 0.16493055 870 676 894 697
apple 0.16086185 743 297 757 318
apple 0.10554722 556 372 580 396
apple 0.07699279 330 570 341 584
