apple 0.9993986 188 74 216 102
apple 0.9990959 207 107 239 136
apple 0.99876726 319 445 359 479
apple 0.9986879 309 82 335 115
apple 0.9985696 570 466 607 499
apple 0.9983418 380 518 411 546
apple 0.99756205 334 92 358 118
apple 0.9973381 237 524 270 552
apple 0.9972209 401 648 434 681
apple 0.9954904 210 564 237 596
apple 0.9953857 166 571 197 600
apple 0.99373573 658 85 693 123
apple 0.9930831 600 135 632 164
apple 0.9922671 671 631 703 665
apple 0.99185747 792 623 834 664
apple 0.98898894 723 581 757 612
apple 0.98763824 206 160 233 185
apple 0.9850295 350 74 373 95
apple 0.97623414 510 529 527 546
apple 0.9751654 796 77 817 99
apple 0.9706516 160 603 187 627
apple 0.9693476 199 586 232 613
apple 0.9682049 568 108 595 142
apple 0.9675061 213 138 237 160
apple 0.9655214 243 606 276 638
apple 0.957639 413 154 433 180
apple 0.954848 405 126 428 144
apple 0.9536436 563 353 591 370
apple 0.94880813 261 147 286 171
apple 0.93605065 497 269 517 290
apple 0.934253 941 657 965 681
apple 0.9337779 387 151 424 191
apple 0.9334632 347 594 369 622
apple 0.926808 886 366 919 392
apple 0.92574316 778 235 803 259
apple 0.9253521 516 623 536 646
apple 0.92250264 820 459 849 482
apple 0.92074376 523 653 544 674
apple 0.9161 537 372 559 397
apple 0.90986335 588 7 620 34
apple 0.90917355 533 274 553 301
apple 0.89121884 602 625 627 640
apple 0.8733205 496 316 521 338
apple 0.8605149 691 645 719 671
apple 0.8485064 202 557 217 574
apple 0.83434904 826 24 849 50
apple 0.8301525 335 527 351 546
apple 0.8164222 931 416 959 452
apple 0.7812038 371 114 392 137
apple 0.75315046 342 176 364 196
apple 0.75104636 952 689 974 717
apple 0.7469188 911 686 926 704
apple 0.72895557 495 244 517 265
apple 0.72258383 441 161 460 173
apple 0.7139934 671 576 688 588
apple 0.6801916 298 680 314 699
apple 0.6374454 446 678 466 691
apple 0.5668438 441 709 466 718
apple 0.48775905 944 636 969 659
apple 0.46260452 674 390 692 414
apple 0.45357698 492 696 506 710
apple 0.4422844 535 450 548 465
apple 0.40005118 390 149 412 166
apple 0.3589436 318 194 336 212
apple 0.3040742 756 259 772 277
apple 0.2059765 550 331 562 345
apple 0.15166596 386 173 412 192
apple 0.120191455 198 566 236 609
apple 0.11285731 681 633 721 672
