apple 0.9998828 676 219 725 266
apple 0.9997696 631 510 694 573
apple 0.99971706 651 439 710 500
apple 0.999647 743 190 791 237
apple 0.9995515 341 42 371 71
apple 0.9991787 365 28 393 56
apple 0.9987993 347 15 374 39
apple 0.9985784 291 312 320 340
apple 0.99818355 197 59 225 87
apple 0.9981786 469 681 534 718
apple 0.9980591 300 359 332 381
apple 0.9978649 368 57 394 82
apple 0.99677104 793 483 826 520
apple 0.9965276 274 290 304 319
apple 0.99642 744 71 777 108
apple 0.9943019 796 447 833 481
apple 0.9937436 275 263 305 290
apple 0.9929959 508 436 537 466
apple 0.99242496 293 379 325 406
apple 0.9910142 261 334 281 356
apple 0.9909285 580 92 605 116
apple 0.9881997 709 289 742 332
apple 0.9879964 772 281 802 312
apple 0.9854894 240 327 264 350
apple 0.9839432 652 188 684 224
apple 0.98100716 305 269 332 293
apple 0.97318745 652 165 679 189
apple 0.96720326 540 107 563 130
apple 0.9619072 380 1 396 20
apple 0.96052736 319 343 342 369
apple 0.9559747 512 409 541 435
apple 0.95395344 392 165 412 180
apple 0.95002323 324 1 340 15
apple 0.93806136 359 2 379 16
apple 0.9334213 574 488 598 519
apple 0.9310783 256 361 277 386
apple 0.92992973 838 32 857 56
apple 0.9295208 824 1 851 9
apple 0.92219716 397 8 420 33
apple 0.9208965 374 172 393 192
apple 0.9169314 285 237 314 264
apple 0.91401196 354 125 375 145
apple 0.9089922 252 241 276 269
apple 0.9079017 616 137 632 160
apple 0.90490836 377 670 396 696
apple 0.8985589 580 619 615 637
apple 0.89350545 315 160 337 189
apple 0.8904707 857 474 878 502
apple 0.86718965 383 431 398 454
apple 0.8108463 412 160 426 175
apple 0.80870265 632 492 649 513
apple 0.78553313 421 188 436 203
apple 0.67643595 415 135 432 149
apple 0.62106156 679 82 696 114
apple 0.5621665 410 197 423 213
apple 0.4910626 398 114 412 129
apple 0.45895356 748 112 768 127
apple 0.39826643 358 0 397 19
apple 0.35912064 446 391 458 401
apple 0.26792023 691 300 705 328
apple 0.22086236 603 374 620 387
apple 0.20642301 447 215 463 235
apple 0.19780703 276 142 309 195
apple 0.17552596 278 223 316 267
apple 0.074918196 450 160 463 176
apple 0.0742585 396 161 421 179
apple 0.05703263 653 191 668 220
apple 0.055693965 579 603 617 641
apple 0.053628806 516 152 527 165
