apple 0.99991286 560 267 599 306
apple 0.999566 623 211 658 245
apple 0.99915624 315 245 347 279
apple 0.9991252 788 205 819 239
apple 0.99896383 775 89 809 125
apple 0.99880373 662 275 697 311
apple 0.99850416 111 83 147 118
apple 0.99815184 290 231 323 262
apple 0.9975714 387 235 414 265
apple 0.99721575 596 278 629 305
apple 0.99594104 626 109 663 136
apple 0.9948874 662 0 699 14
apple 0.99376523 619 121 658 160
apple 0.9927101 505 171 546 201
apple 0.9850011 535 214 558 245
apple 0.9782261 641 196 672 222
apple 0.9778796 535 253 558 276
apple 0.97125715 517 154 551 177
apple 0.9690703 94 101 118 127
apple 0.9495203 97 166 120 193
apple 0.5231971 315 218 328 241
apple 0.21560368 505 174 522 202
apple 0.1668432 222 184 237 194
apple 0.12367336 519 163 547 190
apple 0.10859075 510 148 551 186
apple 0.10449408 534 590 550 604
apple 0.06968504 539 261 557 276
apple 0.06110171 628 203 666 238
