apple 0.9993661 55 393 96 432
apple 0.99898046 249 490 282 520
apple 0.9988801 78 339 114 375
apple 0.99886394 241 112 274 141
apple 0.9988244 553 5 593 44
apple 0.9980469 559 54 594 88
apple 0.99755955 261 519 292 549
apple 0.9973742 852 295 888 325
apple 0.9972318 397 73 432 103
apple 0.9972178 429 49 463 75
apple 0.997175 82 371 114 407
apple 0.9970163 892 177 927 211
apple 0.9968201 745 29 780 49
apple 0.9967595 381 110 408 135
apple 0.99628025 316 55 343 87
apple 0.9960134 183 43 211 76
apple 0.9950316 486 121 515 149
apple 0.9947636 157 489 187 513
apple 0.99446553 612 99 636 126
apple 0.9927013 426 7 452 38
apple 0.9896685 342 41 371 72
apple 0.98072356 39 1 79 11
apple 0.9800567 46 346 74 384
apple 0.9726475 779 173 807 192
apple 0.9451763 569 508 588 537
apple 0.9430079 909 126 941 144
apple 0.9334687 526 237 548 253
apple 0.9098916 344 69 363 94
apple 0.89039105 408 101 437 136
apple 0.8792005 590 41 614 75
apple 0.8717636 124 383 155 409
apple 0.8573315 651 560 670 586
apple 0.83232456 986 618 1008 649
apple 0.83106214 360 103 382 125
apple 0.8242186 504 100 524 118
apple 0.82279086 499 376 519 397
apple 0.81209546 672 21 691 50
apple 0.722171 433 163 452 177
apple 0.7099436 328 108 342 135
apple 0.7042297 559 499 588 535
apple 0.6786477 484 178 496 191
apple 0.6417825 556 498 572 520
apple 0.55445135 522 270 543 292
apple 0.48958024 533 26 549 45
apple 0.4231557 595 24 610 47
apple 0.3672102 673 32 687 49
apple 0.35614082 563 174 577 187
apple 0.33079088 487 236 497 246
apple 0.31411898 47 364 71 385
apple 0.25340208 589 56 610 75
apple 0.23938927 145 24 162 39
apple 0.21424246 401 144 417 167
apple 0.19418868 884 223 898 233
apple 0.15655248 353 111 373 126
apple 0.15415873 456 168 467 176
apple 0.14801553 776 160 811 194
apple 0.14344826 399 138 413 158
apple 0.13854784 1012 1 1035 10
apple 0.098623596 547 26 567 44
apple 0.08791119 378 106 423 137
apple 0.068963274 327 104 361 139
apple 0.057585116 1022 5 1055 44
apple 0.052954085 528 605 540 617
apple 0.052340746 904 125 944 156
