apple 0.9994491 384 391 425 428
apple 0.9994272 258 449 297 484
apple 0.9992322 389 17 419 55
apple 0.9990583 247 313 286 349
apple 0.99876535 395 308 426 341
apple 0.99865985 921 416 966 454
apple 0.99846315 244 423 285 458
apple 0.99735945 560 401 591 432
apple 0.9969013 540 264 573 302
apple 0.9952472 752 237 783 273
apple 0.99518615 407 46 435 81
apple 0.9923644 509 287 539 328
apple 0.9915314 628 419 660 451
apple 0.990017 562 494 596 529
apple 0.98854524 851 468 914 505
apple 0.9831064 240 373 265 394
apple 0.9828278 525 485 551 520
apple 0.98265 926 333 953 368
apple 0.97704846 325 299 362 341
apple 0.9770483 644 508 673 538
apple 0.9767363 983 443 1012 477
apple 0.9751625 945 39 975 75
apple 0.971187 446 366 468 391
apple 0.9677642 706 412 723 438
apple 0.96729815 889 212 911 251
apple 0.9640434 1003 70 1035 110
apple 0.9400255 893 313 911 334
apple 0.90449095 927 272 949 292
apple 0.8775741 635 97 655 123
apple 0.8623878 507 446 529 467
apple 0.81713575 1073 618 1094 630
apple 0.77751017 746 300 771 330
apple 0.7718523 441 114 459 130
apple 0.6919434 706 533 737 550
apple 0.65990686 351 137 368 153
apple 0.64801514 348 115 365 133
apple 0.61932737 338 291 368 312
apple 0.61049545 709 579 725 597
apple 0.58270293 677 116 690 141
apple 0.5677376 405 132 423 147
apple 0.53477 682 490 700 503
apple 0.49577516 630 551 662 575
apple 0.4248336 506 428 531 466
apple 0.4241581 486 554 498 573
apple 0.37837994 478 361 490 387
apple 0.32504246 508 425 519 439
apple 0.27306426 685 618 707 643
apple 0.25055438 480 483 493 502
apple 0.12371517 328 289 372 333
apple 0.1001488 629 539 672 575
apple 0.08425449 511 287 536 302
apple 0.07545183 958 3 991 41
apple 0.0696557 506 425 523 451
apple 0.06829513 702 524 741 554
apple 0.055025317 1109 332 1141 374
apple 0.05088204 890 309 919 350
