apple 0.99916697 526 204 557 237
apple 0.99894625 229 339 262 369
apple 0.9986946 817 185 848 218
apple 0.9985831 557 338 584 365
apple 0.9985606 524 486 556 515
apple 0.99815553 672 29 697 59
apple 0.99807787 483 450 506 473
apple 0.9965335 675 174 702 197
apple 0.9963601 767 166 802 205
apple 0.99325997 752 199 778 228
apple 0.9889713 431 188 461 212
apple 0.9872312 568 213 594 243
apple 0.9754285 441 213 463 238
apple 0.97000486 701 628 713 647
apple 0.9650854 548 148 581 171
apple 0.95383304 823 617 854 648
apple 0.941958 831 552 853 573
apple 0.94028926 489 418 514 437
apple 0.93791544 536 374 555 395
apple 0.9355593 683 198 704 226
apple 0.93306065 845 443 868 455
apple 0.92029643 770 470 790 485
apple 0.90777117 507 438 525 458
apple 0.86865073 845 659 868 673
apple 0.86814195 794 609 808 630
apple 0.81182945 756 358 770 375
apple 0.80820173 822 654 840 672
apple 0.794046 963 305 987 329
apple 0.7714009 558 107 572 123
apple 0.690811 688 197 703 215
apple 0.64591146 840 616 857 629
apple 0.57751286 605 62 627 76
apple 0.48742846 660 64 675 78
apple 0.4399491 923 344 940 376
apple 0.40627578 659 60 688 79
apple 0.4058671 627 62 645 78
apple 0.39745653 1005 228 1034 256
apple 0.38356602 682 54 702 69
apple 0.37108994 684 218 698 230
apple 0.3479273 1130 461 1159 494
apple 0.30592453 488 419 500 434
apple 0.24485014 818 634 833 652
apple 0.23767364 778 573 792 581
apple 0.18591489 469 108 481 121
apple 0.18048912 664 57 695 73
apple 0.15830934 427 429 437 441
apple 0.13212721 816 387 861 414
apple 0.13047157 972 305 987 324
apple 0.113756135 634 67 652 80
apple 0.06457344 833 617 855 637
apple 0.064280085 659 53 702 81
apple 0.055459417 820 627 835 648
apple 0.053525 768 164 798 183
apple 0.053010814 765 163 774 176
apple 0.050161183 782 167 800 181
