apple 0.99977237 377 585 417 625
apple 0.99885905 760 5 791 41
apple 0.995634 397 676 420 702
apple 0.994532 416 666 442 688
apple 0.9780017 516 451 536 478
apple 0.93608105 822 10 857 40
apple 0.93054724 473 644 497 653
apple 0.9279106 911 9 928 23
apple 0.88579434 845 0 864 13
apple 0.86131954 766 468 783 483
apple 0.85504216 671 176 690 193
apple 0.6576749 596 402 614 423
apple 0.65250945 794 3 858 52
apple 0.637841 796 32 818 51
apple 0.5927744 743 553 758 565
apple 0.58855635 795 23 826 51
apple 0.31359577 713 651 735 673
apple 0.26986414 811 0 825 7
apple 0.18030508 829 3 862 31
apple 0.17143479 592 54 623 75
apple 0.13897477 819 13 839 39
apple 0.1073827 439 700 460 718
apple 0.09482338 496 377 519 396
apple 0.09179183 788 14 838 51
apple 0.08505474 839 1 863 22
apple 0.08438497 756 515 770 532
apple 0.08353213 592 475 623 489
apple 0.06706046 650 614 663 624
apple 0.06700246 472 631 499 652
