apple 0.9992574 570 466 598 490
apple 0.9987318 626 330 650 356
apple 0.9982126 469 679 498 707
apple 0.9981312 191 76 215 98
apple 0.99721515 449 492 473 516
apple 0.99678123 335 548 360 575
apple 0.9965454 371 265 396 290
apple 0.9963522 620 553 642 577
apple 0.9957145 594 125 621 152
apple 0.99532723 484 587 508 617
apple 0.99522346 515 487 537 511
apple 0.9944457 220 95 243 119
apple 0.9940263 262 201 285 225
apple 0.99355656 287 193 310 216
apple 0.9931694 626 381 646 405
apple 0.9928524 431 223 452 248
apple 0.9926293 603 572 622 592
apple 0.99175125 359 45 378 65
apple 0.99000484 774 641 804 676
apple 0.9875239 641 653 665 674
apple 0.9864428 388 210 411 234
apple 0.98623985 594 382 613 400
apple 0.9850793 694 370 715 399
apple 0.98428404 423 11 443 36
apple 0.9819326 650 693 671 713
apple 0.9807027 836 654 861 685
apple 0.97746426 327 258 347 276
apple 0.9748974 865 617 884 631
apple 0.97402704 851 629 873 649
apple 0.9703296 181 43 197 60
apple 0.9697195 332 78 357 103
apple 0.9693019 543 467 558 489
apple 0.9678844 373 36 389 59
apple 0.9670106 279 33 302 54
apple 0.9600176 583 419 604 442
apple 0.9580806 255 99 268 119
apple 0.9560216 202 60 217 78
apple 0.9559267 504 611 528 637
apple 0.95418376 538 505 557 520
apple 0.94239503 222 55 246 76
apple 0.93903697 305 138 320 153
apple 0.92775065 225 3 253 26
apple 0.92040336 261 49 278 67
apple 0.91061896 221 0 246 14
apple 0.8900005 800 465 817 479
apple 0.8716315 246 0 262 16
apple 0.86509997 338 56 359 78
apple 0.8603255 594 505 611 523
apple 0.83809847 608 592 628 614
apple 0.81899244 477 710 497 719
apple 0.81568044 328 179 343 202
apple 0.74244434 481 484 498 500
apple 0.72965854 460 338 474 354
apple 0.7290313 461 66 480 81
apple 0.7196175 434 327 445 334
apple 0.70812166 401 313 416 328
apple 0.7019664 608 138 628 156
apple 0.68524426 805 624 831 643
apple 0.6572291 444 0 461 8
apple 0.5766987 263 148 282 160
apple 0.55866724 592 455 607 478
apple 0.55490285 602 228 617 244
apple 0.54509723 627 630 644 645
apple 0.40171137 410 61 426 75
apple 0.35044697 508 621 526 638
apple 0.2881756 786 660 803 676
apple 0.23041831 352 535 367 546
apple 0.1913936 647 675 677 711
apple 0.18046775 221 0 262 19
apple 0.08825954 798 615 836 647
