apple 0.99962664 665 142 700 183
apple 0.9993173 379 261 411 299
apple 0.99893755 819 259 863 298
apple 0.99892384 319 229 357 265
apple 0.9987205 1022 377 1063 418
apple 0.99705815 761 184 798 222
apple 0.99686986 582 380 621 415
apple 0.9967362 695 133 725 163
apple 0.996123 877 97 912 134
apple 0.99550205 663 501 695 533
apple 0.99543273 954 174 985 208
apple 0.9948302 236 261 266 296
apple 0.99455994 635 458 666 487
apple 0.99420893 501 365 536 401
apple 0.9931645 377 196 409 233
apple 0.9914301 537 231 572 268
apple 0.98945343 1064 373 1107 414
apple 0.987931 704 406 734 436
apple 0.9864444 941 477 973 507
apple 0.98552793 903 375 939 411
apple 0.9828479 853 125 883 162
apple 0.9826292 800 158 836 193
apple 0.9804592 954 507 986 543
apple 0.9800771 1039 97 1083 146
apple 0.97778165 896 480 924 508
apple 0.9770777 638 209 669 238
apple 0.9762848 1132 673 1171 714
apple 0.97147006 804 661 830 687
apple 0.9670194 275 286 306 316
apple 0.9667026 324 211 355 236
apple 0.9646085 578 306 600 332
apple 0.96283585 397 303 420 328
apple 0.95810974 855 653 875 669
apple 0.9381784 933 256 966 293
apple 0.9312789 1220 539 1255 568
apple 0.92992586 711 449 741 476
apple 0.9253196 544 343 559 356
apple 0.9052093 722 352 761 384
apple 0.8997594 536 308 561 333
apple 0.8917484 823 677 849 706
apple 0.8885387 475 119 498 137
apple 0.8881569 1220 582 1263 626
apple 0.8626619 556 437 576 449
apple 0.8542362 794 187 815 211
apple 0.8478317 489 355 509 373
apple 0.8429391 588 218 607 236
apple 0.83896464 722 672 747 698
apple 0.7752211 511 304 535 328
apple 0.717818 724 167 742 180
apple 0.62775075 173 247 190 270
apple 0.6245876 511 276 538 299
apple 0.60905194 423 261 437 278
apple 0.45933577 1199 569 1224 600
apple 0.43511197 1066 434 1085 445
apple 0.3167796 1101 368 1133 400
apple 0.20824724 822 687 844 707
apple 0.17020944 623 471 634 484
apple 0.16313338 740 705 755 719
apple 0.12986577 1064 415 1104 453
apple 0.075808294 573 299 607 337
apple 0.0720802 735 487 749 498
apple 0.0703872 921 153 961 194
