apple 0.9997476 726 485 765 524
apple 0.99973005 388 469 414 494
apple 0.99962854 751 506 796 550
apple 0.9995511 230 438 263 467
apple 0.9995271 653 542 683 571
apple 0.9994772 792 653 829 695
apple 0.99943334 262 571 302 609
apple 0.9991184 332 508 358 533
apple 0.99858165 309 599 341 629
apple 0.9982262 314 690 340 714
apple 0.99814975 352 608 379 639
apple 0.9979202 120 543 167 581
apple 0.9974993 678 532 708 566
apple 0.99554056 404 455 426 477
apple 0.9945722 535 620 557 642
apple 0.99442035 739 449 783 482
apple 0.9933228 362 490 383 511
apple 0.99259466 426 295 448 320
apple 0.98625946 404 302 426 324
apple 0.98404723 310 638 335 660
apple 0.9821295 236 458 265 480
apple 0.97963583 319 670 343 690
apple 0.9794988 273 558 300 575
apple 0.9776685 487 655 511 683
apple 0.97551733 510 425 536 447
apple 0.97324187 372 83 389 101
apple 0.97150254 388 455 405 473
apple 0.9565759 362 461 382 479
apple 0.9229545 344 476 358 499
apple 0.91859716 329 486 345 507
apple 0.7527421 514 620 529 640
apple 0.6381742 317 524 331 538
apple 0.5033514 206 443 218 453
apple 0.3597178 332 478 354 504
apple 0.17355539 307 504 321 518
