apple 0.99799144 412 398 436 427
apple 0.9970482 730 248 760 282
apple 0.9957339 796 650 823 675
apple 0.9942695 777 293 802 323
apple 0.9942345 574 501 600 525
apple 0.9893646 776 29 809 56
apple 0.988937 571 362 600 385
apple 0.9841892 669 346 703 376
apple 0.9769002 714 85 735 110
apple 0.9734407 450 271 477 297
apple 0.97017246 739 7 767 36
apple 0.9584735 573 390 598 412
apple 0.95626676 430 385 452 405
apple 0.9512644 787 577 817 601
apple 0.9041113 446 446 474 471
apple 0.8776208 572 423 596 448
apple 0.8316701 662 505 682 523
apple 0.82918537 451 434 480 454
apple 0.82099265 556 485 585 501
apple 0.81671447 758 1 782 23
apple 0.76249605 574 329 597 351
apple 0.74585 790 104 814 121
apple 0.7361191 793 597 821 621
apple 0.7310849 540 475 566 493
apple 0.7268228 793 314 813 339
apple 0.66132075 454 467 473 483
apple 0.63844514 396 543 420 571
apple 0.6374779 825 395 850 419
apple 0.48992565 798 126 821 148
apple 0.4386791 495 423 516 440
apple 0.37566286 791 320 804 338
apple 0.3367894 867 88 889 104
apple 0.33121124 787 576 820 626
apple 0.26636174 675 23 698 45
apple 0.2546574 793 265 832 279
apple 0.23868698 787 637 800 653
apple 0.21951051 696 242 706 255
apple 0.21927588 786 633 798 649
apple 0.18685687 444 438 475 484
apple 0.1815905 635 514 658 531
apple 0.16545565 626 334 655 363
apple 0.103045456 848 655 902 712
apple 0.09802091 647 453 666 473
apple 0.08546988 547 476 578 496
apple 0.08228015 643 339 656 360
apple 0.0786655 624 340 639 359
apple 0.073017925 984 637 1004 656
