apple 0.9998586 558 435 594 470
apple 0.999253 747 135 781 172
apple 0.99902904 656 429 692 464
apple 0.9987801 146 245 178 275
apple 0.9986945 308 384 339 413
apple 0.9986766 763 262 796 295
apple 0.9982905 622 374 653 404
apple 0.998116 330 397 361 428
apple 0.995663 711 149 742 175
apple 0.9951776 511 333 546 362
apple 0.99508166 604 437 628 458
apple 0.99371403 658 164 693 192
apple 0.99265385 778 367 805 399
apple 0.991812 619 288 656 324
apple 0.99166274 543 85 568 108
apple 0.990475 125 264 151 288
apple 0.98593265 640 357 667 381
apple 0.97465605 535 406 559 436
apple 0.97061545 129 326 147 350
apple 0.9643775 398 390 413 411
apple 0.95277333 537 378 559 398
apple 0.93794495 630 276 660 304
apple 0.86964005 331 371 354 395
apple 0.80043834 554 103 581 126
apple 0.26078716 498 472 514 489
apple 0.24753068 546 91 580 124
apple 0.11037209 531 343 548 360
apple 0.09171636 490 475 508 491
apple 0.07394741 329 374 344 402
