apple 0.9996966 786 447 827 488
apple 0.9996828 574 114 613 154
apple 0.9996044 281 462 318 495
apple 0.9994671 923 362 961 402
apple 0.99931943 359 350 393 386
apple 0.9992673 520 273 559 318
apple 0.9991629 499 224 535 262
apple 0.99911124 664 224 702 258
apple 0.9989548 433 274 468 309
apple 0.9987565 422 160 457 191
apple 0.99870205 721 358 750 394
apple 0.9986387 319 296 351 331
apple 0.9985098 497 354 534 394
apple 0.99845004 641 392 677 432
apple 0.99836224 771 334 810 374
apple 0.998346 673 436 709 472
apple 0.99825364 115 298 152 332
apple 0.99822253 908 164 945 203
apple 0.9980635 690 313 719 346
apple 0.9978765 597 171 626 207
apple 0.997538 657 179 694 218
apple 0.9961061 601 445 632 472
apple 0.99538994 174 342 205 373
apple 0.99508756 564 284 596 320
apple 0.99419713 566 631 595 660
apple 0.99362224 551 559 581 587
apple 0.99327964 182 279 205 314
apple 0.9927187 520 598 550 628
apple 0.9907913 915 679 945 706
apple 0.9905447 191 357 220 387
apple 0.99011797 594 12 620 42
apple 0.98961896 926 533 953 568
apple 0.98780197 468 182 490 209
apple 0.9847355 341 389 375 419
apple 0.98319215 847 476 881 503
apple 0.98188514 433 314 457 339
apple 0.97993946 911 431 937 453
apple 0.9793711 1146 655 1178 688
apple 0.97688794 511 636 533 662
apple 0.9678331 454 700 492 719
apple 0.96461815 860 111 882 137
apple 0.9582184 529 225 556 259
apple 0.9422037 288 301 318 334
apple 0.9309597 581 531 600 567
apple 0.9074048 764 233 784 263
apple 0.90633893 820 405 835 428
apple 0.9062038 672 506 692 528
apple 0.9058658 510 681 538 714
apple 0.90169823 487 704 512 718
apple 0.900281 545 624 570 647
apple 0.8219565 411 181 431 200
apple 0.8045453 515 263 540 286
apple 0.7592824 484 379 509 406
apple 0.7574744 491 633 504 654
apple 0.7290357 544 660 567 691
apple 0.7286808 1053 705 1074 718
apple 0.721035 636 427 656 442
apple 0.6747735 145 308 160 330
apple 0.63188213 985 510 1004 530
apple 0.6141707 504 446 519 462
apple 0.57605183 504 388 528 401
apple 0.5751675 650 364 665 377
apple 0.5283925 191 396 205 410
apple 0.4832782 322 368 356 398
apple 0.42953727 894 417 912 431
apple 0.418554 321 380 349 398
apple 0.3165629 751 709 768 719
apple 0.29935014 158 357 171 368
apple 0.28567517 548 659 565 681
apple 0.25383714 174 321 190 334
apple 0.24044871 297 322 314 335
apple 0.2206645 343 366 357 386
apple 0.12931834 1120 706 1138 717
apple 0.092105046 764 228 801 265
apple 0.050704148 448 697 514 719
apple 0.05016984 337 370 354 392
