apple 0.9992126 565 196 592 223
apple 0.99779737 372 369 394 391
apple 0.9934077 477 276 500 300
apple 0.9911335 554 187 575 209
apple 0.9905962 395 354 416 372
apple 0.9897792 407 365 422 386
apple 0.98670965 437 663 458 687
apple 0.9833709 563 218 583 239
apple 0.9794047 477 267 497 280
apple 0.95798355 384 171 407 186
apple 0.9463099 1117 709 1140 718
apple 0.8889981 450 699 480 718
apple 0.7162774 476 687 490 705
apple 0.461005 467 685 491 708
apple 0.43441078 454 687 488 716
apple 0.4150446 396 357 420 381
apple 0.36744425 321 311 340 331
apple 0.23772968 465 667 475 682
apple 0.21313561 749 150 764 173
apple 0.1861479 456 708 478 718
apple 0.16362938 563 196 577 213
apple 0.09408299 372 320 384 331
apple 0.08897605 562 192 584 219
apple 0.062264714 564 206 589 229
apple 0.055112574 856 482 886 512
