apple 0.99983394 730 241 765 279
apple 0.99928916 553 117 585 156
apple 0.9992071 768 186 804 224
apple 0.99905545 593 192 624 226
apple 0.99866104 805 285 843 319
apple 0.9979468 520 689 556 719
apple 0.9975452 703 621 727 652
apple 0.9972128 536 195 572 231
apple 0.9965289 800 230 829 261
apple 0.9956815 742 558 766 588
apple 0.9952532 809 86 830 117
apple 0.9951351 843 306 872 340
apple 0.99508566 685 680 713 709
apple 0.9943277 642 188 673 221
apple 0.9929069 715 685 745 714
apple 0.9925996 777 612 802 643
apple 0.99188024 737 126 773 174
apple 0.9913995 627 207 660 241
apple 0.98715276 908 131 936 162
apple 0.9814177 587 146 613 178
apple 0.98103905 831 156 855 181
apple 0.9797845 533 670 564 700
apple 0.9773467 762 526 784 548
apple 0.976489 744 688 767 718
apple 0.97167057 783 327 810 362
apple 0.9697963 578 99 609 123
apple 0.9652183 902 95 936 123
apple 0.9627049 518 161 542 182
apple 0.9579198 894 173 917 201
apple 0.94873834 790 512 816 538
apple 0.9422717 667 127 684 144
apple 0.919698 482 150 506 189
apple 0.7614722 211 146 229 168
apple 0.633868 321 67 346 88
apple 0.52485687 196 186 222 206
apple 0.41839355 874 144 889 163
apple 0.2204443 783 529 799 548
apple 0.16514066 181 187 196 197
apple 0.14092462 487 147 506 163
apple 0.1390724 785 517 806 544
apple 0.11996861 740 143 765 173
apple 0.06247495 797 352 810 366
apple 0.062306054 726 684 767 718
