apple 0.9996873 501 571 539 609
apple 0.99952304 212 577 249 617
apple 0.9994305 882 503 923 548
apple 0.99940753 269 530 310 570
apple 0.9990689 843 478 888 522
apple 0.9989833 244 563 277 596
apple 0.99860126 671 448 707 480
apple 0.99782604 680 481 710 512
apple 0.99760914 558 630 598 670
apple 0.9975399 539 533 569 565
apple 0.99732816 467 645 495 679
apple 0.9970804 748 178 782 210
apple 0.9966486 356 654 381 685
apple 0.996009 713 662 747 706
apple 0.9956867 243 525 270 561
apple 0.9956762 337 579 374 610
apple 0.99536985 641 665 675 695
apple 0.9942508 661 641 690 671
apple 0.9942153 782 179 814 213
apple 0.9941146 452 674 476 701
apple 0.9918791 70 597 113 624
apple 0.9916856 469 692 494 716
apple 0.98994315 352 544 382 577
apple 0.9860324 213 664 244 704
apple 0.98548037 464 417 489 434
apple 0.98336434 430 663 453 695
apple 0.98263896 784 147 809 179
apple 0.9818574 897 395 924 424
apple 0.9791804 378 496 400 523
apple 0.97603434 30 542 46 562
apple 0.9738158 606 704 637 719
apple 0.95821685 314 558 335 585
apple 0.951452 335 515 354 535
apple 0.9105912 273 567 304 589
apple 0.90213984 266 583 300 614
apple 0.89408857 180 657 199 679
apple 0.887601 423 114 439 125
apple 0.85552377 0 543 17 561
apple 0.8424959 370 74 385 85
apple 0.83351284 511 524 523 544
apple 0.8098674 588 482 617 521
apple 0.72680026 384 650 417 691
apple 0.61824226 857 688 877 715
apple 0.542989 586 500 617 536
apple 0.50916916 588 525 601 537
apple 0.36745372 481 626 493 634
apple 0.23835182 267 587 288 611
apple 0.23432285 707 235 720 247
apple 0.21767534 253 564 301 597
apple 0.17549233 17 542 48 565
apple 0.16826011 622 161 641 172
apple 0.09505673 528 172 540 184
apple 0.08896654 569 632 601 658
apple 0.064477265 349 628 359 637
