apple 0.99986947 611 579 653 628
apple 0.9995503 709 586 758 637
apple 0.99948263 352 380 400 427
apple 0.9991073 623 624 663 658
apple 0.9987733 431 682 469 719
apple 0.9971739 424 630 463 665
apple 0.9970836 488 567 518 600
apple 0.9960962 741 555 772 591
apple 0.99188614 512 675 554 713
apple 0.984542 638 569 668 592
apple 0.9837617 555 637 588 672
apple 0.981768 372 635 416 688
apple 0.9563667 562 615 597 639
apple 0.7530623 585 256 596 270
apple 0.3995326 582 255 600 276
apple 0.36140653 379 631 411 666
apple 0.3425902 549 663 564 682
apple 0.21175121 1073 712 1096 718
apple 0.15787356 382 631 411 645
apple 0.11963754 706 584 727 609
apple 0.08233762 530 573 543 592
apple 0.05655574 518 664 569 714
