apple 0.9998529 278 346 313 381
apple 0.9997832 660 422 699 462
apple 0.9996076 332 319 371 356
apple 0.999592 530 466 568 503
apple 0.99957496 926 166 966 208
apple 0.9994326 557 317 593 351
apple 0.9992537 340 504 372 531
apple 0.9988971 843 249 877 286
apple 0.99858177 670 468 701 498
apple 0.99844164 312 349 339 380
apple 0.9979792 590 289 621 321
apple 0.99782 719 186 753 215
apple 0.9974618 727 215 758 247
apple 0.9974528 598 456 627 486
apple 0.99685186 419 440 445 469
apple 0.99678147 977 695 1015 718
apple 0.9958748 141 379 179 412
apple 0.9957236 527 402 555 434
apple 0.9955968 515 183 543 207
apple 0.99500257 397 345 435 381
apple 0.99486583 429 283 459 309
apple 0.99451655 892 144 930 179
apple 0.99319166 418 323 448 349
apple 0.99161386 938 220 968 249
apple 0.99095225 307 321 327 346
apple 0.99022806 283 443 311 467
apple 0.98645324 698 422 732 455
apple 0.9845398 476 490 507 509
apple 0.9837038 633 271 652 293
apple 0.98019373 443 444 472 483
apple 0.9784006 483 452 513 479
apple 0.9732054 838 0 864 12
apple 0.9687375 719 491 740 511
apple 0.9625818 1030 582 1059 608
apple 0.95888996 68 355 95 388
apple 0.9513303 376 341 398 372
apple 0.9414759 619 380 642 404
apple 0.9008258 335 361 366 382
apple 0.8890595 406 266 417 288
apple 0.88088447 945 197 972 226
apple 0.8355639 566 285 579 305
apple 0.77778536 507 510 532 523
apple 0.7613513 589 484 620 500
apple 0.7502646 404 298 417 319
apple 0.75003684 587 639 601 656
apple 0.7469423 875 527 891 546
apple 0.7296183 444 439 468 459
apple 0.71345985 798 557 812 577
apple 0.673596 876 572 889 582
apple 0.6540824 247 424 265 445
apple 0.6073623 839 443 859 456
apple 0.53733236 677 608 692 622
apple 0.46136647 914 549 933 567
apple 0.45596763 634 434 647 452
apple 0.42001665 619 304 633 321
apple 0.3349776 413 473 425 487
apple 0.30376586 696 467 716 482
apple 0.250296 586 484 623 518
apple 0.22607316 413 526 424 538
apple 0.22205111 332 397 343 406
apple 0.21352647 605 269 622 284
apple 0.16493054 939 201 973 241
apple 0.12609076 392 526 402 535
apple 0.12399711 514 282 527 294
apple 0.061907936 377 331 407 375
apple 0.057695284 541 556 551 567
apple 0.053638067 706 433 730 451
