apple 0.99968815 431 593 472 633
apple 0.99910295 586 475 615 503
apple 0.99908197 389 350 418 378
apple 0.9989208 255 545 289 581
apple 0.9987502 296 605 325 633
apple 0.9985055 272 694 305 718
apple 0.9984877 585 438 621 470
apple 0.99783736 598 655 634 682
apple 0.9976209 411 424 435 454
apple 0.99683905 780 680 815 716
apple 0.9963032 910 309 934 337
apple 0.99512 650 543 678 573
apple 0.994183 1034 481 1078 520
apple 0.993932 710 354 743 384
apple 0.9930228 979 474 1012 509
apple 0.9928281 518 534 557 572
apple 0.99186 969 355 1006 376
apple 0.99174505 240 574 273 609
apple 0.9895163 624 411 654 443
apple 0.98880017 445 518 470 544
apple 0.9874672 744 13 772 48
apple 0.98592085 382 571 418 613
apple 0.9835765 473 670 500 709
apple 0.98275775 693 411 716 427
apple 0.98218197 344 487 363 502
apple 0.9805054 624 374 655 406
apple 0.9783407 892 1 929 48
apple 0.97780997 932 294 950 328
apple 0.97705543 351 703 378 718
apple 0.96771514 771 602 796 619
apple 0.9639403 1110 666 1146 704
apple 0.96309066 723 1 751 27
apple 0.95660335 658 1 694 8
apple 0.95223635 1083 359 1115 393
apple 0.9492684 990 687 1022 715
apple 0.9467875 991 646 1012 658
apple 0.94637686 1035 679 1069 714
apple 0.9384536 332 622 366 645
apple 0.9305691 148 692 180 718
apple 0.92791635 590 614 614 635
apple 0.9065963 439 633 459 651
apple 0.89508474 538 690 575 718
apple 0.8860418 823 545 842 569
apple 0.87387997 453 561 475 579
apple 0.8672289 704 216 741 253
apple 0.8522912 418 456 437 482
apple 0.8414615 539 502 572 519
apple 0.7887957 499 6 522 31
apple 0.78375024 852 5 878 18
apple 0.7677334 943 637 955 651
apple 0.62917155 383 670 400 689
apple 0.5889463 296 571 316 586
apple 0.58605003 917 395 928 406
apple 0.57393324 830 0 845 8
apple 0.5694592 928 417 949 435
apple 0.5013899 457 710 479 719
apple 0.4794259 806 575 820 586
apple 0.47550538 341 614 372 640
apple 0.4394882 539 701 566 719
apple 0.41184828 625 401 653 423
apple 0.38381082 499 705 523 719
apple 0.3781462 727 702 747 717
apple 0.3275774 830 1 847 13
apple 0.20682454 538 697 555 717
apple 0.1485598 475 628 492 664
apple 0.11117529 446 624 489 658
apple 0.110154845 949 689 961 703
apple 0.10433376 1101 532 1133 569
apple 0.096090406 892 18 919 49
apple 0.0739162 1108 483 1146 513
apple 0.0718502 362 667 401 700
apple 0.06400545 1089 427 1121 465
