apple 0.99989724 186 383 232 425
apple 0.99981505 385 633 421 673
apple 0.9997451 6 381 50 428
apple 0.99970895 87 388 125 428
apple 0.9993942 115 351 157 398
apple 0.99927837 364 581 400 624
apple 0.9990865 797 392 837 441
apple 0.9989827 206 342 245 371
apple 0.9985771 726 540 772 592
apple 0.99854726 373 250 402 280
apple 0.99848336 75 425 114 462
apple 0.9980836 747 347 789 390
apple 0.99755126 642 97 680 134
apple 0.9973054 844 356 896 413
apple 0.9971929 255 450 290 489
apple 0.9950034 251 412 301 454
apple 0.99479866 771 489 813 525
apple 0.99476564 46 373 85 410
apple 0.99434114 260 369 313 420
apple 0.99300814 200 426 235 466
apple 0.9922511 693 226 728 264
apple 0.9904372 656 581 676 617
apple 0.9897182 379 287 409 321
apple 0.9895152 833 410 872 449
apple 0.9868418 705 497 743 536
apple 0.97648674 911 48 936 77
apple 0.9733506 218 320 245 347
apple 0.9718435 508 399 535 422
apple 0.96290624 423 316 446 345
apple 0.96026486 591 528 631 553
apple 0.9398373 774 117 798 142
apple 0.93587667 619 75 641 110
apple 0.93358266 919 288 943 312
apple 0.9323487 1064 650 1104 693
apple 0.9091696 764 222 795 246
apple 0.89139515 837 266 857 292
apple 0.88859236 678 24 704 49
apple 0.8881911 573 456 604 486
apple 0.8827184 990 106 1018 126
apple 0.8797086 1046 638 1098 692
apple 0.8710614 759 283 789 320
apple 0.8171596 413 369 434 385
apple 0.8163262 695 273 730 300
apple 0.78005445 968 422 991 446
apple 0.7492743 820 614 833 634
apple 0.73427445 902 409 934 441
apple 0.70306426 272 443 310 458
apple 0.68153363 1046 639 1080 680
apple 0.62820315 344 273 358 291
apple 0.5726337 361 444 383 461
apple 0.53701746 318 366 331 382
apple 0.5258253 466 451 483 465
apple 0.4756164 664 57 706 94
apple 0.456499 702 2 724 12
apple 0.41223967 705 638 717 653
apple 0.40427306 416 630 432 650
apple 0.38538697 784 625 798 639
apple 0.3654817 388 218 403 233
apple 0.34636527 412 447 439 461
apple 0.2938411 403 453 424 477
apple 0.27241117 691 78 706 94
apple 0.20538604 913 409 935 430
apple 0.18988197 282 377 313 421
apple 0.17115721 985 104 1021 136
apple 0.12131791 692 238 732 303
apple 0.12027509 598 244 614 263
apple 0.11504826 1048 639 1078 658
apple 0.08512359 730 3 762 39
apple 0.060839985 380 286 404 304
apple 0.05698461 833 259 864 297
apple 0.05614095 846 358 878 402
