apple 0.9989711 786 435 821 470
apple 0.99886775 715 9 751 48
apple 0.9980229 769 373 810 404
apple 0.99768925 1189 573 1224 602
apple 0.9970071 1045 274 1080 305
apple 0.9939867 843 432 872 463
apple 0.9905922 802 468 832 497
apple 0.98851705 968 446 999 468
apple 0.98038816 974 385 1006 417
apple 0.9791277 1119 492 1149 524
apple 0.9786847 738 38 767 66
apple 0.9767205 1177 618 1207 646
apple 0.9730771 998 447 1022 463
apple 0.9684447 960 329 988 359
apple 0.96839386 773 414 799 441
apple 0.96624315 1009 19 1039 47
apple 0.96206605 950 359 981 385
apple 0.9542114 1049 39 1089 74
apple 0.9494878 987 512 1007 535
apple 0.9375977 1032 413 1058 438
apple 0.87846893 769 85 792 113
apple 0.8522222 960 8 986 30
apple 0.74320966 961 97 983 115
apple 0.7294879 765 55 788 86
apple 0.72023094 693 1 715 13
apple 0.61452913 1066 14 1095 45
apple 0.60693717 755 565 777 589
apple 0.58571935 1050 565 1082 592
apple 0.5813356 857 333 882 356
apple 0.47129658 1063 565 1084 580
apple 0.38538232 983 4 1007 30
apple 0.3002885 691 0 727 16
apple 0.21725915 688 471 712 496
apple 0.11360259 611 570 628 583
apple 0.0964887 1069 38 1092 65
apple 0.05166044 958 3 1002 28
