apple 0.9997906 695 275 744 321
apple 0.99959785 157 283 207 328
apple 0.9994978 660 515 702 553
apple 0.99949694 886 126 928 169
apple 0.99934906 89 401 125 442
apple 0.9993241 479 484 526 532
apple 0.99923575 277 265 321 304
apple 0.9989066 806 438 845 471
apple 0.99883705 745 441 787 491
apple 0.9983088 596 314 631 355
apple 0.99781704 615 457 645 493
apple 0.9973809 78 342 119 383
apple 0.9971551 328 238 373 282
apple 0.99714166 848 500 881 536
apple 0.9963224 720 409 766 447
apple 0.99616325 536 325 569 362
apple 0.99568427 578 449 623 499
apple 0.9934309 560 357 586 392
apple 0.9902575 283 458 313 483
apple 0.98994446 740 162 782 206
apple 0.9872759 512 529 537 556
apple 0.9857372 58 310 82 333
apple 0.9854394 751 318 782 349
apple 0.9833143 995 579 1034 607
apple 0.9831797 777 466 812 493
apple 0.9818885 35 344 70 383
apple 0.97972614 843 474 870 500
apple 0.9744961 789 324 808 355
apple 0.9729749 932 660 969 697
apple 0.97011983 843 430 865 446
apple 0.96913636 609 495 634 526
apple 0.9650944 627 337 652 370
apple 0.95370185 565 292 606 323
apple 0.9487458 882 559 911 583
apple 0.9401982 493 338 522 375
apple 0.9270436 698 482 712 495
apple 0.92455363 347 276 369 310
apple 0.90549755 973 443 1007 468
apple 0.89693904 975 449 1038 509
apple 0.8859092 949 688 975 717
apple 0.8852212 658 581 687 611
apple 0.8274013 880 620 907 644
apple 0.8096522 89 326 107 341
apple 0.80201554 875 537 905 558
apple 0.76325715 711 471 742 496
apple 0.7551509 649 390 675 403
apple 0.7542085 649 392 690 440
apple 0.7394361 804 135 819 151
apple 0.68618524 1032 659 1064 686
apple 0.68164444 552 319 573 337
apple 0.6294051 581 446 618 473
apple 0.6080428 675 296 692 310
apple 0.5539339 268 434 291 447
apple 0.5127159 675 428 690 440
apple 0.496092 496 597 509 612
apple 0.47928542 976 408 994 422
apple 0.44031948 288 568 304 584
apple 0.3597301 534 529 548 542
apple 0.3597212 400 324 413 338
apple 0.35917047 274 544 290 555
apple 0.31850106 872 541 911 581
apple 0.29475632 936 4 974 45
apple 0.28481328 37 340 62 358
apple 0.25036925 492 330 515 366
apple 0.2263761 659 431 676 444
apple 0.19930893 730 476 746 492
apple 0.15940054 662 430 688 443
apple 0.14531763 878 613 915 648
apple 0.14178543 351 288 366 310
apple 0.13182046 753 162 779 188
apple 0.10718527 760 450 813 492
apple 0.09891959 325 271 369 308
apple 0.09615383 42 360 71 386
