apple 0.99960154 234 111 271 147
apple 0.99948967 258 174 301 213
apple 0.9990551 809 598 848 633
apple 0.9990044 202 184 242 225
apple 0.9988049 524 656 560 687
apple 0.9987703 141 233 187 277
apple 0.9986534 264 92 296 120
apple 0.9985946 525 110 558 145
apple 0.9978671 235 142 264 169
apple 0.9970957 341 139 372 170
apple 0.9962058 396 107 429 148
apple 0.9932463 804 361 840 394
apple 0.9928975 361 259 392 292
apple 0.9926098 435 290 464 322
apple 0.9916289 540 266 572 298
apple 0.9906475 802 659 826 688
apple 0.9886634 937 354 975 390
apple 0.987359 443 323 470 349
apple 0.9792858 280 278 302 309
apple 0.9713858 849 350 872 376
apple 0.96984476 573 213 604 237
apple 0.96193033 573 54 593 83
apple 0.95733047 564 124 597 157
apple 0.95705926 464 157 493 188
apple 0.9469741 524 706 542 718
apple 0.94389606 574 248 606 280
apple 0.94214803 304 106 322 128
apple 0.93744713 422 59 455 77
apple 0.9363712 368 139 385 156
apple 0.93484277 652 207 674 229
apple 0.9227798 876 77 904 110
apple 0.9202401 699 635 725 664
apple 0.9136807 246 272 276 305
apple 0.8950776 606 325 634 355
apple 0.8860789 426 120 462 154
apple 0.87654376 667 338 708 376
apple 0.8715059 802 472 825 495
apple 0.8661576 689 479 707 496
apple 0.8598172 462 675 480 701
apple 0.8420248 960 686 987 707
apple 0.8381619 572 84 595 109
apple 0.8360685 911 342 934 359
apple 0.81925887 461 703 480 718
apple 0.76163834 446 120 462 146
apple 0.75050986 362 104 386 124
apple 0.7018527 486 154 505 181
apple 0.65697825 937 57 959 82
apple 0.58266675 785 206 801 217
apple 0.4907326 766 488 782 499
apple 0.4662239 955 80 971 111
apple 0.41710475 428 159 443 179
apple 0.3271924 879 387 897 404
apple 0.27461395 425 134 450 154
apple 0.19196118 152 229 176 243
apple 0.1904642 248 271 273 283
apple 0.18532906 957 307 977 321
apple 0.18222173 562 84 597 118
apple 0.091575816 302 109 317 131
apple 0.07484232 936 69 972 109
apple 0.055299547 724 612 736 625
