apple 0.99883586 421 661 447 690
apple 0.9980469 453 461 477 485
apple 0.9980253 431 469 453 491
apple 0.9968334 392 686 412 711
apple 0.99620914 435 646 458 666
apple 0.99301815 796 698 840 719
apple 0.991706 257 666 292 701
apple 0.98115677 262 688 293 710
apple 0.9779213 411 645 435 668
apple 0.97032803 357 704 389 719
apple 0.9584171 357 681 378 702
apple 0.9447254 371 670 385 690
apple 0.9283648 389 656 410 683
apple 0.74481416 358 685 372 701
apple 0.7078204 359 672 382 698
apple 0.44202507 366 672 378 693
apple 0.37212414 543 611 569 641
apple 0.3287834 392 653 410 670
apple 0.29240832 491 445 509 464
apple 0.28218865 355 681 368 700
apple 0.18654425 353 708 373 718
apple 0.18385199 369 645 383 660
apple 0.14791286 352 680 364 695
apple 0.09061561 387 665 400 684
apple 0.056069423 373 666 398 688
apple 0.05375056 388 223 409 234
apple 0.05296759 825 703 840 718
apple 0.05142591 331 704 342 715
