apple 0.9994825 571 557 610 595
apple 0.99932396 463 302 493 335
apple 0.99864346 606 330 639 366
apple 0.99842215 561 497 590 531
apple 0.997684 158 445 189 473
apple 0.99724567 129 517 162 549
apple 0.9970595 62 603 90 635
apple 0.99486333 515 288 546 310
apple 0.9942268 114 433 146 463
apple 0.99212646 588 120 613 153
apple 0.9910217 560 203 582 227
apple 0.9905667 545 146 570 179
apple 0.9901192 586 180 610 206
apple 0.9890927 176 652 208 682
apple 0.98872805 412 849 440 873
apple 0.9822728 91 642 118 666
apple 0.97949356 277 553 300 576
apple 0.970611 706 882 718 913
apple 0.9672928 125 601 158 627
apple 0.9666194 391 751 419 773
apple 0.9583347 457 491 486 518
apple 0.9580257 118 253 134 276
apple 0.95552474 182 576 210 601
apple 0.9517645 671 549 688 568
apple 0.9416961 194 249 215 268
apple 0.93724114 200 635 226 659
apple 0.92705745 231 521 254 545
apple 0.90867275 429 303 464 342
apple 0.90779316 130 259 160 288
apple 0.86101675 99 607 115 628
apple 0.86043155 174 255 195 269
apple 0.8565055 560 165 586 198
apple 0.7736945 79 807 111 838
apple 0.7707503 145 645 159 659
apple 0.7698133 122 561 146 583
