apple 0.9996927 298 661 335 697
apple 0.9995881 628 352 664 388
apple 0.9995671 440 290 474 324
apple 0.99944574 621 142 664 184
apple 0.99942744 480 468 519 507
apple 0.999393 564 512 599 547
apple 0.9990778 243 422 272 452
apple 0.99899334 546 829 580 864
apple 0.9989716 594 373 631 413
apple 0.99890447 495 332 523 361
apple 0.998667 316 446 345 468
apple 0.99842083 210 1020 240 1059
apple 0.99836415 240 757 272 788
apple 0.9983417 245 658 283 691
apple 0.9979151 229 1135 263 1170
apple 0.99763024 459 421 503 456
apple 0.99742657 329 626 357 659
apple 0.99741024 325 1091 370 1140
apple 0.9968689 364 624 395 654
apple 0.99618345 635 206 672 245
apple 0.9930248 702 712 718 739
apple 0.99300885 615 546 641 577
apple 0.9927488 498 1047 512 1072
apple 0.9924952 428 481 451 514
apple 0.9919469 635 738 663 769
apple 0.9916522 480 346 498 363
apple 0.9910847 383 377 401 402
apple 0.9907217 301 740 322 764
apple 0.9899968 585 311 607 340
apple 0.98999435 467 274 503 306
apple 0.9887453 592 486 625 517
apple 0.9882669 545 641 574 676
apple 0.98531777 556 577 580 611
apple 0.9800085 565 1103 603 1132
apple 0.9770098 175 959 203 986
