apple 0.9997745 369 389 411 427
apple 0.99964106 508 212 549 256
apple 0.9996123 676 371 719 414
apple 0.9996112 566 85 605 130
apple 0.99957234 54 598 101 646
apple 0.99939907 608 406 647 440
apple 0.9993787 633 431 677 472
apple 0.99922824 538 615 581 653
apple 0.999131 625 246 665 287
apple 0.99880886 583 555 625 594
apple 0.9987979 30 940 71 977
apple 0.9987068 534 298 574 339
apple 0.9984359 499 290 536 324
apple 0.9979119 128 831 157 862
apple 0.9975012 623 582 665 617
apple 0.996994 1 973 20 1010
apple 0.9968521 317 419 354 449
apple 0.9963587 454 919 488 949
apple 0.9960561 579 171 622 211
apple 0.99563843 67 971 100 1000
apple 0.9956352 612 344 653 375
apple 0.99538285 689 411 718 444
apple 0.9949727 395 820 423 845
apple 0.99487865 666 442 694 483
apple 0.9947897 498 732 540 760
apple 0.9946056 38 671 72 704
apple 0.9937669 564 129 593 159
apple 0.9931022 602 253 629 287
apple 0.9920398 663 546 693 577
apple 0.9914527 349 977 378 1005
apple 0.9874384 584 841 610 869
apple 0.98681045 556 754 591 790
apple 0.98667544 402 989 421 1017
apple 0.98406744 605 683 640 712
apple 0.98102736 416 604 447 637
