apple 0.9996834 462 439 497 477
apple 0.99964595 380 284 417 323
apple 0.99947506 216 174 245 206
apple 0.99938 19 459 54 492
apple 0.9993036 3 95 29 124
apple 0.9992638 392 357 432 396
apple 0.9991968 612 785 649 823
apple 0.99915695 487 311 515 339
apple 0.9989875 29 154 54 183
apple 0.9989452 128 337 163 370
apple 0.9988482 110 890 163 939
apple 0.99871767 48 312 82 346
apple 0.9986278 300 516 334 556
apple 0.99857736 29 98 57 126
apple 0.9985083 554 767 583 801
apple 0.9984842 123 727 171 770
apple 0.9983625 267 153 301 190
apple 0.99807477 696 195 719 229
apple 0.99801147 152 121 176 147
apple 0.9978915 611 322 638 348
apple 0.99769056 566 702 603 738
apple 0.99763894 360 191 389 225
apple 0.9975853 464 828 486 849
apple 0.9971614 217 728 247 758
apple 0.99707353 514 314 540 341
apple 0.99707246 363 535 393 563
apple 0.99699736 547 696 570 723
apple 0.99695766 274 735 311 771
apple 0.99688965 629 556 649 578
apple 0.9968004 511 512 536 536
apple 0.99669856 693 776 718 819
apple 0.9966086 137 307 173 338
apple 0.99659795 608 568 631 591
apple 0.996555 613 223 645 251
apple 0.9964567 2 433 33 467
