apple 0.99963045 523 340 559 377
apple 0.99947876 637 949 682 999
apple 0.9993211 648 626 684 660
apple 0.9992828 143 317 171 352
apple 0.999129 561 227 590 261
apple 0.99904317 633 87 668 125
apple 0.99888283 626 331 660 367
apple 0.99860066 507 286 540 321
apple 0.99842405 556 635 586 666
apple 0.9974522 551 351 580 385
apple 0.99724376 596 337 628 371
apple 0.99624085 689 591 718 627
apple 0.9962375 507 442 542 480
apple 0.99599105 623 417 660 448
apple 0.995764 566 377 604 417
apple 0.9955539 0 135 20 173
apple 0.9943904 524 745 553 773
apple 0.994145 424 836 450 858
apple 0.99312687 511 628 545 655
apple 0.99294573 167 334 195 362
apple 0.99159956 532 528 560 556
apple 0.98842657 688 0 713 19
apple 0.9878498 544 616 571 639
apple 0.98537505 126 230 146 259
apple 0.9748839 467 549 490 573
apple 0.974051 701 756 719 780
apple 0.97145104 530 555 556 577
apple 0.96761864 128 629 152 648
apple 0.96570534 537 665 561 694
apple 0.9602962 109 623 130 649
apple 0.9601065 578 541 603 574
apple 0.95892423 669 331 687 352
apple 0.92800146 578 463 598 486
apple 0.9117587 590 221 613 263
apple 0.89987135 507 681 528 700
