apple 0.9992574 466 570 490 598
apple 0.9987318 330 626 356 650
apple 0.9982126 679 469 707 498
apple 0.9981312 76 191 98 215
apple 0.99721515 492 449 516 473
apple 0.99678123 548 335 575 360
apple 0.9965454 265 371 290 396
apple 0.9963522 553 620 577 642
apple 0.9957145 125 594 152 621
apple 0.99532723 587 484 617 508
apple 0.99522346 487 515 511 537
apple 0.9944457 95 220 119 243
apple 0.9940263 201 262 225 285
apple 0.99355656 193 287 216 310
apple 0.9931694 381 626 405 646
apple 0.9928524 223 431 248 452
apple 0.9926293 572 603 592 622
apple 0.99175125 45 359 65 378
apple 0.99000484 641 774 676 804
apple 0.9875239 653 641 674 665
apple 0.9864428 210 388 234 411
apple 0.98623985 382 594 400 613
apple 0.9850793 370 694 399 715
apple 0.98428404 11 423 36 443
apple 0.9819326 693 650 713 671
apple 0.9807027 654 836 685 861
apple 0.97746426 258 327 276 347
apple 0.9748974 617 865 631 884
apple 0.97402704 629 851 649 873
apple 0.9703296 43 181 60 197
apple 0.9697195 78 332 103 357
apple 0.9693019 467 543 489 558
apple 0.9678844 36 373 59 389
apple 0.9670106 33 279 54 302
apple 0.9600176 419 583 442 604
