apple 0.99919826 131 643 160 676
apple 0.9991352 204 491 233 523
apple 0.999027 75 641 109 671
apple 0.9987243 192 427 224 460
apple 0.99859804 44 188 72 215
apple 0.99856454 394 627 425 656
apple 0.9981667 294 468 317 491
apple 0.9980261 561 660 592 687
apple 0.9979171 281 164 305 193
apple 0.9975211 653 612 679 637
apple 0.997335 321 321 347 353
apple 0.99727374 109 636 136 664
apple 0.99694556 613 737 642 766
apple 0.99694353 164 609 194 637
apple 0.9966667 150 216 178 245
apple 0.99630594 445 436 471 459
apple 0.9962304 438 391 461 415
apple 0.99556005 86 181 112 203
apple 0.9952518 613 661 641 682
apple 0.9951762 139 241 165 265
apple 0.99495476 58 248 81 273
apple 0.9946859 231 267 255 287
apple 0.9944102 202 195 231 225
apple 0.9937243 231 580 258 604
apple 0.9930616 303 199 327 225
apple 0.99293846 612 625 636 647
apple 0.99158573 23 352 45 376
apple 0.99154824 232 242 254 264
apple 0.9899541 200 261 223 284
apple 0.9890703 85 139 110 164
apple 0.98814464 432 251 454 274
apple 0.98810136 184 164 205 190
apple 0.9879715 319 418 344 438
apple 0.9869508 221 226 242 245
apple 0.9846858 254 533 273 551
