apple 0.9997291 494 583 527 614
apple 0.99964285 505 673 548 715
apple 0.9996051 303 703 337 737
apple 0.9995647 447 576 478 607
apple 0.99955744 182 378 221 416
apple 0.999521 448 766 487 805
apple 0.9992962 88 230 125 267
apple 0.999154 621 310 651 341
apple 0.99914384 423 145 452 177
apple 0.99876046 518 193 544 221
apple 0.9987457 288 258 312 284
apple 0.99873227 587 541 620 579
apple 0.99866366 362 696 399 732
apple 0.9985291 104 301 139 336
apple 0.99839455 620 586 657 624
apple 0.99836415 263 253 288 283
apple 0.99822456 118 139 148 172
apple 0.9981806 481 839 519 875
apple 0.9979303 366 170 394 198
apple 0.99772483 627 175 660 202
apple 0.9975898 107 116 131 146
apple 0.9975763 256 686 282 715
apple 0.9975163 1 107 24 140
apple 0.9973369 266 719 293 743
apple 0.9973304 360 269 387 294
apple 0.9972249 459 733 492 764
apple 0.9972082 65 364 99 396
apple 0.997171 283 289 308 315
apple 0.99702954 191 293 217 318
apple 0.9969021 80 464 111 494
apple 0.9962018 54 480 87 512
apple 0.99529546 325 360 351 384
apple 0.9951767 414 660 446 695
apple 0.99516994 28 231 52 255
apple 0.99474525 453 504 475 527
