apple 0.762207 94 286 152 322
apple 0.702148 82 242 123 273
apple 0.656250 539 436 575 492
apple 0.612305 882 289 920 324
apple 0.547852 746 462 775 495
apple 0.513184 684 380 716 411
apple 0.493408 152 331 198 364
apple 0.477783 621 502 650 534
apple 0.427490 610 616 642 654
apple 0.400635 429 692 460 720
apple 0.398438 189 25 220 53
apple 0.388672 469 108 507 138
orange 0.356689 620 502 650 534
apple 0.330078 300 673 329 706
orange 0.295898 655 282 676 308
apple 0.291992 290 48 314 72
apple 0.282227 598 576 636 619
orange 0.269775 638 264 664 288
apple 0.260254 190 55 222 79