orange 0.734863 274 344 312 384
orange 0.690918 903 237 934 268
orange 0.637207 807 12 848 52
orange 0.615723 842 210 882 246
apple 0.586914 378 74 412 111
apple 0.555664 100 604 145 644
orange 0.554199 436 314 471 352
orange 0.547852 304 434 342 474
orange 0.524902 243 196 270 222
orange 0.502441 464 362 494 386
orange 0.495850 938 480 982 519
apple 0.478027 229 65 276 102
orange 0.464355 940 27 980 64
orange 0.423096 78 396 106 422
orange 0.417969 758 612 798 658
apple 0.403809 123 510 165 550
orange 0.399902 45 246 77 276
orange 0.399658 844 57 876 94
orange 0.390137 48 274 81 306
apple 0.376953 940 27 980 63
apple 0.360107 740 485 790 528
orange 0.338623 378 75 412 111
apple 0.332520 508 684 554 718
orange 0.322754 405 296 444 332
orange 0.315918 594 432 642 467
orange 0.312744 93 188 127 222
apple 0.310303 123 294 157 330
orange 0.304688 740 485 790 528
orange 0.296143 750 323 784 352
orange 0.284424 355 387 388 416
orange 0.278564 318 1 355 28
orange 0.264404 868 91 898 130
orange 0.258789 158 173 188 201
orange 0.252441 174 47 214 88
apple 0.251709 110 269 144 300