orange 0.732422 548 48 586 87
orange 0.646973 289 225 330 262
orange 0.644531 638 26 667 60
orange 0.629395 658 98 690 134
orange 0.541016 659 160 685 193
orange 0.529297 425 180 453 210
orange 0.525391 784 319 814 349
orange 0.506836 372 306 408 340
orange 0.411621 361 352 391 386
orange 0.409424 160 239 187 263
apple 0.404541 451 357 482 386
orange 0.400146 343 576 379 608
apple 0.398926 770 661 795 688
orange 0.395752 330 382 354 410
orange 0.363281 650 276 680 308
apple 0.331299 650 529 674 563
apple 0.325195 344 576 378 608
orange 0.314697 352 148 382 178
orange 0.313477 1122 398 1146 422
orange 0.308105 428 286 456 322
orange 0.286377 770 661 794 688
orange 0.276123 570 167 592 190
orange 0.264404 372 115 400 136
apple 0.264404 624 522 668 558
orange 0.252686 915 260 940 282
orange 0.252197 403 156 431 186