apple 0.765137 379 262 412 298
apple 0.731445 318 226 356 266
orange 0.651855 580 378 622 414
apple 0.647949 235 260 266 296
orange 0.611328 1022 377 1063 409
orange 0.597656 818 260 863 297
apple 0.550781 662 134 727 183
orange 0.528320 760 183 812 223
apple 0.500977 497 365 538 402
apple 0.494873 385 198 412 237
apple 0.479492 1040 94 1088 144
apple 0.478760 582 378 621 413
apple 0.462646 636 206 672 243
orange 0.459961 1066 377 1098 410
apple 0.412109 799 158 843 192
apple 0.407471 270 283 305 316
orange 0.406006 875 95 917 138
apple 0.397705 170 247 191 273
orange 0.386230 800 158 842 193
apple 0.385010 760 183 810 224
orange 0.361084 952 170 986 209
apple 0.321045 635 455 669 487
apple 0.312744 474 116 501 139
orange 0.291260 904 375 940 409
apple 0.289062 432 457 455 480
orange 0.279053 1039 93 1089 143