apple 0.749023 782 358 818 398
apple 0.616699 642 374 675 408
apple 0.549316 316 691 358 720
apple 0.520020 861 596 892 630
apple 0.449463 810 244 838 268
apple 0.436035 825 651 848 676
apple 0.434570 834 380 868 410
apple 0.405518 617 657 638 679
apple 0.398193 832 293 858 315
apple 0.393311 753 700 789 720
apple 0.361816 610 341 636 365
apple 0.347168 386 377 413 391
apple 0.318359 652 347 677 372
apple 0.303955 461 309 478 322
apple 0.289062 766 307 788 324
orange 0.270020 470 110 490 126
apple 0.261963 552 332 576 356
apple 0.257568 610 547 628 563