apple 0.759277 185 72 217 103
apple 0.752930 316 446 360 480
apple 0.715332 570 465 608 498
apple 0.620117 207 562 239 596
apple 0.611816 378 518 411 548
apple 0.587402 670 630 722 674
apple 0.575195 657 85 693 126
apple 0.515137 207 109 247 138
apple 0.513672 205 159 236 185
apple 0.486328 794 620 834 668
apple 0.481934 389 152 438 193
apple 0.473877 600 135 634 166
apple 0.462158 304 83 339 118
apple 0.402832 508 526 530 548
apple 0.367920 401 648 437 683
apple 0.353760 718 579 761 615
apple 0.348877 334 90 360 121
apple 0.299072 235 523 272 552
apple 0.297852 779 234 804 256
apple 0.296387 405 124 431 147
apple 0.295410 350 74 375 96
apple 0.282227 210 129 255 161
apple 0.268066 244 605 280 638
apple 0.266113 526 269 560 305