apple 0.780762 767 185 806 224
apple 0.775879 730 242 766 281
apple 0.719238 592 192 626 228
apple 0.633789 703 622 727 653
apple 0.632324 552 117 588 157
apple 0.572754 804 284 844 320
apple 0.557129 908 132 940 163
apple 0.526855 740 557 770 589
apple 0.507324 630 187 676 242
apple 0.500977 520 669 566 720
apple 0.470703 718 684 768 720
apple 0.461914 806 86 832 117
apple 0.439697 327 339 347 358
apple 0.409668 762 528 786 548
apple 0.396729 901 97 937 127
apple 0.375000 842 304 874 341
apple 0.367188 320 65 346 89
apple 0.365967 154 654 180 678
apple 0.365967 802 230 830 262
apple 0.350830 380 564 398 585
apple 0.335449 483 164 505 190
apple 0.292480 448 568 463 584
apple 0.287354 389 89 408 109
apple 0.282715 218 644 242 674
apple 0.252686 792 516 812 539