apple 0.841797 143 620 189 664
apple 0.771484 660 298 697 335
apple 0.730469 470 480 509 519
apple 0.692383 207 632 249 672
apple 0.669434 352 628 390 666
apple 0.666016 420 460 455 502
apple 0.635742 830 548 866 582
apple 0.615234 372 592 416 634
apple 0.612793 290 440 325 476
apple 0.607910 512 564 548 601
apple 0.601562 422 242 453 273
apple 0.601074 625 330 663 358
apple 0.588867 1131 57 1175 98
apple 0.544922 656 245 694 286
apple 0.517090 446 315 469 345
apple 0.505371 756 241 790 271
apple 0.504883 546 417 598 463
apple 0.484131 625 365 657 398
apple 0.414551 856 620 898 660
apple 0.412598 331 486 363 522
apple 0.408447 640 548 676 574
apple 0.380859 1037 29 1071 64
apple 0.369141 373 383 403 404
apple 0.340088 1020 213 1059 242
apple 0.325439 310 586 342 606
orange 0.320801 734 48 779 90
apple 0.310791 542 616 578 641
apple 0.294922 536 49 552 66
apple 0.294678 1090 326 1140 371
apple 0.292969 734 48 779 90
apple 0.290771 738 299 765 322
apple 0.286865 274 468 300 503
apple 0.257324 1104 561 1138 611