orange 0.692383 730 556 756 590
orange 0.638184 654 510 680 540
orange 0.633301 618 326 648 358
orange 0.616699 484 143 518 169
orange 0.600586 656 564 678 594
orange 0.594238 602 118 630 147
apple 0.562012 1017 107 1053 138
orange 0.556641 634 82 666 113
orange 0.528320 466 271 490 294
orange 0.524902 632 24 662 55
orange 0.509766 424 129 455 163
orange 0.429688 1000 462 1020 483
orange 0.415283 530 217 551 239
orange 0.414062 631 60 656 84
apple 0.384521 203 162 234 197
orange 0.375732 620 564 642 588
orange 0.338135 256 26 281 50
orange 0.333740 722 223 744 246
orange 0.333008 466 697 493 720
orange 0.332275 205 266 229 290
orange 0.325439 820 692 841 713
orange 0.307861 371 461 394 484
orange 0.284912 740 183 762 203
orange 0.282959 150 56 175 82
orange 0.281982 328 441 348 459
orange 0.281250 171 246 199 272
orange 0.267090 602 687 634 715
orange 0.264404 814 661 838 688
orange 0.261230 869 156 889 176
orange 0.256348 606 604 634 631
orange 0.254395 190 58 211 81