orange 0.673340 681 249 708 276
orange 0.616699 478 514 503 542
orange 0.605469 584 0 610 31
orange 0.541992 620 210 642 235
orange 0.522949 801 438 831 469
orange 0.516602 552 702 580 720
orange 0.514160 613 418 637 441
orange 0.489746 618 258 640 282
orange 0.474854 638 521 660 543
orange 0.445068 292 86 317 108
orange 0.434082 1142 376 1174 403
orange 0.406738 376 152 401 173
orange 0.385742 842 523 864 541
orange 0.376709 813 416 840 435
orange 0.356201 390 100 415 124
orange 0.322021 570 327 594 349
orange 0.283936 758 451 782 466
orange 0.281494 538 558 556 588
orange 0.262207 219 636 239 654
orange 0.261963 648 562 666 582