apple 0.753418 257 175 301 214
apple 0.743164 202 179 243 226
apple 0.708008 525 110 563 146
apple 0.660645 232 110 272 148
apple 0.650879 524 657 564 688
apple 0.628418 139 238 188 276
apple 0.576172 808 598 850 634
apple 0.560059 396 105 434 149
apple 0.550293 436 293 466 323
apple 0.547363 359 258 393 295
apple 0.533203 279 276 306 312
apple 0.524414 266 92 296 119
apple 0.520508 539 265 575 298
apple 0.518555 564 124 600 160
apple 0.513672 442 320 472 350
apple 0.503418 574 247 612 282
apple 0.492188 235 144 266 170
apple 0.460205 1032 666 1066 702
apple 0.406250 339 133 378 175
apple 0.395996 605 324 639 360
apple 0.367920 937 249 969 281
orange 0.356934 876 283 900 304
apple 0.356445 297 434 320 455
apple 0.349365 572 213 608 240
apple 0.345215 667 335 712 376
apple 0.338623 970 610 998 642
apple 0.321777 946 454 972 482
apple 0.307617 984 543 1012 578
apple 0.286133 909 512 942 544
apple 0.285645 988 626 1016 660
apple 0.282227 940 357 980 392
apple 0.277100 465 154 499 190
apple 0.276611 890 451 915 476