apple 0.653320 468 670 512 712
apple 0.639160 294 618 327 654
apple 0.633789 419 417 451 447
apple 0.585938 442 492 466 522
apple 0.507324 684 602 714 633
apple 0.495117 620 544 654 570
apple 0.494385 674 41 716 77
apple 0.493896 279 645 313 681
apple 0.461426 620 502 656 536
apple 0.449951 1114 244 1156 283
apple 0.448486 334 678 363 706
apple 0.419922 656 450 688 484
apple 0.414307 419 644 462 694
apple 0.381592 659 483 690 510
apple 0.379883 522 61 544 85
apple 0.358643 1004 419 1043 438
apple 0.290283 488 620 515 652
apple 0.283936 752 422 776 454
apple 0.281250 1074 550 1122 594
apple 0.279785 1124 486 1160 520
apple 0.272949 724 294 766 330
apple 0.270752 1118 418 1152 451
apple 0.260254 1066 622 1100 650