apple 0.845215 204 503 258 562
apple 0.791992 348 462 398 504
apple 0.783691 202 373 250 419
apple 0.746094 925 492 974 528
apple 0.700684 754 451 790 486
apple 0.661621 366 376 404 418
apple 0.650879 541 554 575 594
apple 0.616699 602 141 628 172
apple 0.499756 348 66 398 127
apple 0.463623 984 119 1020 153
apple 0.459473 350 68 385 104
apple 0.428711 1106 102 1144 139
apple 0.400391 508 343 546 379
apple 0.391357 868 261 902 296
apple 0.390381 608 494 642 536
apple 0.324219 311 141 338 181
apple 0.320801 226 276 244 294
apple 0.304688 284 356 334 401
apple 0.282227 1011 376 1051 410
apple 0.259277 677 469 706 496