orange 0.664062 638 108 680 147
orange 0.663086 673 483 712 524
orange 0.642578 389 548 422 578
orange 0.640137 649 400 684 436
orange 0.630859 570 316 612 355
orange 0.628906 546 446 592 484
apple 0.601562 219 612 271 656
orange 0.601074 668 142 700 178
orange 0.595215 553 156 583 193
orange 0.581055 440 220 470 249
orange 0.499756 508 404 552 451
orange 0.476562 292 441 332 479
apple 0.464844 190 484 237 526
orange 0.424805 670 540 700 579
orange 0.417480 300 523 332 560
apple 0.372314 190 372 218 400
orange 0.324463 1204 295 1232 320
apple 0.321777 659 685 696 720
apple 0.310791 671 540 700 579
orange 0.305664 734 71 756 95
orange 0.289062 332 360 369 392
orange 0.282959 562 542 590 568
orange 0.275146 190 372 217 399
orange 0.271973 592 275 626 312
apple 0.253662 712 671 748 713