apple 0.772949 348 66 384 97
apple 0.751953 288 388 328 427
apple 0.732422 568 443 606 488
apple 0.721680 436 431 472 470
apple 0.698242 242 450 276 481
apple 0.692383 45 538 94 572
apple 0.616211 199 512 232 545
apple 0.605957 471 687 515 720
apple 0.604980 501 29 534 54
apple 0.561523 423 633 456 669
apple 0.552734 559 44 597 81
apple 0.510254 850 229 884 260
apple 0.502441 511 495 536 516
apple 0.501465 123 531 168 564
apple 0.493896 118 593 158 639
apple 0.473389 231 29 257 55
apple 0.457764 442 389 470 413
apple 0.450928 168 590 204 618
apple 0.442627 582 542 614 574
apple 0.441406 861 626 891 658
apple 0.436035 111 514 147 542
apple 0.423828 862 592 894 624
apple 0.370361 3 530 33 554
orange 0.364502 842 204 874 226
apple 0.343018 159 36 195 65
apple 0.314941 774 461 796 479
apple 0.272949 574 314 590 330
apple 0.268066 626 626 662 658