orange 0.741699 540 376 584 414
orange 0.708008 634 50 676 89
orange 0.661621 664 415 700 452
orange 0.604492 504 337 545 382
orange 0.603516 641 335 674 370
orange 0.600098 648 607 684 644
orange 0.578613 660 470 690 506
orange 0.562012 549 99 580 134
orange 0.555664 698 596 732 632
orange 0.549316 391 478 423 510
orange 0.535156 321 643 359 682
orange 0.506348 664 84 694 119
orange 0.499268 565 255 605 292
orange 0.497559 442 163 470 192
orange 0.491699 297 375 336 412
orange 0.491699 802 646 836 680
apple 0.489746 201 417 243 456
apple 0.465332 558 473 584 498
orange 0.429443 229 538 277 582
orange 0.390381 734 16 754 40
apple 0.382568 385 623 422 661
orange 0.342529 578 600 605 625
apple 0.334229 411 690 451 720
orange 0.329102 558 474 584 498
orange 0.327393 588 215 619 250
orange 0.273682 594 193 628 221
orange 0.270996 201 415 246 458
apple 0.251221 244 415 278 444