apple 0.793457 258 400 297 438
apple 0.736816 430 633 494 680
apple 0.716309 758 384 804 431
apple 0.713379 472 159 532 203
apple 0.708008 492 209 536 261
apple 0.697266 293 238 328 273
apple 0.696289 406 217 443 254
apple 0.669922 142 281 197 320
apple 0.654785 89 237 135 272
apple 0.631836 662 253 694 289
apple 0.616211 878 109 916 152
apple 0.603027 396 100 430 131
apple 0.598145 576 389 608 417
apple 0.566406 602 698 646 720
apple 0.556641 756 684 793 720
apple 0.551758 629 125 671 162
apple 0.549805 890 481 924 516
apple 0.541504 473 294 512 336
apple 0.526367 890 303 930 346
apple 0.471680 691 299 727 340
apple 0.457031 636 168 679 202
apple 0.447021 744 274 784 314
apple 0.441895 1135 477 1175 515
apple 0.437744 614 339 654 375
apple 0.432373 336 288 370 328
apple 0.418457 1055 82 1091 115
apple 0.410400 548 56 590 96
apple 0.403076 1194 12 1232 50
apple 0.394531 538 225 578 265
apple 0.360840 1111 412 1149 452
apple 0.356689 1104 378 1144 414
apple 0.348877 529 502 557 530
apple 0.326416 1143 318 1185 358
apple 0.309326 648 376 688 417
apple 0.306152 953 97 977 120
apple 0.293457 314 324 359 362
apple 0.293213 1126 288 1168 327