apple 0.818359 25 232 73 279
apple 0.793457 269 220 311 260
apple 0.791504 250 252 291 294
apple 0.776855 188 85 222 121
apple 0.762207 896 550 938 596
apple 0.745117 372 86 414 126
apple 0.706055 546 215 581 253
apple 0.697266 500 519 532 551
apple 0.681152 403 502 444 538
apple 0.674805 402 477 437 507
apple 0.646973 415 289 450 327
apple 0.633789 830 527 854 552
apple 0.631348 1040 30 1076 68
apple 0.628906 620 382 648 418
apple 0.549316 899 122 945 166
apple 0.549316 154 290 189 310
apple 0.443604 93 294 132 326
apple 0.441895 644 240 679 270
apple 0.422852 277 57 302 81
apple 0.409424 319 72 354 102
apple 0.363281 266 525 292 544
apple 0.354248 172 120 197 154
apple 0.324463 417 233 445 258
apple 0.312256 769 125 801 158
apple 0.308838 617 226 644 251
apple 0.308594 337 194 362 214
apple 0.302979 260 227 306 298
apple 0.281006 392 198 420 219