orange 0.649902 120 220 158 260
apple 0.583496 463 150 496 187
orange 0.559570 518 856 560 892
orange 0.556641 212 376 251 416
apple 0.529297 664 322 701 360
orange 0.518066 545 690 592 732
orange 0.511230 482 588 515 618
orange 0.455078 485 780 528 822
orange 0.454590 392 706 432 744
apple 0.433105 13 88 55 124
apple 0.410400 404 176 432 204
orange 0.402832 394 273 422 299
apple 0.395020 79 471 116 509
orange 0.388916 328 710 367 746
orange 0.355469 336 452 359 476
orange 0.347168 299 633 331 665
orange 0.335449 499 746 534 778
orange 0.296875 353 364 382 388
apple 0.294678 292 252 320 282
orange 0.288086 278 688 311 722
apple 0.257324 0 434 32 488
orange 0.255127 528 596 566 628
