apple 0.728516 386 384 429 430
apple 0.693359 424 243 484 296
apple 0.667480 308 394 340 427
apple 0.607910 400 562 434 594
apple 0.544434 312 247 356 293
apple 0.511230 443 988 472 1012
apple 0.506348 266 540 302 572
apple 0.470215 406 1148 440 1184
apple 0.441895 415 921 448 964
apple 0.430908 41 389 83 437
orange 0.396729 506 646 538 674
apple 0.380371 64 1125 102 1159
apple 0.378174 466 857 505 916
apple 0.370850 306 508 330 536
apple 0.346436 238 750 274 784
apple 0.334717 506 646 538 674
orange 0.297852 405 1149 440 1185
apple 0.287109 450 256 483 297
apple 0.279297 294 336 314 372
bird 0.275146 571 132 591 165
apple 0.271240 69 1003 110 1036
