apple 0.656250 487 369 519 402
apple 0.614258 331 314 370 379
apple 0.602051 412 682 450 724
apple 0.598633 394 554 424 580
apple 0.509277 167 944 206 986
apple 0.475586 182 546 206 572
apple 0.475098 420 471 447 498
apple 0.469238 450 554 483 591
apple 0.453613 311 350 350 402
apple 0.446045 305 583 343 623
apple 0.438721 282 612 316 647
apple 0.423096 528 1111 560 1139
apple 0.419678 451 689 488 726
apple 0.407471 208 750 240 782
apple 0.386963 332 1227 374 1269
apple 0.385498 26 1072 61 1104
apple 0.380615 430 314 460 342
orange 0.368896 529 1110 560 1140
apple 0.361328 377 182 396 222
apple 0.309326 628 1186 656 1214
apple 0.303223 184 744 211 780
apple 0.302490 466 1045 498 1083
apple 0.287354 432 445 459 473
apple 0.280029 247 863 278 893
orange 0.255615 409 1179 440 1209
apple 0.253906 479 526 506 560
