orange 0.653809 327 616 357 646
orange 0.578613 510 654 538 680
orange 0.570312 271 466 294 490
orange 0.558594 554 730 590 756
apple 0.547852 106 1018 138 1052
orange 0.542480 128 423 163 453
orange 0.525391 56 150 82 175
orange 0.506348 144 485 169 517
orange 0.505859 247 172 270 199
orange 0.492188 80 634 114 666
orange 0.466553 163 203 196 233
orange 0.465088 564 654 592 676
orange 0.453125 110 222 134 251
orange 0.443848 266 205 290 228
orange 0.424805 120 602 147 630
orange 0.408203 562 618 586 642
orange 0.393311 13 199 42 223
orange 0.384766 388 254 410 276
orange 0.375244 26 256 50 280
orange 0.373779 462 370 483 393
orange 0.373535 57 191 81 211
orange 0.372314 23 632 58 661
orange 0.365723 462 1000 483 1022
orange 0.340820 686 600 714 634
orange 0.335693 224 722 246 744
orange 0.334961 696 466 720 492
orange 0.318115 184 740 205 762
orange 0.295654 393 389 416 411
apple 0.293701 162 204 196 234
orange 0.290771 144 174 165 196
orange 0.286377 99 246 125 271
orange 0.273193 59 630 85 657
