orange 0.674316 249 680 275 706
orange 0.620117 1 582 30 610
orange 0.548340 436 799 468 828
orange 0.546387 378 1143 403 1173
orange 0.536133 208 618 234 644
orange 0.485596 152 376 173 400
orange 0.473389 258 618 282 640
orange 0.467285 414 812 438 842
orange 0.462891 522 842 540 863
orange 0.460449 704 551 720 580
orange 0.455322 514 478 540 504
orange 0.378662 418 612 442 636
orange 0.363281 100 390 124 414
orange 0.327393 363 456 388 478
orange 0.292480 43 177 63 202
orange 0.288086 85 293 107 317
orange 0.277832 325 569 348 595
orange 0.270996 261 588 281 609
