apple 0.619629 504 352 532 387
apple 0.611816 427 670 466 712
apple 0.581055 348 295 386 356
apple 0.575684 410 540 440 566
apple 0.567871 320 568 356 606
apple 0.502930 462 608 497 640
apple 0.464600 535 1107 567 1137
apple 0.439941 470 543 505 580
apple 0.422363 292 601 329 637
apple 0.420166 319 339 361 386
apple 0.418457 445 432 472 460
orange 0.388916 468 1037 501 1079
apple 0.378662 526 1134 561 1166
apple 0.375977 602 1167 636 1201
orange 0.365723 415 1177 446 1207
apple 0.361816 192 730 222 766
apple 0.355957 192 528 214 558
apple 0.355713 29 1060 63 1094
apple 0.349609 438 456 484 488
apple 0.320557 178 933 219 978
apple 0.298584 256 852 293 886
apple 0.296387 473 682 504 720
apple 0.295410 530 1110 566 1162
apple 0.295166 138 1090 168 1122
apple 0.291748 635 1187 662 1215
orange 0.286621 97 757 115 783
apple 0.285645 194 731 255 770
apple 0.282471 469 1038 500 1078
orange 0.272949 534 1107 566 1137
orange 0.264893 256 850 293 886
apple 0.259277 342 1224 383 1266
apple 0.251709 319 300 376 390
