apple 0.745117 528 156 562 194
apple 0.744629 568 123 610 174
apple 0.721680 426 485 470 530
apple 0.709961 200 634 242 672
apple 0.687012 457 317 492 352
apple 0.672363 425 186 460 223
apple 0.670410 35 351 71 383
apple 0.631348 470 121 510 157
apple 0.626953 632 264 666 298
apple 0.625000 425 448 458 488
apple 0.551758 621 384 651 416
apple 0.551270 408 292 432 324
apple 0.546875 467 405 500 438
apple 0.484619 458 16 482 48
apple 0.474854 613 509 644 537
apple 0.468750 146 364 185 404
apple 0.450928 95 966 122 990
apple 0.445068 407 534 444 570
apple 0.411133 560 263 590 292
apple 0.364502 64 980 88 1002
apple 0.363037 70 958 97 984
orange 0.349365 544 900 566 924
apple 0.336426 656 411 700 445
apple 0.285156 436 602 462 630
apple 0.279053 450 1067 481 1101
apple 0.264648 532 78 548 99
apple 0.262695 166 978 196 1006
apple 0.258301 428 1064 455 1092
apple 0.254639 450 389 474 415
