apple 0.731934 400 258 438 296
apple 0.725098 634 430 683 494
apple 0.713867 159 472 202 531
apple 0.699707 12 1193 50 1231
apple 0.668945 217 406 253 444
apple 0.662598 238 292 272 328
apple 0.642090 384 757 431 802
apple 0.641113 55 550 96 590
apple 0.613770 317 1143 358 1183
apple 0.578125 211 492 261 535
apple 0.568848 65 1193 109 1229
apple 0.564453 238 86 278 138
apple 0.545898 684 755 720 795
apple 0.531738 280 146 319 195
apple 0.518066 288 1127 325 1165
apple 0.515625 100 396 128 431
apple 0.507812 252 663 290 694
apple 0.506836 227 538 266 578
apple 0.494141 109 876 153 917
apple 0.493164 300 886 359 930
apple 0.472412 275 743 313 782
apple 0.469238 124 632 164 672
apple 0.454590 267 1188 299 1220
apple 0.446289 294 471 338 514
apple 0.444092 390 577 417 608
orange 0.436523 62 826 84 855
apple 0.434326 288 335 327 369
apple 0.426514 82 1055 114 1091
apple 0.426025 299 694 337 726
apple 0.425293 411 1111 450 1149
apple 0.414551 640 1014 672 1048
apple 0.408936 476 1134 514 1174
apple 0.399658 480 890 515 923
apple 0.398682 262 1123 290 1159
apple 0.386963 504 528 530 557
apple 0.377686 415 1069 451 1103
apple 0.372803 294 1195 334 1229
apple 0.355957 378 1104 411 1142
orange 0.344971 476 1134 514 1174
apple 0.312012 169 636 200 678
apple 0.295898 698 602 720 644
orange 0.283691 638 1014 670 1048
apple 0.282471 342 616 374 653
orange 0.263184 97 953 118 977
apple 0.262207 324 310 362 356
orange 0.251709 684 755 720 794
