orange 0.540527 469 1168 498 1200
orange 0.518066 405 1053 438 1085
apple 0.492920 70 537 111 600
apple 0.485107 350 530 378 560
orange 0.472412 424 1023 446 1045
apple 0.457764 198 240 228 270
apple 0.434570 52 832 87 866
orange 0.392090 198 240 229 270
apple 0.383545 348 980 378 1012
orange 0.378906 349 530 378 560
apple 0.370605 332 1125 364 1159
apple 0.363037 329 994 355 1027
orange 0.357178 688 392 707 416
apple 0.352051 468 900 497 924
apple 0.351074 214 567 244 601
apple 0.329346 41 959 73 989
orange 0.315186 349 978 379 1012
orange 0.303711 538 1094 560 1122
apple 0.301270 384 882 417 908
orange 0.299805 574 1113 598 1141
orange 0.298828 412 999 432 1019
orange 0.293457 479 1014 502 1037
orange 0.262939 321 488 346 514
apple 0.254639 53 448 105 478
