apple 0.778809 259 221 295 256
apple 0.763672 232 346 272 384
apple 0.763184 301 256 343 301
apple 0.717773 314 158 356 199
apple 0.685547 353 212 378 247
apple 0.662109 420 356 446 386
apple 0.657227 464 393 506 441
apple 0.616699 354 603 388 637
apple 0.608398 217 633 254 670
apple 0.601074 249 548 293 588
apple 0.600586 323 464 360 496
apple 0.570801 365 274 395 302
apple 0.569336 541 1171 573 1203
apple 0.555664 340 909 376 941
apple 0.541504 342 812 382 846
apple 0.527344 446 528 475 558
apple 0.509277 364 970 393 1008
apple 0.485107 485 548 514 579
apple 0.460449 229 716 279 772
apple 0.431885 332 237 361 270
apple 0.422852 181 624 219 658
apple 0.416016 377 682 402 708
apple 0.411377 421 523 517 593
apple 0.400391 137 468 163 492
apple 0.393311 304 205 326 231
apple 0.380859 408 1067 436 1111
apple 0.377930 204 764 231 794
apple 0.350586 324 57 355 93
apple 0.329590 424 548 466 586
apple 0.305664 273 128 289 164
orange 0.300781 341 812 383 846
apple 0.258545 366 1220 400 1258
