apple 0.754395 523 944 559 992
apple 0.745117 526 213 586 270
apple 0.738770 392 214 438 260
apple 0.658203 475 765 518 808
apple 0.600098 394 370 426 406
apple 0.593750 484 357 528 410
apple 0.554199 366 1238 408 1278
orange 0.533203 129 998 166 1035
apple 0.515625 146 612 179 636
apple 0.441895 414 991 460 1025
apple 0.412842 366 495 400 557
apple 0.392090 493 542 532 584
apple 0.387695 384 1032 417 1060
apple 0.379395 245 391 268 412
apple 0.340332 104 1120 149 1162
apple 0.264648 463 1161 508 1199
apple 0.264648 551 1181 579 1205
apple 0.258057 548 383 567 406
