apple 0.628418 125 926 170 973
apple 0.607422 130 1049 173 1091
orange 0.568848 116 1231 161 1271
apple 0.550293 3 554 34 587
orange 0.532715 24 1077 62 1115
apple 0.518555 48 685 81 714
orange 0.507812 562 600 590 626
apple 0.447266 269 1061 302 1093
apple 0.442139 164 1152 206 1198
apple 0.436035 692 754 719 786
apple 0.382080 606 986 642 1018
apple 0.357910 7 608 29 640
apple 0.343994 558 990 594 1022
orange 0.320068 0 1131 25 1167
orange 0.317383 149 1139 183 1173
orange 0.277100 40 1188 74 1218
apple 0.252930 673 774 700 794
