apple 0.750488 207 236 248 280
apple 0.744629 214 178 258 221
apple 0.693359 142 207 180 250
apple 0.684570 264 114 310 166
apple 0.610352 690 507 719 547
apple 0.592285 125 243 152 274
apple 0.545410 292 338 326 373
apple 0.544922 175 212 203 243
apple 0.524902 148 505 184 544
apple 0.517090 144 378 184 413
apple 0.456055 309 257 343 284
apple 0.432861 69 1049 107 1085
apple 0.429688 164 548 194 580
apple 0.426514 390 919 432 962
apple 0.424805 328 418 354 445
apple 0.424072 356 425 384 454
apple 0.421631 634 795 668 834
apple 0.360596 0 580 29 622
apple 0.346680 467 276 487 299
orange 0.339355 479 875 504 905
apple 0.333740 640 956 670 983
apple 0.324707 287 560 316 590
orange 0.317871 266 842 289 873
apple 0.316162 281 920 310 950
apple 0.315430 153 208 201 247
apple 0.314697 302 524 334 559
orange 0.302246 575 970 604 996
apple 0.296631 574 970 604 996
orange 0.288330 31 826 59 862
apple 0.273682 42 278 68 304
apple 0.259033 446 1021 481 1057
