apple 0.761719 536 1192 578 1234
orange 0.713867 594 541 634 580
orange 0.626465 456 709 496 747
orange 0.605957 442 786 468 806
orange 0.605469 588 468 631 508
orange 0.597168 341 134 367 160
orange 0.595215 195 563 225 589
orange 0.593262 534 639 566 664
orange 0.579590 142 508 176 545
orange 0.575195 408 806 430 827
orange 0.574219 164 608 194 636
orange 0.556641 171 235 207 266
orange 0.541992 309 186 341 214
orange 0.541016 456 449 481 477
orange 0.536621 354 262 385 290
orange 0.520996 512 376 546 412
orange 0.515137 409 702 445 742
orange 0.472412 465 223 494 252
orange 0.457031 512 203 546 236
orange 0.451904 302 302 323 327
orange 0.437012 491 676 514 702
orange 0.429932 116 574 148 608
orange 0.415771 373 233 409 264
orange 0.411621 518 503 546 528
orange 0.403564 471 974 493 996
orange 0.401855 435 134 465 165
orange 0.391357 43 542 70 570
orange 0.384766 668 282 699 308
orange 0.381836 508 860 528 884
orange 0.377197 353 179 380 204
orange 0.363037 458 250 486 276
orange 0.363037 328 255 349 281
orange 0.325195 448 706 472 734
orange 0.323975 269 376 304 403
orange 0.292480 483 547 508 573
orange 0.285400 414 145 441 172
orange 0.282715 274 562 305 590
orange 0.271973 393 903 412 921
orange 0.254883 0 371 16 395
orange 0.251465 30 860 50 884
apple 0.250488 512 203 546 237
