orange 0.733398 381 1045 415 1081
orange 0.666016 532 1173 576 1217
orange 0.657715 228 958 259 989
apple 0.608398 412 820 445 858
apple 0.600586 220 1110 257 1148
apple 0.569336 291 1057 324 1091
orange 0.563965 403 980 435 1010
apple 0.531250 497 1050 533 1086
apple 0.529297 656 766 700 810
orange 0.524902 136 972 171 1004
orange 0.514648 54 990 84 1018
apple 0.467041 78 930 103 962
apple 0.460205 518 1081 554 1115
apple 0.442383 556 580 588 616
apple 0.384521 404 980 434 1010
orange 0.346680 514 690 550 720
apple 0.340576 568 610 606 644
orange 0.332520 526 530 552 555
apple 0.329834 54 988 85 1020
apple 0.320801 34 1095 69 1127
apple 0.319580 515 692 550 721
apple 0.307129 620 1110 658 1148
apple 0.252197 494 558 518 592
