apple 0.820312 614 314 662 360
apple 0.777344 417 1122 466 1170
apple 0.755859 494 34 534 80
apple 0.743164 309 285 350 319
apple 0.722656 500 372 548 420
apple 0.709473 666 1236 709 1278
apple 0.705078 440 687 486 737
apple 0.703613 276 326 311 359
apple 0.694824 404 147 448 205
apple 0.690430 390 258 427 304
apple 0.641113 492 79 524 117
apple 0.598633 510 1254 550 1280
apple 0.580566 569 986 614 1028
apple 0.565430 447 219 480 253
apple 0.560059 256 495 290 535
apple 0.554688 191 1067 242 1111
apple 0.526855 332 472 368 508
apple 0.519043 236 909 314 975
apple 0.505371 210 981 238 1019
apple 0.484131 298 370 334 407
apple 0.453613 414 954 452 996
apple 0.441162 276 474 312 508
apple 0.433594 540 612 588 648
apple 0.433105 531 477 568 506
apple 0.419189 595 607 636 647
apple 0.365967 586 712 622 768
apple 0.364746 200 936 238 971
apple 0.360352 205 942 238 1006
apple 0.334229 346 388 366 417
apple 0.333496 300 408 332 445
apple 0.330322 368 1167 402 1209
apple 0.328613 220 808 252 835
apple 0.317383 213 707 248 748
apple 0.312012 254 1181 288 1219
apple 0.298096 123 1018 194 1088
apple 0.281494 312 573 349 605
apple 0.263916 290 712 322 746
