orange 0.641602 10 806 51 846
orange 0.625977 237 903 268 933
apple 0.610840 343 274 384 312
orange 0.565918 210 844 245 882
apple 0.554688 433 303 473 340
apple 0.527344 294 122 330 156
apple 0.501465 484 742 528 791
apple 0.470703 71 378 111 412
apple 0.460693 312 428 348 473
orange 0.452393 344 274 384 312
apple 0.449707 602 99 643 145
apple 0.445068 298 404 332 445
apple 0.426514 545 742 581 779
orange 0.417236 612 756 657 798
orange 0.416504 396 79 422 106
apple 0.394287 512 126 548 166
apple 0.387451 270 110 299 141
apple 0.379395 159 288 182 312
apple 0.371094 275 47 306 82
orange 0.367676 480 938 519 982
apple 0.357178 480 939 520 982
apple 0.355225 246 44 275 76
apple 0.351807 682 507 718 554
apple 0.346191 189 93 222 129
orange 0.345703 314 435 354 473
apple 0.333252 387 355 417 388
apple 0.317627 173 158 202 188
apple 0.292725 195 243 223 270
apple 0.289551 45 172 89 214
apple 0.284180 484 262 512 291
apple 0.281982 405 193 432 221
orange 0.279297 246 44 275 77
apple 0.274414 0 319 30 354
apple 0.256836 360 464 387 494
