apple 0.672363 7 288 45 330
apple 0.635254 79 351 105 382
orange 0.622559 388 900 418 930
apple 0.621582 112 338 146 374
apple 0.600586 406 1043 441 1079
orange 0.548340 318 906 347 935
apple 0.499023 115 418 154 455
apple 0.490967 465 998 498 1030
orange 0.489502 314 1086 346 1118
orange 0.457520 337 952 359 974
apple 0.440674 182 358 216 386
orange 0.416260 226 916 252 944
apple 0.414551 693 526 719 568
apple 0.369385 665 1008 702 1042
apple 0.367676 18 487 48 524
apple 0.363525 145 412 179 448
apple 0.349365 96 502 126 524
orange 0.344727 552 996 584 1029
orange 0.330078 252 858 284 890
apple 0.323730 564 935 594 966
apple 0.295166 337 952 359 975
apple 0.266357 688 1037 720 1073
