apple 0.763672 1 290 41 334
apple 0.720703 133 400 168 436
apple 0.713379 18 994 56 1035
apple 0.712402 504 757 552 802
apple 0.710938 644 237 686 282
apple 0.704590 190 442 232 491
apple 0.686523 27 886 73 924
apple 0.683105 12 191 66 232
apple 0.678711 55 249 86 284
apple 0.635742 136 576 234 647
apple 0.595215 73 744 105 776
apple 0.566895 31 271 67 306
apple 0.510742 28 949 57 973
apple 0.495361 69 313 94 341
apple 0.493408 696 446 720 476
apple 0.491943 79 1165 114 1215
apple 0.452148 636 278 677 310
apple 0.416748 84 872 110 899
apple 0.390625 3 510 46 548
apple 0.378662 203 602 232 634
apple 0.371826 158 578 191 620
apple 0.369141 684 287 711 321
apple 0.368164 50 662 89 698
apple 0.366211 35 99 77 152
apple 0.305664 55 778 85 810
apple 0.297852 125 978 143 1008
apple 0.287109 37 1057 72 1101
apple 0.261963 76 687 105 719
