apple 0.719238 388 290 425 328
apple 0.671875 67 348 97 384
apple 0.658203 450 244 481 274
apple 0.604004 512 199 546 229
apple 0.580078 590 168 618 205
apple 0.530762 536 40 572 90
apple 0.514648 430 437 469 471
apple 0.514648 443 568 480 604
orange 0.463867 442 568 482 605
apple 0.436523 531 128 563 167
apple 0.395020 602 263 646 298
apple 0.391602 687 471 720 513
apple 0.386230 593 862 624 894
apple 0.385254 623 860 657 892
apple 0.382324 514 112 543 146
apple 0.346191 592 108 638 158
apple 0.345459 37 159 65 194
apple 0.344727 29 502 56 533
apple 0.336670 30 232 54 256
orange 0.306152 314 570 331 590
apple 0.286865 631 423 667 458
orange 0.280029 231 852 259 884
apple 0.276123 310 362 332 377
apple 0.262695 48 560 81 596
apple 0.255615 390 442 412 472
