orange 0.732910 650 704 700 748
orange 0.683105 231 256 262 285
orange 0.645020 335 416 363 442
orange 0.643066 307 55 344 90
orange 0.619141 112 511 136 535
orange 0.597656 564 234 602 270
orange 0.595703 101 554 131 580
orange 0.583008 377 172 417 210
orange 0.575195 580 272 610 305
orange 0.556152 457 188 495 222
orange 0.548340 432 176 466 208
orange 0.540527 239 640 274 677
orange 0.532227 532 244 565 276
orange 0.523926 278 177 310 212
orange 0.522949 473 544 499 574
orange 0.520020 9 778 52 817
orange 0.509766 536 206 566 236
apple 0.489258 489 936 514 964
orange 0.478027 438 546 466 576
orange 0.467041 387 412 419 436
orange 0.457275 254 756 292 794
orange 0.441406 612 276 642 300
orange 0.431641 287 214 315 240
orange 0.417480 268 248 293 271
orange 0.416016 280 140 310 179
orange 0.403809 89 496 109 516
orange 0.401855 435 835 471 872
orange 0.388428 354 160 381 191
orange 0.387207 466 992 488 1016
apple 0.346436 377 172 418 209
orange 0.341553 361 594 392 620
orange 0.317871 431 129 452 157
orange 0.315918 404 218 424 243
orange 0.311035 468 385 495 411
orange 0.299805 288 96 318 123
orange 0.283447 353 464 390 500
