orange 0.738770 99 619 141 656
orange 0.642578 255 63 280 88
orange 0.632812 261 553 288 581
orange 0.609375 333 124 360 150
orange 0.606445 426 199 449 224
orange 0.599121 264 136 284 161
orange 0.576660 474 170 494 192
orange 0.571289 652 206 678 231
orange 0.559570 308 174 334 198
orange 0.554199 398 182 422 206
orange 0.552246 445 166 469 190
orange 0.520996 628 323 658 355
orange 0.516602 585 249 613 275
orange 0.512695 540 382 566 410
orange 0.494141 294 193 316 218
orange 0.487793 502 145 528 172
orange 0.480713 336 648 369 677
apple 0.478760 436 836 470 870
orange 0.470215 630 732 656 760
orange 0.452148 174 281 195 308
orange 0.439941 106 562 140 596
orange 0.403320 17 572 53 600
orange 0.393555 365 331 392 358
orange 0.389648 508 447 536 472
orange 0.378662 144 331 169 357
orange 0.375488 397 490 424 516
orange 0.369873 502 318 529 344
orange 0.364990 557 661 584 689
orange 0.360596 304 130 323 152
orange 0.358887 296 380 323 413
orange 0.347168 418 476 441 504
orange 0.343506 646 758 680 786
orange 0.326416 236 226 264 251
orange 0.318848 452 716 479 740
orange 0.316895 258 972 276 992
orange 0.311279 682 443 704 463
orange 0.301514 162 418 184 444
orange 0.299805 418 449 440 474
orange 0.295654 399 690 434 719
orange 0.294434 249 258 275 287
orange 0.292236 155 303 181 328
orange 0.282471 586 272 614 295
orange 0.260742 526 146 544 170
orange 0.250244 352 254 374 276
