apple 0.99981385 489 361 533 410
apple 0.9997607 602 304 652 350
apple 0.99966836 420 675 468 721
apple 0.99962974 401 1101 449 1149
apple 0.99960345 298 271 337 307
apple 0.9994678 549 970 595 1012
apple 0.99939036 486 23 522 69
apple 0.9991928 587 599 626 637
apple 0.9989728 394 138 437 190
apple 0.9989078 685 654 719 695
apple 0.9988487 265 312 297 344
apple 0.99882525 318 459 355 494
apple 0.9985032 380 247 413 287
apple 0.99845576 264 460 298 493
apple 0.99838316 583 741 620 773
apple 0.9980563 624 746 663 785
apple 0.99803835 244 481 277 517
apple 0.9979373 180 956 222 1002
apple 0.9976714 521 599 558 634
apple 0.99764806 199 690 233 729
apple 0.99732804 300 559 335 588
apple 0.9972633 431 373 462 406
apple 0.99726045 402 940 440 978
apple 0.99723876 434 208 466 241
apple 0.9965874 289 359 321 391
apple 0.99652964 650 1221 690 1261
apple 0.9957301 576 700 610 740
apple 0.9956825 671 873 702 902
apple 0.9953499 674 705 714 739
apple 0.99505216 185 917 219 952
apple 0.99504375 619 593 649 629
apple 0.99496174 425 407 455 441
apple 0.9934735 505 325 528 350
apple 0.99263763 286 397 315 428
apple 0.9922746 496 1237 533 1274
apple 0.991167 335 422 368 458
apple 0.9905476 277 696 317 729
apple 0.99024093 396 199 427 226
apple 0.9892942 511 899 543 936
apple 0.9889809 206 793 239 819
