apple 0.9996755 338 833 377 872
apple 0.99958926 583 340 628 386
apple 0.999584 378 2 411 36
apple 0.9995468 285 795 331 842
apple 0.9995289 601 376 643 416
apple 0.999366 489 33 523 66
apple 0.99930537 288 318 323 355
apple 0.99909806 461 20 493 54
apple 0.9989906 107 239 145 278
apple 0.99894637 498 832 538 876
apple 0.9989348 298 942 340 986
apple 0.9988889 633 191 676 234
apple 0.99876773 234 247 279 293
apple 0.99868506 628 407 665 444
apple 0.9986744 86 309 123 349
apple 0.9986553 129 859 168 893
apple 0.9986526 612 112 640 140
apple 0.998475 294 82 339 127
apple 0.9983027 461 174 486 200
apple 0.99824774 175 152 218 195
apple 0.9982419 42 20 71 48
apple 0.9981115 330 865 364 893
apple 0.99795026 365 171 392 198
apple 0.9978733 246 930 288 974
apple 0.99780375 65 28 101 64
apple 0.99758315 599 732 632 762
apple 0.99751806 1 980 34 1020
apple 0.99742234 172 54 215 103
apple 0.996727 536 375 571 411
apple 0.9965978 370 857 417 897
apple 0.99657404 31 807 68 848
apple 0.99641174 296 150 336 199
apple 0.9948643 470 54 500 84
apple 0.9946932 7 126 40 157
apple 0.9940895 614 71 645 103
apple 0.9940268 289 744 318 776
apple 0.99399924 38 294 70 327
apple 0.9934243 348 886 383 927
apple 0.9931411 635 28 662 56
apple 0.9928934 417 189 435 210
