apple 0.9996693 302 376 337 413
apple 0.99940467 320 245 346 277
apple 0.9993844 340 487 379 524
apple 0.9991491 248 465 288 500
apple 0.9989348 373 218 407 250
apple 0.9983333 292 327 321 363
apple 0.9977842 317 322 348 357
apple 0.9977816 375 584 408 614
apple 0.9974976 274 887 308 925
apple 0.9973572 297 558 330 592
apple 0.9971807 380 381 410 415
apple 0.9971404 253 382 286 414
apple 0.99660933 349 524 376 552
apple 0.9965928 216 485 246 512
apple 0.99327576 299 647 327 673
apple 0.98674935 306 671 333 697
apple 0.98659897 367 318 397 348
apple 0.9864493 270 602 302 627
apple 0.9842815 412 1023 442 1061
apple 0.97943604 313 698 338 725
apple 0.9773327 273 426 299 457
apple 0.97662246 219 560 248 585
apple 0.97483623 242 510 259 532
apple 0.974427 484 778 509 796
apple 0.973865 443 670 466 691
apple 0.97274435 502 653 530 676
apple 0.97135174 420 538 453 571
apple 0.9700384 443 743 471 765
apple 0.95954543 354 595 376 621
apple 0.9501111 372 766 394 789
apple 0.93993187 260 611 276 635
apple 0.93684685 334 751 354 770
apple 0.9216381 289 932 304 957
apple 0.8956579 210 591 240 625
apple 0.89486253 420 944 447 966
apple 0.87282103 363 419 390 438
apple 0.80588835 465 697 482 716
apple 0.7734615 305 437 319 453
apple 0.7385856 323 445 345 468
apple 0.71207535 571 771 601 802
