apple 0.99973077 401 259 438 296
apple 0.9996377 389 758 430 800
apple 0.99947923 237 90 272 132
apple 0.9994116 217 408 250 442
apple 0.99937797 239 294 274 328
apple 0.9992411 253 662 288 693
apple 0.99913603 160 472 202 512
apple 0.99904984 57 554 98 590
apple 0.9989002 277 743 317 782
apple 0.9987072 390 577 416 606
apple 0.9985713 123 631 160 668
apple 0.998412 290 332 326 368
apple 0.99829024 109 876 152 915
apple 0.9982533 376 648 414 682
apple 0.99819535 637 432 676 467
apple 0.99817073 684 755 718 792
apple 0.9980895 215 496 258 535
apple 0.9978777 302 695 337 724
apple 0.99759716 100 396 133 430
apple 0.9974274 169 637 201 674
apple 0.997051 296 472 337 509
apple 0.9962663 117 573 145 601
apple 0.9959407 334 615 372 652
apple 0.99587137 643 463 679 491
apple 0.99586004 303 893 344 929
apple 0.9957088 228 538 264 570
apple 0.99539965 504 529 531 556
apple 0.9952899 575 543 602 570
apple 0.9952449 697 604 719 643
apple 0.9949325 702 675 719 706
apple 0.9935994 327 313 361 353
apple 0.9896774 478 892 511 919
apple 0.9883605 614 882 640 910
apple 0.9876973 625 487 660 519
apple 0.9864116 687 854 716 886
apple 0.9827854 124 443 151 462
apple 0.98178667 219 158 251 181
apple 0.9790525 564 517 590 545
apple 0.9788856 60 828 85 855
apple 0.97504413 539 493 568 527
