apple 0.999778 280 91 313 127
apple 0.9985085 193 1094 242 1142
apple 0.9979679 250 903 285 942
apple 0.9978713 404 1090 439 1122
apple 0.9978157 284 721 319 761
apple 0.9976981 101 663 134 691
apple 0.9974497 482 941 514 971
apple 0.9972204 274 592 302 623
apple 0.9966917 149 712 178 745
apple 0.99211544 263 1009 290 1038
apple 0.9906942 358 1089 395 1116
apple 0.9893315 573 886 605 913
apple 0.986528 465 953 489 972
apple 0.9840783 272 121 304 150
apple 0.98278975 365 911 389 933
apple 0.9827558 0 1014 17 1038
apple 0.9727457 537 611 575 630
apple 0.96036094 1 988 11 1006
apple 0.95859367 418 1060 437 1086
apple 0.9559666 316 448 341 477
apple 0.946267 351 1184 386 1223
apple 0.94323665 104 740 126 761
apple 0.9331307 273 846 311 872
apple 0.895332 507 715 530 735
apple 0.88183826 1 804 15 824
apple 0.6530177 295 1140 306 1166
apple 0.64695007 474 804 491 818
apple 0.59551823 2 899 17 917
apple 0.5676297 314 456 329 477
apple 0.41708297 122 704 136 720
apple 0.36549416 361 1196 384 1223
apple 0.36115348 296 854 315 872
apple 0.3256641 134 1144 163 1176
apple 0.30111364 302 838 313 852
apple 0.2163531 0 983 14 1010
apple 0.2119488 341 1202 357 1225
apple 0.16273244 148 810 167 826
apple 0.14572458 181 897 191 910
apple 0.12372915 0 988 18 1037
apple 0.085467175 1 884 19 919
