apple 0.99982977 656 767 700 809
apple 0.99961215 555 580 587 615
apple 0.99911743 569 606 609 641
apple 0.9989706 511 684 549 720
apple 0.99882096 494 559 521 591
apple 0.9977477 411 822 446 859
apple 0.9971734 526 531 552 554
apple 0.9955355 642 583 662 620
apple 0.9953478 674 844 704 866
apple 0.99058247 552 671 572 697
apple 0.9886835 41 864 74 892
apple 0.98103046 608 377 639 407
apple 0.97967243 663 563 701 590
apple 0.9770504 450 826 481 858
apple 0.9760642 479 764 525 804
apple 0.97074044 59 926 103 962
apple 0.96456736 258 610 298 656
apple 0.95720786 1 615 15 640
apple 0.9548257 24 842 48 871
apple 0.9406491 590 369 622 393
apple 0.8948424 131 984 153 1011
apple 0.86287165 497 744 513 762
apple 0.8518388 133 677 155 698
apple 0.8040267 686 634 716 657
apple 0.7138867 674 894 706 924
apple 0.70851827 535 606 550 626
apple 0.64342785 686 638 703 655
apple 0.5570305 568 407 579 418
apple 0.52382874 556 423 583 452
apple 0.4581488 672 490 686 503
apple 0.44270283 561 940 594 975
apple 0.34880856 652 763 684 776
apple 0.33883637 669 905 689 922
apple 0.33116156 448 739 474 754
apple 0.3113799 645 496 655 510
apple 0.27908996 480 765 503 797
apple 0.26498592 511 778 524 801
apple 0.24767849 651 325 660 336
apple 0.21865809 486 711 500 723
apple 0.19970596 590 371 607 392
