apple 0.9993661 393 55 432 96
apple 0.99898046 490 249 520 282
apple 0.9988801 339 78 375 114
apple 0.99886394 112 241 141 274
apple 0.9988244 5 553 44 593
apple 0.9980469 54 559 88 594
apple 0.99755955 519 261 549 292
apple 0.9973742 295 852 325 888
apple 0.9972318 73 397 103 432
apple 0.9972178 49 429 75 463
apple 0.997175 371 82 407 114
apple 0.9970163 177 892 211 927
apple 0.9968201 29 745 49 780
apple 0.9967595 110 381 135 408
apple 0.99628025 55 316 87 343
apple 0.9960134 43 183 76 211
apple 0.9950316 121 486 149 515
apple 0.9947636 489 157 513 187
apple 0.99446553 99 612 126 636
apple 0.9927013 7 426 38 452
apple 0.9896685 41 342 72 371
apple 0.98072356 1 39 11 79
apple 0.9800567 346 46 384 74
apple 0.9726475 173 779 192 807
apple 0.9451763 508 569 537 588
apple 0.9430079 126 909 144 941
apple 0.9334687 237 526 253 548
apple 0.9098916 69 344 94 363
apple 0.89039105 101 408 136 437
apple 0.8792005 41 590 75 614
apple 0.8717636 383 124 409 155
apple 0.8573315 560 651 586 670
apple 0.83232456 618 986 649 1008
apple 0.83106214 103 360 125 382
apple 0.8242186 100 504 118 524
apple 0.82279086 376 499 397 519
apple 0.81209546 21 672 50 691
apple 0.722171 163 433 177 452
apple 0.7099436 108 328 135 342
apple 0.7042297 499 559 535 588
