apple 0.99954337 340 416 378 450
apple 0.9995426 319 210 356 249
apple 0.99951994 247 667 285 701
apple 0.9993376 255 299 285 330
apple 0.9993218 459 481 487 510
apple 0.99880815 365 757 398 789
apple 0.99869734 202 576 240 611
apple 0.99866426 371 558 404 586
apple 0.9985752 433 311 458 340
apple 0.9984066 344 190 376 224
apple 0.99832326 239 582 272 620
apple 0.9983063 434 500 469 536
apple 0.99829394 343 9 373 43
apple 0.99822885 332 116 367 151
apple 0.99760723 316 56 348 92
apple 0.9973652 378 227 408 255
apple 0.99732023 279 174 309 208
apple 0.9972063 360 852 391 884
apple 0.996442 367 166 393 198
apple 0.99642205 266 508 299 537
apple 0.9959394 287 80 306 117
apple 0.9955391 364 27 389 63
apple 0.9954072 346 49 374 76
apple 0.9952565 391 632 414 660
apple 0.99420565 381 907 406 944
apple 0.9938042 669 941 707 973
apple 0.9934789 496 501 522 530
apple 0.99340796 475 349 507 375
apple 0.9925377 385 579 414 612
apple 0.9913161 371 665 400 690
apple 0.99082667 424 1001 450 1039
apple 0.98914343 218 715 246 741
apple 0.9849203 267 691 295 718
apple 0.98419696 217 537 257 565
apple 0.9838579 466 508 491 539
apple 0.9807031 361 264 394 295
apple 0.979765 9 572 31 592
apple 0.97779673 319 151 341 185
apple 0.9768356 288 249 307 273
apple 0.97615606 405 748 424 768
