apple 0.9997998 253 251 294 290
apple 0.9997886 219 270 258 308
apple 0.9997745 232 24 279 71
apple 0.99970907 85 371 126 412
apple 0.99960417 551 895 596 936
apple 0.9995327 385 619 417 647
apple 0.9995123 217 547 251 579
apple 0.9995055 126 900 166 943
apple 0.99909973 84 186 120 221
apple 0.9990044 477 403 506 436
apple 0.99895597 521 500 550 530
apple 0.9987727 503 405 538 444
apple 0.998442 290 94 325 134
apple 0.9975794 238 641 272 678
apple 0.99701715 291 415 325 449
apple 0.9965161 252 387 289 424
apple 0.9957495 225 414 257 448
apple 0.9946333 318 609 350 628
apple 0.9917412 224 615 252 640
apple 0.99160236 246 884 268 914
apple 0.9910439 213 65 247 110
apple 0.98998004 121 171 157 204
apple 0.9897579 307 631 338 658
apple 0.98954904 215 208 243 245
apple 0.98844504 73 320 113 353
apple 0.98653513 57 274 80 301
apple 0.9792539 191 607 223 635
apple 0.97898346 172 301 198 336
apple 0.97791034 527 867 566 907
apple 0.9765646 286 153 311 188
apple 0.975781 197 392 217 421
apple 0.9749238 259 683 302 715
apple 0.96746105 198 339 213 360
apple 0.96227837 149 391 174 416
apple 0.953973 8 719 41 748
apple 0.9254445 290 725 315 752
apple 0.9242791 135 972 151 989
apple 0.9158764 25 460 77 500
apple 0.9152137 168 417 183 437
apple 0.91207916 10 365 30 390
