apple 0.99977785 34 209 70 245
apple 0.9997693 573 2 613 45
apple 0.99902487 50 271 83 302
apple 0.998968 358 465 398 501
apple 0.9988281 319 554 354 585
apple 0.9986804 622 757 656 793
apple 0.99864215 56 554 89 587
apple 0.9983656 0 204 33 241
apple 0.99835134 424 244 454 275
apple 0.99775213 22 133 53 163
apple 0.99760664 50 432 80 457
apple 0.99657804 32 567 62 603
apple 0.99656665 32 854 60 885
apple 0.99446714 103 666 140 698
apple 0.9943684 11 184 44 214
apple 0.993507 605 660 633 683
apple 0.99265224 653 769 688 797
apple 0.9919437 278 780 314 806
apple 0.99163437 431 276 460 302
apple 0.98885477 155 590 175 612
apple 0.9880949 21 278 49 311
apple 0.98792845 1 652 20 679
apple 0.98449683 145 548 175 570
apple 0.982739 206 891 231 916
apple 0.97686154 354 551 387 578
apple 0.9763267 0 151 22 178
apple 0.9713082 6 871 40 904
apple 0.97122484 621 398 655 421
apple 0.9698557 11 243 40 280
apple 0.9685006 166 728 192 755
apple 0.96796316 1 408 11 438
apple 0.9649447 5 972 22 993
apple 0.9648272 52 302 83 327
apple 0.95402855 1 333 8 363
apple 0.9522732 103 570 136 599
apple 0.94962627 146 946 168 968
apple 0.94493204 114 1050 154 1100
apple 0.9402102 458 96 472 118
apple 0.9342513 33 928 54 960
apple 0.9299095 678 794 712 818
