apple 0.9998989 667 695 713 741
apple 0.9995648 627 791 668 832
apple 0.99951243 202 233 238 271
apple 0.99946994 288 389 325 427
apple 0.99946636 616 602 648 632
apple 0.9993374 422 724 457 758
apple 0.999313 102 459 137 500
apple 0.9993073 494 718 534 756
apple 0.9992471 656 867 694 902
apple 0.9991258 201 137 231 170
apple 0.999119 336 260 363 288
apple 0.9990752 637 757 671 791
apple 0.9990742 364 264 388 291
apple 0.9989447 602 205 630 236
apple 0.99893373 480 514 502 535
apple 0.99880326 528 155 560 188
apple 0.99877053 216 307 253 343
apple 0.9987515 368 705 397 738
apple 0.99854195 456 178 486 207
apple 0.99818546 53 113 82 145
apple 0.997759 357 296 384 321
apple 0.9976605 571 595 603 624
apple 0.9975898 11 51 37 76
apple 0.9975472 383 645 418 679
apple 0.9973991 76 227 103 254
apple 0.9970784 78 52 118 88
apple 0.99688005 368 460 391 481
apple 0.9968405 457 516 480 539
apple 0.99653506 451 278 476 303
apple 0.9965173 13 162 38 186
apple 0.9962089 91 98 126 135
apple 0.99557954 415 794 439 816
apple 0.9954574 89 669 125 706
apple 0.9954476 403 369 429 394
apple 0.99520195 25 662 57 691
apple 0.99447095 561 682 598 718
apple 0.9943328 221 758 241 778
apple 0.99420667 650 240 675 266
apple 0.99415165 559 229 584 257
apple 0.9939482 593 230 619 254
