apple 0.783203 546 691 592 733
apple 0.768555 520 858 559 894
apple 0.744141 328 710 366 745
apple 0.718750 15 88 56 124
apple 0.704590 120 221 159 260
apple 0.699707 664 324 700 360
apple 0.698730 463 150 496 187
apple 0.677734 393 705 433 744
apple 0.633789 0 640 28 674
apple 0.607910 482 588 514 620
apple 0.595215 49 219 74 243
apple 0.589844 0 434 29 472
apple 0.577148 486 780 528 822
apple 0.572754 634 558 672 597
apple 0.570312 403 175 432 204
apple 0.564941 80 472 113 507
apple 0.559570 530 597 564 629
apple 0.530273 671 606 710 644
apple 0.514160 187 743 211 764
apple 0.496094 134 295 170 331
apple 0.481445 555 204 585 236
apple 0.459229 356 363 381 389
apple 0.457031 296 632 331 666
apple 0.451416 335 454 358 476
apple 0.435303 13 398 50 435
apple 0.434326 116 92 145 125
apple 0.433594 84 576 108 602
apple 0.425781 105 457 138 491
apple 0.421631 292 254 319 285
apple 0.420898 278 690 310 722
apple 0.418945 148 129 180 164
apple 0.407959 430 289 453 315
apple 0.380859 500 746 534 780
apple 0.371582 658 642 686 668
apple 0.367676 313 290 340 318
apple 0.366699 537 274 563 300
apple 0.364502 217 290 242 316
apple 0.353027 19 564 40 584
apple 0.316162 23 181 48 201
apple 0.314941 450 672 483 708
apple 0.311035 143 105 164 136
apple 0.295166 473 200 504 232
apple 0.288330 513 226 541 256
apple 0.288330 359 510 377 532
apple 0.284912 70 48 96 76
apple 0.270996 664 418 686 439
apple 0.270020 282 750 308 774
apple 0.267822 568 256 596 280
