apple 0.852539 446 318 481 362
apple 0.811523 74 188 102 216
apple 0.810059 466 570 500 611
apple 0.807129 83 657 125 694
apple 0.791504 628 670 674 722
apple 0.789551 525 237 553 271
apple 0.773926 84 310 115 336
apple 0.754883 564 210 596 238
apple 0.743652 620 792 668 834
apple 0.736328 136 600 165 636
apple 0.681641 518 380 546 412
apple 0.673340 576 717 617 763
apple 0.643555 529 509 549 529
apple 0.621094 650 395 684 436
apple 0.581543 116 372 136 394
apple 0.571289 108 206 161 256
apple 0.566406 93 334 119 359
apple 0.558594 149 386 193 435
apple 0.556641 606 238 638 282
apple 0.539062 73 349 96 376
apple 0.508301 10 596 35 622
apple 0.437500 107 572 129 598
apple 0.414795 161 206 187 241
apple 0.391846 124 405 145 430
apple 0.372803 622 518 645 538
apple 0.358643 474 956 518 991
apple 0.351074 372 532 401 562
apple 0.347656 234 776 259 804
apple 0.333008 315 500 340 522
apple 0.268799 591 348 626 371
apple 0.266602 612 237 627 251
apple 0.263916 416 924 458 958
apple 0.261230 680 299 700 317
apple 0.253418 656 524 674 546
