apple 0.828125 655 866 696 904
apple 0.788086 666 697 714 741
apple 0.722656 86 671 126 707
apple 0.700195 528 155 560 190
apple 0.687012 380 646 418 680
apple 0.670410 455 178 486 209
apple 0.661133 625 792 669 834
apple 0.649414 77 228 105 254
apple 0.595703 102 461 137 501
apple 0.594238 92 98 128 137
apple 0.592773 215 308 253 347
apple 0.582520 494 719 534 757
apple 0.562012 420 724 458 760
apple 0.554199 368 460 391 483
apple 0.554199 187 477 218 510
apple 0.538086 637 757 672 790
apple 0.538086 23 660 59 692
apple 0.538086 450 278 477 305
apple 0.526367 368 705 398 739
apple 0.517578 220 758 242 780
apple 0.514648 578 276 604 302
apple 0.508789 288 390 328 428
apple 0.496338 518 271 540 292
apple 0.483398 403 367 430 396
apple 0.477539 602 205 630 240
apple 0.457031 614 602 650 634
apple 0.452148 336 260 365 291
apple 0.447754 53 112 85 147
apple 0.445557 13 51 37 77
apple 0.430664 114 422 152 456
apple 0.428467 386 514 406 537
apple 0.427002 666 206 692 237
apple 0.402588 56 259 80 282
apple 0.388428 14 164 38 188
apple 0.379395 645 362 668 385
apple 0.377930 570 594 604 624
apple 0.371582 533 950 553 974
apple 0.359619 479 514 504 536
apple 0.354980 458 517 480 540
apple 0.340332 319 761 342 784
apple 0.337891 567 684 598 720
apple 0.317627 201 137 232 172
apple 0.312500 679 416 700 434
apple 0.310791 622 218 646 249
apple 0.310791 651 246 675 268
apple 0.291504 369 640 391 664
apple 0.290527 178 372 209 392
apple 0.288330 499 504 520 525
apple 0.287598 558 230 584 258
apple 0.285400 560 482 582 502
apple 0.273926 533 203 567 235
apple 0.272949 376 740 402 766
apple 0.259277 318 306 341 330
