apple 0.848145 504 340 532 374
apple 0.834473 466 530 505 568
apple 0.812500 249 844 286 877
apple 0.809082 403 527 435 555
apple 0.797852 423 660 462 702
apple 0.769043 317 558 352 595
apple 0.742188 348 278 382 314
apple 0.730469 186 720 216 755
apple 0.729980 466 672 499 702
apple 0.728027 321 332 358 373
apple 0.709473 183 514 210 546
apple 0.686523 215 726 247 762
apple 0.684570 695 977 720 1017
apple 0.673828 168 924 250 974
apple 0.653809 457 598 490 630
apple 0.601074 287 590 323 626
apple 0.568359 441 417 470 445
apple 0.557129 107 482 121 500
apple 0.554688 380 140 414 183
apple 0.540039 143 890 181 932
apple 0.526367 526 1098 557 1128
apple 0.522949 446 282 469 314
apple 0.516113 322 306 348 328
apple 0.514160 342 397 384 440
apple 0.467529 73 632 89 648
apple 0.459229 440 443 484 474
apple 0.455078 105 416 116 430
apple 0.433105 608 677 624 693
apple 0.427734 490 720 510 742
apple 0.419189 267 632 294 656
apple 0.411865 444 840 457 860
apple 0.401855 590 429 602 440
apple 0.354004 185 722 244 760
apple 0.339111 306 508 322 528
apple 0.333984 518 1125 552 1155
apple 0.333252 474 414 488 426
apple 0.329590 459 1026 490 1068
apple 0.327881 349 311 380 341
apple 0.318359 584 1033 608 1059
apple 0.317627 152 614 166 630
apple 0.316406 111 428 124 441
apple 0.300537 284 430 310 461
apple 0.297852 50 618 65 636
apple 0.294922 638 588 657 604
apple 0.292969 671 1229 713 1265
apple 0.292725 600 565 616 577
apple 0.283203 169 924 208 966
apple 0.280273 266 406 288 419
apple 0.270996 323 418 352 449
apple 0.268555 86 751 100 773
apple 0.266846 143 890 252 976
