apple 0.9979918 373 643 408 674
apple 0.9976695 357 783 395 818
apple 0.9973284 598 863 629 891
apple 0.99661165 376 833 409 869
apple 0.99594694 700 755 719 788
apple 0.9953479 308 766 341 790
apple 0.99456245 347 652 370 677
apple 0.9941545 652 825 677 847
apple 0.99366105 690 320 719 357
apple 0.9900802 695 886 718 909
apple 0.9877 342 608 364 637
apple 0.98546773 245 806 269 836
apple 0.9832496 319 688 346 711
apple 0.9738975 296 834 317 858
apple 0.96895885 687 838 708 865
apple 0.96703637 576 901 598 926
apple 0.939463 441 922 463 943
apple 0.9264817 459 856 482 879
apple 0.91195756 304 803 319 818
apple 0.8356166 331 834 352 860
apple 0.83383375 657 618 677 635
apple 0.6361794 701 930 719 950
apple 0.63469565 335 555 352 575
apple 0.4102402 329 832 343 847
apple 0.3407358 321 568 338 582
apple 0.33931032 705 318 719 357
apple 0.22822888 696 1067 718 1093
apple 0.22023885 409 656 429 675
apple 0.18772586 692 611 708 628
apple 0.17635292 434 712 450 729
apple 0.13544029 546 1168 571 1182
apple 0.063833125 412 943 424 957
