apple 133 339 166 376
apple 179 898 215 934
apple 355 832 394 875
apple 216 79 254 123
apple 650 353 691 393
apple 667 387 710 425
apple 528 47 559 82
apple 249 330 292 373
apple 366 982 409 1025
apple 412 24 445 55
apple 44 1029 78 1066
apple 357 775 384 808
apple 290 271 331 310
apple 151 267 193 307
apple 227 177 266 218
apple 562 857 609 908
apple 626 1 656 28
apple 626 540 650 565
apple 498 36 529 72
apple 80 325 107 359
apple 335 344 366 376
apple 24 351 53 380
apple 570 430 605 455
apple 533 923 565 954
apple 533 313 557 343
apple 403 866 444 906
apple 345 169 384 216
apple 508 164 535 189
apple 113 356 136 375
apple 102 59 134 90
apple 102 59 134 90
apple 465 217 485 238
apple 322 159 350 203
apple 668 758 700 783
apple 47 159 76 188
apple 582 557 601 570
apple 582 557 601 570
apple 190 271 222 308
apple 582 557 601 570
apple 76 52 109 78
apple 672 41 699 70
apple 0 532 22 557
apple 21 229 40 250
apple 21 229 40 250
apple 347 97 391 142
apple 652 126 679 151
apple 558 0 591 24
apple 508 72 536 98
apple 30 80 62 116
apple 278 670 288 679
