apple 368 354 404 399
apple 367 877 401 911
apple 351 718 390 764
apple 365 520 406 558
apple 293 225 331 261
apple 389 592 410 616
apple 213 705 250 732
apple 17 353 48 386
apple 240 506 277 539
apple 341 400 373 431
apple 341 400 373 431
apple 431 234 467 272
apple 408 221 445 261
apple 296 373 328 398
apple 296 373 328 398
apple 296 373 328 398
apple 296 373 328 398
apple 307 870 329 901
apple 307 870 329 901
apple 307 870 329 901
apple 307 870 329 901
apple 54 938 85 978
apple 196 837 217 855
apple 44 372 75 400
apple 274 842 302 862
apple 424 478 448 500
apple 424 478 448 500
apple 288 302 330 335
apple 288 302 330 335
