apple 150 892 194 939
apple 335 681 377 723
apple 150 413 190 451
apple 154 565 189 596
apple 344 850 376 888
apple 38 942 80 990
apple 271 345 309 375
apple 269 982 301 1008
apple 223 795 263 829
apple 350 1061 384 1077
apple 300 774 344 816
apple 229 338 264 373
apple 229 338 264 373
apple 7 1081 50 1124
apple 395 1189 426 1225
apple 300 774 344 816
apple 299 1005 314 1032
apple 299 1005 314 1032
apple 250 942 281 972
apple 190 985 212 1014
apple 189 575 210 587
apple 189 575 210 587
apple 390 856 414 880
apple 232 300 269 331
apple 672 1153 703 1179
apple 672 1153 703 1179
apple 332 500 368 530
apple 328 1045 336 1062
apple 328 1045 336 1062
apple 328 1045 336 1062
apple 328 1045 336 1062
apple 328 1045 336 1062
apple 283 918 322 959
apple 387 792 419 824
apple 268 900 280 916
apple 268 900 280 916
apple 484 711 509 733
apple 300 774 344 816
apple 300 774 344 816
apple 294 1172 331 1208
apple 325 1191 361 1238
apple 353 810 383 838
apple 353 810 383 838
apple 353 810 383 838
apple 353 810 383 838
apple 283 918 322 959
apple 283 918 322 959
apple 283 918 322 959
apple 283 918 322 959
apple 283 918 322 959
