apple 526 601 555 635
apple 114 651 146 683
apple 285 421 316 449
apple 55 552 89 584
apple 494 748 518 770
apple 538 628 569 653
apple 221 294 254 331
apple 357 443 384 470
apple 46 635 74 661
apple 578 328 607 353
apple 172 649 205 674
apple 613 673 634 691
apple 612 306 632 328
apple 82 284 116 317
apple 174 559 201 584
apple 347 357 379 386
apple 337 766 366 792
apple 297 893 316 916
apple 266 665 291 688
apple 695 744 719 769
apple 558 345 578 363
apple 667 820 692 838
apple 59 378 83 403
apple 30 238 46 256
apple 189 142 206 159
apple 591 667 613 684
