apple 67 351 97 384
apple 47 561 77 593
apple 531 125 560 157
apple 625 858 657 891
apple 633 425 663 457
apple 443 572 475 605
apple 688 473 719 511
apple 29 503 53 532
apple 31 233 55 256
apple 436 439 469 468
apple 453 241 479 274
apple 517 198 546 231
apple 589 170 618 202
apple 539 49 567 82
apple 628 453 666 482
apple 621 271 641 296
apple 33 161 61 191
apple 390 444 412 472
apple 631 726 663 766
apple 618 792 635 818
apple 618 792 635 818
apple 389 292 423 329
apple 517 113 540 146
apple 483 392 498 412
apple 0 312 33 344
apple 605 121 637 151
apple 605 121 637 151
apple 637 778 659 795
apple 560 170 580 202
apple 601 504 614 523
apple 677 464 706 494
apple 542 234 557 261
apple 53 214 76 239
apple 617 629 653 658
apple 525 788 559 812
apple 554 193 572 221
apple 531 6 551 31
apple 601 262 627 293
apple 683 497 701 524
apple 458 771 483 798
apple 496 514 515 534
apple 202 843 227 874
apple 202 843 227 874
apple 202 843 227 874
apple 567 94 598 128
apple 567 94 598 128
apple 567 94 598 128
apple 229 852 260 885
apple 229 852 260 885
apple 554 193 572 221
