apple 294 624 338 666
apple 40 242 73 278
apple 275 758 317 797
apple 300 553 340 592
apple 490 626 526 656
apple 91 76 122 113
apple 286 268 312 297
apple 73 138 106 181
apple 236 197 271 228
apple 143 443 181 481
apple 35 339 76 382
apple 339 220 368 252
apple 137 670 159 706
apple 653 223 686 256
apple 653 223 686 256
apple 124 765 154 796
apple 490 659 520 690
apple 664 141 699 179
apple 405 894 430 926
apple 448 603 478 633
apple 682 401 717 433
apple 207 167 242 193
apple 482 593 504 625
apple 327 860 372 907
apple 66 514 94 534
apple 1 507 35 546
apple 37 278 68 316
apple 384 776 413 810
apple 384 776 413 810
apple 22 833 55 872
apple 22 833 55 872
apple 3 776 43 811
apple 543 621 578 647
apple 25 583 60 609
apple 182 219 219 254
apple 182 219 219 254
apple 557 468 583 492
apple 581 269 606 291
apple 142 138 188 172
apple 393 712 420 737
apple 571 682 597 702
apple 130 46 161 75
apple 221 247 249 277
apple 129 97 160 125
apple 0 644 23 670
apple 489 771 518 797
apple 207 401 241 433
apple 102 777 109 793
apple 627 222 652 250
apple 627 222 652 250
