apple 0.9998802 335 1047 401 1118
apple 0.99969447 169 670 210 710
apple 0.99950516 34 606 81 652
apple 0.9995048 148 259 195 306
apple 0.99950206 35 554 82 598
apple 0.9994905 220 964 268 1013
apple 0.99948347 67 371 116 419
apple 0.99942625 22 740 62 779
apple 0.9992988 481 853 544 912
apple 0.9992913 259 782 323 846
apple 0.9992874 360 552 396 589
apple 0.9987525 28 824 68 862
apple 0.99862945 452 300 482 333
apple 0.9984403 60 939 109 985
apple 0.9981699 102 101 139 135
apple 0.99812883 535 276 563 305
apple 0.9981285 80 1 122 40
apple 0.9980514 550 1050 589 1095
apple 0.9980313 1 514 31 565
apple 0.99703074 610 989 643 1018
apple 0.9969393 457 268 486 299
apple 0.99691355 276 1054 331 1108
apple 0.99670357 346 268 373 303
apple 0.9966401 489 1016 531 1058
apple 0.9965861 174 385 215 426
apple 0.9962053 98 36 133 76
apple 0.9959837 290 484 325 517
apple 0.99539375 662 32 695 63
apple 0.99493635 255 91 273 112
apple 0.99469227 219 398 253 437
apple 0.99440634 116 385 161 427
apple 0.9934156 210 79 234 106
apple 0.9929697 38 344 68 372
apple 0.9920959 610 171 644 200
apple 0.99196833 595 1053 630 1089
apple 0.9910288 433 326 458 357
apple 0.9906108 257 353 294 387
apple 0.98985064 295 928 346 969
apple 0.9895885 273 86 295 110
apple 0.988677 319 176 342 202
apple 0.9885872 432 250 460 282
apple 0.9885445 374 271 398 301
apple 0.9882675 307 127 329 151
apple 0.9879391 377 165 408 194
apple 0.9865773 285 374 313 405
apple 0.98632765 535 95 564 124
apple 0.98391634 51 1070 83 1101
apple 0.98374695 394 283 420 313
apple 0.983267 562 53 591 82
apple 0.98144907 462 208 492 241
apple 0.9804529 117 544 136 565
apple 0.9804418 675 254 705 283
apple 0.9780627 613 325 638 354
apple 0.96606714 361 306 393 333
apple 0.9636785 39 508 69 539
apple 0.9636549 643 236 672 269
apple 0.96266234 108 1109 130 1141
apple 0.9594226 439 110 467 133
apple 0.9585911 529 254 552 282
apple 0.95741457 15 367 47 394
apple 0.9557453 366 192 388 215
apple 0.9441257 337 103 362 128
apple 0.9291342 326 808 349 833
apple 0.928871 411 872 438 913
apple 0.91667676 417 303 446 332
apple 0.9166408 276 169 317 206
apple 0.9156009 232 360 255 390
apple 0.9044528 163 216 191 236
apple 0.8930095 663 293 683 314
apple 0.8890161 120 186 144 209
apple 0.8862937 596 1009 621 1038
apple 0.88599837 6 305 28 330
apple 0.885502 370 118 388 144
apple 0.88462996 219 451 250 483
apple 0.8814879 100 259 118 281
apple 0.8772811 531 309 557 332
apple 0.877055 612 560 634 584
apple 0.86428416 115 233 132 252
apple 0.85706204 580 532 607 569
apple 0.8304792 224 1024 252 1062
apple 0.8169586 369 227 386 245
apple 0.8166135 86 754 117 785
apple 0.81588703 642 339 677 375
apple 0.7862457 147 434 178 463
apple 0.72301626 378 891 404 907
apple 0.7029485 702 1039 717 1066
apple 0.67775285 222 641 240 659
apple 0.66293514 383 196 406 217
apple 0.6553109 404 464 414 481
apple 0.6494374 330 441 361 464
apple 0.6398659 72 341 110 373
apple 0.61574763 243 175 257 193
apple 0.5959115 166 345 184 361
apple 0.55443007 297 765 320 778
apple 0.55390936 38 75 78 114
apple 0.53225905 323 454 341 467
apple 0.46514055 58 99 79 113
apple 0.44232386 247 663 267 676
apple 0.4407946 166 193 188 212
apple 0.42943656 260 763 291 786
