apple 0.99955755 366 353 406 395
apple 0.99951756 406 220 442 260
apple 0.99933124 364 522 405 557
apple 0.99879336 296 220 334 258
apple 0.9986105 15 351 47 382
apple 0.9985189 430 234 463 270
apple 0.9984894 350 720 387 761
apple 0.9979114 369 876 399 912
apple 0.99783236 339 402 370 434
apple 0.997264 216 705 248 735
apple 0.9925332 42 372 74 398
apple 0.99196166 242 503 276 533
apple 0.988047 297 371 326 399
apple 0.9867561 387 593 419 623
apple 0.98602736 520 597 546 624
apple 0.98554164 478 606 508 634
apple 0.9817122 54 938 89 973
apple 0.9815591 460 492 497 518
apple 0.97891355 192 835 219 856
apple 0.9779473 277 704 301 727
apple 0.9744067 423 476 445 498
apple 0.9529399 286 300 323 333
apple 0.9527015 306 867 336 901
apple 0.935279 102 589 114 613
apple 0.92465305 339 443 371 467
apple 0.92376465 391 660 410 684
apple 0.9232319 239 805 257 837
apple 0.91179174 273 839 299 861
apple 0.841247 500 664 521 692
apple 0.8411664 25 886 58 914
apple 0.82926404 268 474 281 495
apple 0.7987643 237 875 256 896
apple 0.78615683 355 213 376 239
apple 0.770622 127 400 141 420
apple 0.7040785 567 1021 596 1043
apple 0.6792633 131 308 149 324
apple 0.6266239 2 899 24 922
apple 0.61125624 206 1003 226 1024
apple 0.60169524 362 215 375 237
apple 0.57321393 405 473 430 494
apple 0.44438317 404 475 416 487
apple 0.43553936 384 263 401 290
apple 0.39210278 313 772 330 787
apple 0.3732976 492 443 508 459
apple 0.34290203 466 646 479 664
apple 0.28190917 298 299 323 321
apple 0.24835238 234 800 265 841
apple 0.2332762 299 475 314 491
apple 0.1931699 378 277 397 294
apple 0.1905056 277 315 301 337
apple 0.1648883 150 313 168 328
apple 0.099688366 346 206 378 242
apple 0.096308336 389 262 401 277
apple 0.088013805 202 999 238 1035
apple 0.08059092 286 312 304 332
apple 0.07464973 404 471 446 499
