apple 0.9997384 6 289 51 329
apple 0.9991677 147 410 178 448
apple 0.9989826 111 340 144 373
apple 0.99898046 605 780 641 819
apple 0.99773276 115 418 149 451
apple 0.99758637 17 487 46 521
apple 0.9960665 24 527 56 556
apple 0.99237823 80 353 106 383
apple 0.9873776 47 555 85 583
apple 0.98406094 236 350 262 380
apple 0.98293036 94 502 127 526
apple 0.9812657 184 356 210 382
apple 0.9783634 256 858 284 890
apple 0.96701294 155 856 186 884
apple 0.96434104 171 811 200 837
apple 0.95023036 71 522 90 538
apple 0.9491581 73 595 96 608
apple 0.9438574 235 554 249 572
apple 0.939384 158 831 185 855
apple 0.9159657 694 527 719 561
apple 0.8823043 238 795 270 819
apple 0.8585098 92 398 114 418
apple 0.8388041 230 779 257 802
apple 0.79166895 193 362 212 382
apple 0.7431635 707 700 719 712
apple 0.6693927 308 914 329 942
apple 0.6674567 42 320 62 341
apple 0.663513 115 384 141 408
apple 0.65382475 150 476 170 488
apple 0.5302773 212 355 224 367
apple 0.5277823 136 878 166 902
apple 0.51631296 134 526 163 538
apple 0.39760497 0 640 13 657
apple 0.34750757 229 780 270 816
apple 0.30266756 653 788 676 800
apple 0.28208506 159 803 173 817
apple 0.23477848 130 440 150 460
apple 0.2122899 156 799 166 817
apple 0.17722146 228 848 253 876
apple 0.17164084 661 701 690 718
apple 0.1622428 46 557 68 583
apple 0.13392046 706 660 719 708
apple 0.12691078 708 662 717 687
apple 0.09940253 0 376 7 406
apple 0.096315786 210 358 225 375
apple 0.09622427 211 410 220 425
apple 0.08673273 271 402 280 412
apple 0.06495589 197 335 205 344
apple 0.06399976 84 389 118 423
apple 0.057401165 212 415 223 427
apple 0.05173672 77 1151 112 1182
