apple 0.9995826 686 601 714 632
apple 0.99892825 79 633 111 666
apple 0.9982665 699 466 719 493
apple 0.99822956 510 653 541 679
apple 0.99816626 326 616 356 647
apple 0.99798155 24 632 57 660
apple 0.99786973 14 198 41 224
apple 0.9978441 143 485 169 517
apple 0.9978276 108 223 135 252
apple 0.99770916 271 468 293 489
apple 0.9968809 116 602 147 629
apple 0.9968491 129 425 161 455
apple 0.9967795 564 654 592 675
apple 0.9966934 266 205 291 229
apple 0.99659073 246 171 270 198
apple 0.99576294 558 729 589 757
apple 0.995738 58 192 80 212
apple 0.99508494 204 273 229 295
apple 0.9946384 57 629 83 653
apple 0.9945634 22 363 45 383
apple 0.99446315 27 256 49 280
apple 0.9933636 142 174 164 198
apple 0.99313873 1 216 24 239
apple 0.9917402 179 266 201 288
apple 0.9916699 701 539 719 561
apple 0.99032354 605 606 633 632
apple 0.98928386 564 620 586 641
apple 0.98655856 388 252 413 275
apple 0.9844349 217 530 238 547
apple 0.9838113 3 298 21 318
apple 0.98305756 27 536 49 557
apple 0.98235613 97 246 123 272
apple 0.98227745 204 248 224 267
apple 0.9818542 297 418 319 438
apple 0.9813787 68 255 92 276
apple 0.9813395 162 203 189 231
apple 0.97900313 685 571 707 588
apple 0.9738917 689 497 707 518
apple 0.9735869 265 322 294 353
apple 0.9732728 391 390 416 410
apple 0.97306967 1 362 20 380
apple 0.9667913 211 371 232 388
apple 0.96196866 462 371 484 391
apple 0.9587698 182 443 202 467
apple 0.95691633 190 332 205 353
apple 0.9562731 560 706 582 728
apple 0.95425135 285 487 303 504
apple 0.95372593 56 149 82 174
apple 0.9496971 172 394 201 421
apple 0.9482489 177 212 197 236
apple 0.94797 126 209 151 232
apple 0.93900764 708 565 718 585
apple 0.9305904 378 279 395 296
apple 0.9284986 372 317 389 334
apple 0.9274439 269 241 294 260
apple 0.92566043 328 299 340 317
apple 0.9223043 551 729 565 752
apple 0.9044572 440 327 454 347
apple 0.9025928 64 591 79 608
apple 0.9001129 646 612 674 639
apple 0.89225966 87 204 113 227
apple 0.8908415 227 184 247 201
apple 0.885563 193 234 207 251
apple 0.8735472 128 146 155 170
apple 0.8690636 286 257 304 272
apple 0.85826725 132 226 161 255
apple 0.84438705 430 373 447 387
apple 0.82952386 334 256 350 277
apple 0.80110574 254 343 269 362
apple 0.78772944 442 326 467 347
apple 0.7786908 225 209 242 228
apple 0.77743 644 573 660 588
apple 0.77399373 179 394 202 411
apple 0.77020377 674 624 695 640
apple 0.5955519 704 623 718 645
apple 0.5753379 335 338 346 352
apple 0.5556765 646 613 662 629
apple 0.43396762 63 569 75 581
apple 0.3573351 380 629 392 646
apple 0.29036808 162 542 184 556
apple 0.2695781 373 390 394 403
apple 0.13617527 484 407 498 421
