apple 0.99919826 131 643 160 676
apple 0.9991352 204 491 233 523
apple 0.999027 75 641 109 671
apple 0.9987243 192 427 224 460
apple 0.99859804 44 188 72 215
apple 0.99856454 394 627 425 656
apple 0.9981667 294 468 317 491
apple 0.9980261 561 660 592 687
apple 0.9979171 281 164 305 193
apple 0.9975211 653 612 679 637
apple 0.997335 321 321 347 353
apple 0.99727374 109 636 136 664
apple 0.99694556 613 737 642 766
apple 0.99694353 164 609 194 637
apple 0.9966667 150 216 178 245
apple 0.99630594 445 436 471 459
apple 0.9962304 438 391 461 415
apple 0.99556005 86 181 112 203
apple 0.9952518 613 661 641 682
apple 0.9951762 139 241 165 265
apple 0.99495476 58 248 81 273
apple 0.9946859 231 267 255 287
apple 0.9944102 202 195 231 225
apple 0.9937243 231 580 258 604
apple 0.9930616 303 199 327 225
apple 0.99293846 612 625 636 647
apple 0.99158573 23 352 45 376
apple 0.99154824 232 242 254 264
apple 0.9899541 200 261 223 284
apple 0.9890703 85 139 110 164
apple 0.98814464 432 251 454 274
apple 0.98810136 184 164 205 190
apple 0.9879715 319 418 344 438
apple 0.9869508 221 226 242 245
apple 0.9846858 254 533 273 551
apple 0.9842188 32 292 53 313
apple 0.9839511 418 278 439 303
apple 0.9836037 306 236 332 260
apple 0.98223704 114 249 134 266
apple 0.98218393 45 360 70 382
apple 0.9810207 377 247 395 271
apple 0.9801152 28 208 52 230
apple 0.9799467 198 540 217 559
apple 0.9790426 407 385 428 408
apple 0.9785826 671 627 693 648
apple 0.9771746 344 261 362 275
apple 0.97595507 511 374 531 398
apple 0.97494125 199 349 216 373
apple 0.9690267 18 525 34 546
apple 0.96821934 99 259 116 276
apple 0.9669194 233 395 264 426
apple 0.9635723 259 177 283 204
apple 0.9625573 615 712 631 736
apple 0.9569997 246 447 262 470
apple 0.9493171 709 621 719 637
apple 0.9469679 56 536 77 558
apple 0.9311615 445 516 468 530
apple 0.9281756 601 740 617 759
apple 0.9169899 309 488 328 504
apple 0.9088457 160 137 182 160
apple 0.8987015 150 149 168 165
apple 0.89542747 708 579 718 595
apple 0.89532614 79 236 97 249
apple 0.8912194 324 253 343 267
apple 0.88925064 377 296 389 320
apple 0.8883201 411 311 429 333
apple 0.8847071 278 540 293 558
apple 0.87731224 488 324 511 345
apple 0.85888696 309 342 326 363
apple 0.8587795 249 325 266 351
apple 0.8256314 1 356 18 372
apple 0.81927985 130 370 151 388
apple 0.8171626 442 639 457 656
apple 0.7976179 485 325 498 341
apple 0.7298196 171 218 189 239
apple 0.70798165 151 453 165 475
apple 0.5263501 561 722 574 740
apple 0.3925611 499 396 515 415
apple 0.13438414 287 331 323 365
apple 0.09394986 250 396 264 413
