apple 443 504 481 541
apple 408 389 441 427
apple 399 576 428 607
apple 389 910 432 950
apple 316 496 348 530
apple 426 254 453 289
apple 483 397 515 428
apple 482 229 516 262
apple 481 605 512 629
apple 369 950 404 987
apple 450 541 481 571
apple 413 714 445 749
apple 392 336 425 377
apple 528 1052 572 1095
apple 520 556 549 590
apple 351 478 388 509
apple 354 395 381 427
apple 318 576 346 598
apple 400 665 429 692
apple 340 525 362 544
apple 594 725 615 757
apple 408 693 433 718
apple 367 438 393 466
apple 462 434 491 459
apple 305 607 341 640
apple 543 768 568 790
apple 458 614 480 641
apple 437 775 462 796
apple 684 746 709 778
apple 479 789 501 811
apple 660 798 688 821
apple 497 643 535 664
apple 600 675 630 701
apple 600 675 630 701
apple 305 607 341 640
