apple 50 636 85 672
apple 604 650 643 681
apple 414 664 450 698
apple 373 299 412 334
apple 100 551 130 581
apple 85 664 117 692
apple 415 245 446 278
apple 255 567 290 603
apple 418 200 454 242
apple 641 323 679 361
apple 374 542 411 580
apple 336 640 366 671
apple 480 392 507 421
apple 385 217 418 255
apple 455 306 488 336
apple 317 198 338 224
apple 694 306 718 341
apple 621 385 658 419
apple 584 682 612 711
apple 338 507 379 539
apple 539 229 578 275
apple 53 520 76 548
apple 286 140 309 165
apple 645 805 679 834
apple 305 337 328 363
apple 196 597 222 626
apple 510 699 545 729
apple 264 149 284 171
apple 411 335 443 365
apple 198 161 224 184
apple 469 655 507 687
apple 294 229 313 250
apple 216 590 251 616
apple 403 65 424 80
apple 597 699 630 730
