apple 443 572 475 605
apple 389 292 423 329
apple 517 198 546 231
apple 688 473 719 511
apple 29 503 53 532
apple 67 351 97 384
apple 47 561 77 593
apple 33 161 61 191
apple 453 241 479 274
apple 633 425 663 457
apple 628 453 666 482
apple 539 49 567 82
apple 436 439 469 468
apple 589 170 618 202
apple 229 852 260 885
apple 531 125 560 157
apple 621 271 641 296
apple 596 862 624 897
apple 31 233 55 256
apple 542 585 572 620
apple 517 113 540 146
apple 625 858 657 891
apple 531 6 551 31
apple 560 170 580 202
apple 390 444 412 472
apple 605 121 637 151
apple 617 629 653 658
apple 656 473 679 505
apple 631 726 663 766
apple 585 30 614 52
apple 496 514 515 534
apple 542 234 557 261
apple 458 771 483 798
apple 515 0 536 24
apple 508 18 538 47
