apple 368 388 411 426
apple 508 210 552 256
apple 678 370 719 415
apple 566 86 608 130
apple 54 596 104 644
apple 607 407 646 439
apple 631 431 677 475
apple 539 617 584 657
apple 626 246 663 286
apple 584 557 629 594
apple 32 939 72 977
apple 536 299 574 342
apple 501 287 537 323
apple 128 833 158 862
apple 623 582 668 617
apple 1 972 20 1010
apple 320 417 357 449
apple 455 916 487 950
apple 581 170 619 211
apple 68 969 98 1003
apple 609 340 650 373
apple 690 411 719 442
apple 393 817 428 844
apple 671 443 694 490
apple 494 734 542 761
apple 42 669 69 704
apple 565 126 592 161
apple 605 252 627 282
apple 665 547 693 578
apple 350 977 377 1010
apple 582 841 610 869
apple 546 753 591 789
apple 400 990 424 1019
apple 607 684 639 706
apple 415 608 441 638
