apple 487 363 530 414
apple 601 306 654 351
apple 419 674 470 727
apple 397 1100 448 1148
apple 296 272 339 307
apple 552 969 596 1015
apple 486 23 522 70
apple 586 598 626 637
apple 392 138 439 178
apple 688 655 718 693
apple 260 312 303 346
apple 313 458 357 498
apple 379 244 414 288
apple 261 460 303 496
apple 575 734 627 776
apple 624 744 662 786
apple 240 481 279 519
apple 186 959 224 993
apple 520 599 552 634
apple 197 689 235 730
apple 293 558 335 595
apple 429 375 460 405
apple 403 941 436 978
apple 435 206 466 239
apple 290 356 320 391
apple 651 1218 691 1262
apple 576 695 609 741
apple 672 877 705 904
apple 677 706 714 742
apple 184 917 222 954
apple 616 591 650 626
apple 425 405 452 444
apple 502 320 530 354
apple 285 396 331 435
apple 492 1239 532 1272
