apple 98 621 141 657
apple 555 663 584 690
apple 630 328 659 353
apple 500 149 522 172
apple 440 836 465 869
apple 296 197 316 217
apple 630 733 657 758
apple 401 488 425 515
apple 540 380 566 405
apple 400 687 436 716
apple 337 647 370 673
apple 646 759 677 784
apple 420 475 448 506
apple 309 176 336 198
apple 421 451 442 472
apple 501 323 528 345
apple 337 129 359 151
apple 263 138 282 159
apple 428 197 447 222
apple 399 181 421 208
apple 264 553 285 581
apple 475 172 495 189
apple 58 561 80 590
apple 447 167 471 189
apple 368 333 389 359
apple 537 479 564 503
apple 589 250 608 273
apple 176 588 194 613
apple 111 553 145 597
apple 155 304 180 326
apple 528 149 544 167
apple 648 205 676 237
apple 508 447 532 469
apple 546 500 569 518
apple 414 421 442 451
