apple 161 198 184 224
apple 165 223 188 240
apple 167 240 185 252
apple 179 251 197 271
apple 149 264 171 284
apple 140 286 165 309
apple 113 308 126 328
apple 229 294 250 313
apple 198 317 224 338
apple 177 345 193 368
apple 40 402 62 424
apple 65 403 80 424
apple 62 446 82 462
apple 140 462 165 483
apple 736 18 755 39
apple 686 2 712 24
apple 654 0 677 11
apple 654 11 673 31
apple 636 50 672 85
apple 664 85 692 117
apple 520 53 548 76
apple 534 69 556 91
apple 551 100 581 130
apple 566 164 592 187
apple 690 107 706 122
apple 670 137 691 161
apple 683 160 705 182
apple 708 193 731 213
apple 686 273 710 296
apple 91 520 117 534
apple 96 542 120 564
apple 111 528 138 545
apple 123 556 139 576
apple 229 539 275 578
apple 200 418 242 454
apple 220 478 251 503
apple 217 385 255 418
apple 245 415 278 446
apple 459 43 478 69
apple 424 117 436 133
apple 445 164 468 192
apple 536 143 551 155
apple 293 343 326 375
apple 299 373 334 412
apple 427 52 447 69
apple 352 227 374 248
apple 356 219 378 235
apple 346 242 358 255
apple 358 258 379 277
apple 358 273 385 297
apple 337 305 363 328
apple 356 303 378 324
apple 299 418 331 449
apple 306 455 336 488
apple 335 411 365 443
apple 377 344 399 364
apple 345 393 374 414
apple 356 417 385 451
apple 939 558 962 575
apple 779 421 797 442
apple 800 434 821 444
apple 832 498 852 515
apple 964 563 978 586
apple 922 603 944 623
apple 805 645 834 679
apple 493 185 513 197
apple 368 453 395 482
apple 392 480 421 507
apple 323 641 361 679
apple 385 621 419 658
apple 412 612 440 638
apple 269 699 293 718
apple 306 694 341 718
apple 414 693 449 719
apple 771 516 791 530
apple 597 196 626 222
apple 590 216 616 251
apple 567 255 603 290
apple 507 338 539 379
apple 542 374 580 411
apple 640 336 671 366
apple 648 386 667 405
apple 555 472 580 498
apple 577 533 597 553
apple 664 414 698 450
apple 655 469 687 507
apple 699 510 729 545
apple 582 601 604 624
apple 650 604 681 643
apple 682 584 711 612
apple 699 597 730 630
apple 742 525 767 555
apple 462 89 486 107
apple 167 290 189 311
apple 172 304 196 328
apple 250 360 291 395
apple 324 347 344 376
apple 392 45 423 77
apple 458 127 477 143
apple 512 191 550 232
apple 480 229 505 256
apple 489 267 505 276
apple 517 284 532 312
apple 530 331 552 351
apple 860 696 870 716
apple 607 432 625 446
apple 631 471 646 490
