apple 90 353 115 387
apple 154 374 193 410
apple 297 347 328 381
apple 325 321 347 350
apple 327 351 353 381
apple 348 321 386 359
apple 355 502 390 530
apple 393 346 408 376
apple 414 351 454 387
apple 433 329 463 354
apple 443 293 476 317
apple 430 446 454 471
apple 519 516 544 526
apple 543 469 578 503
apple 541 408 567 438
apple 569 322 605 357
apple 602 297 634 328
apple 608 459 636 488
apple 673 430 710 466
apple 684 469 713 501
apple 741 225 769 252
apple 727 196 762 222
apple 855 256 886 292
apple 899 154 938 193
apple 937 175 975 214
apple 951 231 977 256
apple 961 212 980 236
apple 423 269 432 293
apple 420 302 430 318
apple 402 330 411 356
apple 298 446 328 472
apple 264 425 281 444
apple 525 193 558 217
apple 577 289 590 309
apple 645 276 665 300
apple 732 496 751 517
apple 600 486 630 500
apple 487 487 520 511
apple 631 386 653 406
apple 852 448 872 463
apple 981 696 1022 719
apple 1039 589 1067 616
apple 347 357 372 386
apple 791 0 821 14
apple 850 0 880 25
apple 926 551 943 573
apple 806 561 822 576
apple 712 424 743 456
apple 641 442 658 464
apple 455 436 487 467
apple 463 465 489 486
apple 494 452 527 481
