apple 151 355 198 402
apple 214 308 257 350
apple 217 296 250 316
apple 245 222 285 261
apple 243 261 281 291
apple 268 292 314 334
apple 287 395 317 428
apple 278 208 312 242
apple 313 216 339 251
apple 352 254 380 294
apple 368 374 405 411
apple 368 223 403 251
apple 381 256 409 287
apple 447 402 485 444
apple 451 442 484 473
apple 409 232 447 276
apple 407 213 434 234
apple 442 64 492 114
apple 465 44 496 85
apple 460 239 484 274
apple 443 257 463 282
apple 444 284 462 300
apple 472 271 507 315
apple 478 261 512 280
apple 514 319 544 345
apple 533 228 575 272
apple 552 380 586 426
apple 577 333 621 362
apple 585 369 619 404
apple 582 168 620 202
apple 575 212 600 248
apple 579 245 607 285
apple 598 94 648 126
apple 604 47 658 99
apple 543 1 587 35
apple 581 1 600 30
apple 605 432 647 477
apple 654 327 689 365
apple 681 437 721 481
apple 813 469 860 513
apple 816 584 845 621
apple 856 115 892 146
apple 799 313 832 347
apple 850 447 891 486
apple 290 337 322 368
apple 256 386 294 404
