apple 229 482 262 516
apple 254 426 289 453
apple 336 392 377 425
apple 336 421 367 437
apple 389 408 427 441
apple 395 354 427 381
apple 397 483 428 515
apple 438 367 466 393
apple 434 462 459 491
apple 504 443 541 481
apple 541 450 571 481
apple 478 351 509 388
apple 496 316 530 348
apple 525 340 544 362
apple 576 399 607 428
apple 605 481 629 512
apple 607 305 640 341
apple 665 400 692 429
apple 576 318 598 346
apple 623 370 650 401
apple 714 413 749 445
apple 789 479 811 501
apple 596 376 612 406
apple 910 389 950 432
apple 950 369 987 404
apple 614 458 641 480
apple 286 452 308 463
apple 337 475 359 502
apple 459 425 483 445
apple 629 358 658 374
apple 556 520 590 549
apple 643 497 664 535
apple 693 408 718 433
apple 750 402 763 421
apple 692 539 708 563
apple 675 600 701 630
apple 700 595 723 610
apple 725 594 757 615
apple 722 561 742 579
apple 768 543 790 568
apple 798 660 821 688
apple 1052 528 1095 572
apple 972 522 998 551
apple 864 371 893 393
apple 775 437 796 462
apple 789 412 806 432
apple 816 601 833 623
apple 799 562 813 586
apple 746 684 778 709
apple 690 191 706 211
