apple 383 137 420 171
apple 394 165 431 199
apple 461 186 490 213
apple 669 63 710 104
apple 649 86 683 130
apple 611 132 649 168
apple 557 222 588 258
apple 544 249 582 287
apple 646 266 671 291
apple 635 276 662 310
apple 701 461 733 491
apple 764 660 800 697
apple 838 669 873 701
apple 951 684 989 719
apple 347 200 379 230
apple 664 150 691 181
apple 812 342 848 375
apple 730 213 752 229
apple 854 220 870 235
apple 657 336 680 356
apple 916 424 940 447
apple 819 641 855 677
apple 378 221 403 245
apple 397 360 423 381
apple 534 101 544 117
apple 548 124 570 138
apple 546 188 573 204
apple 733 23 762 36
apple 688 96 715 122
apple 690 127 721 162
apple 715 125 734 151
apple 877 254 908 269
apple 793 544 817 568
apple 766 642 786 663
apple 800 673 822 688
apple 934 620 971 646
