apple 902 197 952 245
apple 907 241 945 263
apple 769 85 789 104
apple 785 99 815 119
apple 860 517 892 548
apple 887 506 903 525
apple 813 505 851 539
apple 720 339 742 362
apple 747 335 762 357
apple 712 363 741 392
apple 705 194 719 214
apple 587 307 617 336
apple 528 366 558 395
apple 558 349 580 378
apple 593 194 621 225
apple 622 209 636 225
apple 584 166 609 185
apple 569 193 597 216
apple 509 112 526 131
apple 497 220 530 248
apple 485 172 505 194
apple 490 297 503 311
apple 395 150 431 190
apple 376 263 401 292
apple 374 244 394 266
apple 332 235 365 267
apple 285 283 322 317
apple 291 253 323 282
apple 299 193 336 225
apple 293 165 328 197
apple 235 145 264 175
apple 178 205 210 234
apple 184 233 214 257
apple 186 257 218 273
apple 242 292 270 309
apple 409 286 439 307
apple 293 318 310 340
apple 313 358 331 378
apple 338 345 354 354
apple 589 30 617 56
apple 584 52 607 71
apple 762 361 802 389
apple 943 665 976 692
apple 700 559 724 581
apple 595 622 617 643
apple 608 682 633 705
apple 676 660 697 683
apple 698 669 723 702
apple 780 620 795 647
apple 33 297 73 336
apple 263 303 283 318
apple 417 200 452 236
apple 537 317 549 331
apple 700 177 718 200
apple 636 174 648 186
apple 865 662 898 706
