apple 1 448 21 481
apple 2 499 36 532
apple 31 485 60 512
apple 23 535 60 569
apple 28 610 57 639
apple 5 623 23 648
apple 88 527 123 554
apple 119 520 146 545
apple 141 497 171 527
apple 132 550 159 574
apple 92 565 116 590
apple 61 572 87 597
apple 67 626 95 656
apple 94 620 118 635
apple 154 673 179 700
apple 150 702 171 719
apple 187 634 218 664
apple 220 663 245 689
apple 232 645 260 672
apple 250 598 280 627
apple 229 570 245 594
apple 306 568 334 600
apple 331 471 359 498
apple 360 530 382 555
apple 372 594 399 623
apple 407 575 422 599
apple 439 669 466 701
apple 387 320 410 344
apple 416 434 442 458
apple 389 471 412 491
apple 425 270 444 292
apple 459 178 479 200
apple 467 193 486 210
apple 491 152 503 171
apple 503 92 527 116
apple 516 21 542 49
apple 506 61 536 89
apple 479 20 494 32
apple 469 1 492 15
apple 445 16 465 32
apple 550 59 576 85
apple 577 64 595 87
apple 601 11 625 36
apple 590 86 602 110
apple 457 384 481 408
apple 494 333 516 355
apple 514 400 531 411
apple 533 373 550 392
apple 560 298 588 325
apple 554 366 575 382
apple 654 16 671 35
apple 659 31 676 53
apple 691 32 715 50
apple 701 240 727 281
apple 676 213 695 240
apple 502 473 529 499
apple 500 499 528 528
apple 493 560 523 577
apple 502 577 532 599
apple 538 568 552 596
apple 580 568 604 587
apple 560 482 596 504
apple 580 507 613 523
apple 618 501 636 525
apple 641 569 654 589
apple 658 481 679 504
apple 690 408 730 455
apple 744 363 796 415
apple 782 369 817 415
apple 794 315 850 367
apple 843 45 903 107
apple 831 130 881 176
apple 890 112 927 148
apple 857 204 893 241
apple 890 182 911 216
apple 820 242 847 268
apple 835 255 860 293
apple 814 289 842 320
apple 773 275 803 304
apple 833 359 861 392
apple 823 453 859 487
apple 939 200 974 238
apple 939 296 969 332
apple 883 292 897 307
apple 998 445 1047 487
apple 975 476 1013 511
apple 941 512 977 533
apple 919 555 948 584
apple 972 609 1012 639
apple 913 684 953 719
apple 950 703 977 719
apple 449 450 466 471
