apple 216 281 251 323
apple 361 244 387 274
apple 476 246 513 284
apple 640 196 673 226
apple 471 157 497 181
apple 495 116 522 140
apple 424 96 447 120
apple 418 128 448 146
apple 448 18 470 34
apple 704 12 727 31
apple 796 124 829 169
apple 713 168 755 218
apple 652 316 675 339
apple 800 327 827 360
apple 786 360 806 378
apple 678 438 709 469
apple 693 419 710 445
apple 639 516 656 543
apple 448 1 469 15
apple 632 16 654 41
apple 719 327 746 348
apple 658 364 675 388
apple 593 517 618 543
