apple 82 83 117 119
apple 96 102 140 137
apple 121 89 153 122
apple 126 59 165 95
apple 152 29 187 63
apple 188 73 232 112
apple 189 103 226 127
apple 188 37 217 46
apple 181 59 212 79
apple 227 64 265 95
apple 247 11 291 49
apple 242 110 278 144
apple 265 87 304 128
apple 287 59 331 99
apple 306 130 335 156
apple 323 28 355 49
apple 405 1 408 8
apple 378 0 402 17
apple 338 118 370 144
apple 353 108 377 133
apple 393 191 428 226
apple 433 246 465 279
apple 448 258 484 288
apple 424 135 453 161
apple 431 121 456 142
apple 450 104 482 137
apple 471 129 492 152
apple 503 82 535 107
apple 505 64 539 87
apple 568 216 602 251
apple 594 260 624 288
apple 599 230 635 261
apple 590 194 620 230
apple 616 208 636 229
apple 595 18 624 52
apple 653 111 685 151
apple 673 125 713 165
apple 714 184 734 206
apple 729 128 766 166
apple 767 113 800 151
apple 707 63 726 79
apple 844 113 881 143
apple 853 141 887 170
apple 873 99 912 137
apple 884 89 908 98
apple 797 0 830 26
apple 751 30 780 52
apple 926 78 962 118
apple 975 81 1022 119
apple 1041 94 1086 142
apple 977 154 1001 182
apple 967 181 991 199
apple 958 191 978 209
apple 1139 139 1193 179
apple 220 710 260 719
apple 253 701 294 719
apple 493 640 525 667
apple 667 509 713 546
apple 665 550 709 589
apple 739 564 790 620
apple 1057 448 1099 505
apple 531 153 560 189
apple 806 66 824 85
apple 748 59 762 84
apple 1019 119 1042 149
apple 1139 197 1178 232
