apple 36 499 82 534
apple 41 470 97 500
apple 83 469 120 507
apple 83 503 117 523
apple 147 382 183 394
apple 177 409 204 441
apple 151 408 187 447
apple 159 454 195 487
apple 145 481 169 506
apple 214 409 238 444
apple 219 444 247 477
apple 193 480 223 496
apple 316 614 363 663
apple 257 393 300 427
apple 235 427 255 464
apple 287 309 319 351
apple 326 279 359 312
apple 336 519 361 542
apple 343 496 374 525
apple 368 539 405 570
apple 373 501 421 549
apple 386 446 418 475
apple 374 480 408 513
apple 475 533 507 569
apple 370 303 404 332
apple 387 350 412 367
apple 419 446 451 462
apple 435 460 470 479
apple 481 464 501 490
apple 408 301 441 329
apple 432 348 475 387
apple 471 332 509 367
apple 473 275 508 311
apple 495 258 533 290
apple 558 274 577 289
apple 574 310 602 348
apple 590 487 619 523
apple 614 529 649 568
apple 614 564 645 590
apple 609 594 649 633
apple 603 627 636 656
apple 625 693 640 718
apple 687 443 736 492
apple 714 543 758 584
apple 711 587 758 624
apple 665 693 706 719
apple 718 683 749 716
apple 745 678 778 707
apple 755 637 797 677
apple 758 597 785 636
apple 777 304 808 339
apple 711 291 742 330
apple 699 254 723 273
apple 706 214 744 250
apple 709 190 740 213
apple 772 59 801 86
apple 767 97 787 123
apple 808 223 835 254
apple 754 441 768 469
apple 774 465 801 482
apple 843 495 870 511
apple 914 531 944 554
apple 988 568 1026 612
apple 953 414 997 450
apple 1121 417 1167 465
apple 883 677 914 707
apple 972 642 997 667
apple 929 594 955 613
apple 980 666 1000 698
apple 910 260 948 299
apple 920 235 948 272
apple 937 278 974 314
apple 975 200 1020 240
apple 935 198 972 242
apple 1021 541 1040 563
apple 1020 170 1053 212
apple 1046 124 1077 148
apple 1053 147 1087 189
apple 1067 187 1107 232
apple 1069 224 1084 249
apple 1187 257 1218 288
apple 1168 370 1192 396
apple 1236 666 1274 708
apple 1253 512 1279 549
apple 747 341 775 375
apple 906 148 923 170
apple 1195 118 1213 136
apple 966 530 998 555
apple 1032 338 1050 357
apple 1021 454 1050 481
apple 656 560 668 583
apple 594 293 613 320
apple 630 461 645 479
