apple 252 538 293 581
apple 235 562 280 612
apple 292 601 324 642
apple 269 691 303 718
apple 389 350 425 380
apple 410 420 440 454
apple 333 611 366 655
apple 362 660 398 694
apple 349 700 380 719
apple 376 563 423 619
apple 441 628 471 652
apple 428 597 473 633
apple 444 520 465 542
apple 514 538 560 575
apple 450 706 481 719
apple 540 502 574 533
apple 580 476 616 503
apple 587 438 620 473
apple 618 440 644 457
apple 626 408 655 444
apple 618 374 659 404
apple 651 542 678 570
apple 585 606 613 628
apple 599 652 631 678
apple 690 411 724 433
apple 711 355 746 387
apple 741 4 774 52
apple 976 470 1012 510
apple 1037 478 1080 522
apple 760 600 800 628
apple 343 484 366 501
apple 421 453 436 483
apple 448 564 479 579
apple 145 693 181 719
apple 472 670 500 711
apple 537 692 558 719
apple 491 706 529 719
apple 663 0 696 9
apple 727 0 752 23
apple 881 1 929 48
apple 849 8 876 17
apple 910 297 952 338
apple 968 355 1007 379
apple 916 394 929 407
apple 1081 360 1119 397
apple 1034 675 1070 711
apple 989 683 1021 717
apple 944 639 953 650
apple 987 625 1015 659
apple 776 677 816 719
