apple 973 67 1001 87
apple 799 7 818 29
apple 762 394 779 422
apple 745 386 760 409
apple 670 38 697 67
apple 682 24 702 38
apple 615 41 640 68
apple 597 18 622 47
apple 544 25 571 48
apple 535 0 558 18
apple 436 36 466 64
apple 365 1 391 9
apple 460 419 488 446
apple 448 390 478 420
apple 364 383 388 404
apple 270 277 309 310
apple 297 233 326 265
apple 301 264 325 298
apple 337 270 359 298
apple 999 43 1016 57
apple 574 1 595 23
apple 1089 74 1130 105
apple 1055 189 1089 223
apple 976 689 995 701
apple 265 238 287 268
apple 510 0 524 13
apple 602 1 634 9
apple 589 48 615 69
apple 566 34 596 58
