apple 618 328 645 357
apple 727 561 758 589
apple 655 563 674 591
apple 654 512 681 539
apple 621 564 637 583
apple 608 606 634 628
apple 635 80 667 112
apple 602 120 632 145
apple 634 27 657 52
apple 630 58 654 81
apple 487 145 517 168
apple 425 133 451 162
apple 442 183 469 202
apple 465 272 490 292
apple 371 462 389 482
apple 418 297 442 324
apple 394 167 423 200
apple 603 685 636 714
apple 468 699 492 718
apple 539 701 560 719
apple 246 100 271 123
apple 152 55 174 83
apple 198 16 222 43
apple 192 59 212 81
apple 219 2 240 24
apple 253 27 283 52
apple 301 3 319 25
apple 366 21 385 45
apple 206 163 229 185
apple 224 109 251 136
apple 173 248 198 270
apple 204 267 229 289
apple 173 144 197 166
apple 273 205 295 231
apple 234 133 259 151
apple 208 219 229 245
apple 184 229 202 249
apple 253 388 276 414
apple 326 438 345 454
apple 266 171 287 203
apple 254 70 276 92
apple 529 217 547 235
apple 296 325 317 341
apple 245 206 266 231
apple 246 46 256 72
apple 363 1 381 23
apple 330 191 352 208
apple 371 212 391 236
apple 326 262 355 289
apple 238 267 265 296
apple 210 176 235 199
apple 148 131 169 157
apple 127 140 145 159
apple 208 140 232 153
apple 230 151 247 163
apple 204 88 239 113
apple 253 336 276 351
apple 317 363 342 387
apple 374 430 388 449
apple 391 391 407 419
apple 407 483 421 499
apple 502 685 520 708
apple 630 379 646 392
apple 708 563 724 584
apple 726 551 748 566
apple 613 644 632 661
apple 572 650 590 661
apple 572 686 588 707
apple 564 707 585 719
apple 485 284 507 306
