apple 114 300 155 332
apple 188 353 223 398
apple 174 341 202 372
apple 182 279 209 318
apple 282 462 318 496
apple 315 294 351 333
apple 353 349 391 387
apple 340 391 373 415
apple 433 276 465 312
apple 422 161 453 189
apple 470 183 488 210
apple 499 227 540 262
apple 535 238 559 256
apple 523 279 556 321
apple 518 260 541 288
apple 499 353 535 395
apple 458 700 507 719
apple 511 682 537 710
apple 510 635 532 659
apple 525 599 548 627
apple 551 565 575 587
apple 569 636 595 659
apple 547 628 565 644
apple 578 550 596 570
apple 562 284 594 319
apple 576 114 614 157
apple 593 173 625 207
apple 605 447 633 470
apple 670 504 691 526
apple 672 430 706 477
apple 639 397 677 436
apple 693 313 719 348
apple 722 356 748 395
apple 664 225 697 262
apple 658 181 691 215
apple 594 14 619 39
apple 771 336 808 374
apple 787 445 827 487
apple 853 484 879 504
apple 919 363 960 405
apple 919 533 955 567
apple 906 167 943 202
apple 857 111 875 134
apple 731 690 755 716
apple 913 677 941 705
apple 409 178 434 201
apple 169 320 192 332
apple 287 301 319 333
apple 317 367 357 399
apple 823 398 837 427
apple 912 433 939 459
apple 917 404 944 421
apple 1148 656 1178 687
apple 1146 697 1170 714
apple 431 313 461 339
