apple 198 61 225 90
apple 324 0 340 16
apple 349 15 374 39
apple 360 4 378 19
apple 377 2 399 21
apple 365 25 394 57
apple 369 56 394 84
apple 342 40 372 74
apple 397 10 420 36
apple 285 235 316 265
apple 250 244 279 269
apple 276 264 306 292
apple 274 291 303 323
apple 291 311 323 342
apple 258 331 282 359
apple 258 368 270 386
apple 296 380 329 412
apple 300 360 331 381
apple 319 342 339 367
apple 306 271 337 295
apple 383 432 398 452
apple 543 108 563 130
apple 580 92 607 115
apple 611 135 635 166
apple 512 414 541 436
apple 507 437 539 465
apple 473 684 534 719
apple 583 625 620 640
apple 651 165 681 193
apple 652 189 683 225
apple 677 217 725 267
apple 700 290 740 338
apple 740 69 777 109
apple 742 190 791 238
apple 771 282 801 315
apple 652 441 711 501
apple 635 497 644 514
apple 634 510 695 572
apple 799 447 835 484
apple 789 484 827 521
apple 862 473 878 501
apple 837 30 865 59
apple 819 1 857 12
apple 238 329 260 352
apple 354 126 372 145
apple 544 7 563 28
apple 441 131 455 146
apple 415 135 434 148
apple 390 165 412 181
apple 408 159 425 174
apple 418 186 437 203
apple 407 195 422 214
apple 376 179 392 192
apple 322 170 336 188
apple 449 215 461 232
apple 450 160 463 175
apple 431 213 444 224
apple 351 275 376 301
apple 292 123 305 135
apple 274 144 284 155
apple 293 85 306 97
apple 292 109 304 122
apple 302 116 309 125
apple 394 115 411 131
apple 517 153 527 165
