apple 722 400 754 429
apple 555 505 598 540
apple 652 489 681 518
apple 685 426 708 453
apple 716 346 746 374
apple 719 381 741 402
apple 489 499 524 533
apple 628 165 652 187
apple 586 191 605 217
apple 595 117 621 143
apple 533 109 563 138
apple 567 56 588 76
apple 555 2 577 22
apple 399 463 433 494
apple 472 434 498 453
apple 372 628 408 654
apple 307 618 329 640
apple 295 654 317 683
apple 237 471 266 501
apple 242 568 268 592
apple 207 546 234 570
apple 223 293 255 321
apple 173 326 202 353
apple 219 337 243 359
apple 275 182 301 207
apple 292 306 316 325
apple 257 420 288 448
apple 297 336 319 365
apple 272 355 300 376
apple 285 412 314 434
apple 313 464 337 491
apple 407 269 427 293
apple 336 277 360 301
apple 251 271 269 297
apple 244 346 269 370
apple 176 414 202 442
apple 153 414 173 440
apple 286 378 315 403
apple 220 522 244 540
apple 288 475 314 495
apple 188 396 207 413
apple 599 33 614 52
apple 279 320 295 344
apple 257 335 281 356
apple 235 390 263 425
apple 200 453 233 477
apple 275 567 307 596
apple 297 586 316 616
apple 349 593 361 615
apple 305 433 328 453
apple 266 459 297 483
apple 246 371 257 392
apple 401 248 428 272
apple 401 208 413 232
apple 393 228 412 252
apple 408 36 426 56
apple 399 11 411 22
apple 459 445 473 464
apple 415 342 437 369
apple 340 441 357 458
apple 444 654 469 673
apple 430 690 441 714
apple 433 652 444 664
apple 450 549 487 579
apple 512 553 534 570
apple 607 149 630 167
apple 581 251 607 273
apple 659 313 677 330
apple 622 317 646 340
apple 602 434 622 453
apple 568 464 591 488
apple 597 490 618 509
apple 607 516 621 527
apple 661 661 697 699
apple 410 539 426 550
apple 366 441 386 455
