apple 922 108 955 133
apple 754 45 778 69
apple 738 1 762 17
apple 708 0 739 12
apple 692 421 716 453
apple 628 75 655 105
apple 644 52 668 79
apple 574 71 600 96
apple 554 2 585 39
apple 527 63 554 87
apple 538 28 557 54
apple 496 1 521 39
apple 472 14 490 38
apple 399 64 429 90
apple 344 6 373 25
apple 405 441 439 469
apple 395 412 428 440
apple 311 407 337 427
apple 221 314 261 349
apple 248 267 280 298
apple 250 298 275 328
apple 290 309 301 336
apple 550 52 581 96
apple 215 289 241 310
apple 217 271 229 289
apple 514 48 535 73
apple 944 86 966 101
apple 1040 113 1079 143
apple 994 232 1030 262
