apple 21 11 53 36
apple 49 2 82 27
apple 87 25 109 51
apple 129 10 156 38
apple 22 43 49 71
apple 30 65 68 101
apple 167 91 194 114
apple 233 48 256 65
apple 296 39 329 70
apple 241 108 282 146
apple 256 147 283 162
apple 328 71 343 88
apple 311 83 352 126
apple 57 174 102 211
apple 46 234 63 248
apple 153 173 198 215
apple 308 203 347 238
apple 250 232 295 278
apple 140 269 181 302
apple 83 294 128 339
apple 151 299 199 335
apple 230 336 240 350
apple 761 127 778 138
apple 672 110 698 125
apple 753 191 765 206
apple 809 32 845 68
apple 858 130 892 166
apple 979 0 1021 34
apple 322 290 356 324
apple 343 322 362 350
apple 329 272 355 292
apple 742 289 777 319
apple 799 287 839 330
apple 934 252 975 286
apple 942 299 987 339
apple 835 340 871 380
apple 870 334 894 363
apple 885 350 926 383
apple 865 372 894 415
apple 892 476 923 504
apple 836 497 876 534
apple 733 602 761 631
apple 22 365 51 389
apple 1 382 35 410
apple 20 410 40 424
apple 22 460 56 492
apple 33 489 67 525
apple 57 469 82 499
apple 1 590 15 617
apple 30 635 64 660
apple 48 665 74 682
apple 70 616 100 643
apple 112 613 140 638
apple 143 650 168 675
apple 192 634 233 672
apple 216 707 232 719
apple 285 662 316 699
apple 297 696 322 719
apple 93 491 118 517
apple 148 478 172 500
apple 172 367 196 391
apple 165 412 189 434
apple 191 416 209 433
apple 196 433 217 455
apple 175 459 197 484
apple 222 443 240 460
apple 203 529 227 549
apple 298 489 326 512
apple 593 669 626 681
apple 525 588 545 613
apple 72 520 97 545
apple 733 430 755 448
apple 416 516 439 548
apple 380 539 411 571
apple 343 586 385 626
apple 374 598 414 643
apple 409 628 444 665
apple 462 652 484 665
apple 107 59 137 79
apple 71 450 100 479
apple 68 414 81 431
apple 0 346 18 371
apple 0 472 13 502
apple 2 502 24 521
apple 21 670 39 688
apple 178 485 201 509
apple 895 256 933 295
apple 241 695 261 719
