apple 0.99975926 438 265 476 307
apple 0.9995277 367 508 402 551
apple 0.9994066 449 343 490 383
apple 0.9993168 62 454 97 489
apple 0.99925834 522 426 559 465
apple 0.9992512 23 80 50 111
apple 0.9991405 535 294 564 323
apple 0.99902976 182 902 238 950
apple 0.99898714 87 302 123 337
apple 0.99886775 172 327 208 362
apple 0.9987896 51 82 79 111
apple 0.99872005 406 172 435 207
apple 0.9986765 297 85 336 122
apple 0.9985973 565 296 590 323
apple 0.9985808 188 730 238 773
apple 0.99857426 177 105 201 131
apple 0.9984968 316 133 351 171
apple 0.9984896 253 156 286 190
apple 0.99841464 671 201 703 231
apple 0.99809664 668 304 696 331
apple 0.9980311 259 279 286 305
apple 0.9980028 511 824 535 847
apple 0.9979474 52 140 78 169
apple 0.99789494 638 697 676 734
apple 0.9977344 625 765 655 799
apple 0.99766254 685 783 719 821
apple 0.99731123 649 556 674 576
apple 0.99708873 278 729 308 760
apple 0.9968226 41 427 75 463
apple 0.99681395 559 330 587 353
apple 0.9965251 76 151 109 180
apple 0.99614966 187 218 210 242
apple 0.99593604 179 295 219 327
apple 0.99525553 375 467 408 502
apple 0.99523634 339 738 376 773
