apple 0.9995158 278 179 310 212
apple 0.99944645 651 705 698 746
apple 0.9994185 565 236 600 271
apple 0.9993449 334 415 364 443
apple 0.9992847 375 172 413 209
apple 0.9991811 431 176 464 209
apple 0.9991604 474 441 497 465
apple 0.99914384 279 141 309 178
apple 0.9988978 9 778 51 815
apple 0.99870837 113 510 137 534
apple 0.99868244 457 427 481 451
apple 0.99854004 288 95 317 123
apple 0.9983329 580 272 610 305
apple 0.998317 101 554 130 579
apple 0.9982748 353 160 381 194
apple 0.9981211 233 256 262 286
apple 0.9979742 287 213 316 239
apple 0.9979134 532 244 564 274
apple 0.99747723 459 189 493 222
apple 0.99733114 518 177 547 208
apple 0.9971258 471 544 498 573
apple 0.99698156 239 639 273 674
apple 0.99679166 355 464 389 499
apple 0.9962393 435 833 471 870
apple 0.99623483 389 412 418 435
apple 0.995488 537 206 566 234
apple 0.99542797 269 247 293 271
apple 0.99506855 438 426 460 448
apple 0.99389255 438 547 465 574
apple 0.9937577 451 447 472 469
apple 0.9935574 243 675 265 700
apple 0.99339914 267 93 289 120
apple 0.99322826 426 130 454 160
apple 0.993159 310 56 343 89
apple 0.9927013 232 705 271 738
