apple 0.99978465 410 1011 455 1065
apple 0.99976236 324 367 362 404
apple 0.9995981 366 251 397 286
apple 0.99922943 528 14 563 52
apple 0.9991653 672 959 706 995
apple 0.999057 511 609 541 638
apple 0.9989544 444 108 480 148
apple 0.9988506 402 365 431 401
apple 0.998814 448 666 479 699
apple 0.9987577 352 675 383 707
apple 0.9986614 309 309 343 342
apple 0.998563 430 361 465 399
apple 0.9984346 676 909 715 948
apple 0.9984333 307 473 343 511
apple 0.99774987 498 797 527 825
apple 0.99759644 423 452 456 484
apple 0.99718434 353 378 383 414
apple 0.99567646 373 404 409 439
apple 0.9953436 501 16 528 48
apple 0.9951309 489 634 524 665
apple 0.9947413 317 784 348 816
apple 0.9919593 222 879 248 904
apple 0.98960555 333 700 358 736
apple 0.9848962 263 582 289 607
apple 0.9844208 306 666 343 695
apple 0.98426545 356 499 387 531
apple 0.9839161 338 653 368 677
apple 0.9715314 376 577 403 609
apple 0.9665678 328 564 353 588
apple 0.95921427 398 256 423 294
apple 0.95788926 475 363 490 387
apple 0.9558016 154 656 186 686
apple 0.9533162 592 1179 618 1200
apple 0.9522866 525 532 543 554
apple 0.9410829 481 805 499 827
