apple 0.9996056 17 506 52 539
apple 0.9990294 306 178 341 215
apple 0.99885964 5 656 40 690
apple 0.99855953 84 353 112 386
apple 0.9984862 432 357 458 389
apple 0.9984042 87 482 112 511
apple 0.9983367 266 204 298 234
apple 0.997617 95 529 123 557
apple 0.99749506 23 296 50 328
apple 0.99652964 22 450 58 483
apple 0.99566734 422 657 460 693
apple 0.99407214 97 583 130 610
apple 0.99304116 459 370 487 400
apple 0.992234 78 594 100 619
apple 0.9887728 423 270 446 298
apple 0.98859954 243 952 271 985
apple 0.9884117 295 206 324 231
apple 0.98727137 75 509 101 535
apple 0.9865335 66 707 91 730
apple 0.978574 54 491 75 513
apple 0.978454 129 991 161 1022
apple 0.970447 72 466 96 491
apple 0.9579597 297 244 321 272
apple 0.95716506 272 170 299 195
apple 0.9530474 126 876 148 903
apple 0.95222706 102 896 120 918
apple 0.93527013 35 426 60 444
apple 0.9126248 2 691 30 720
apple 0.89534605 17 264 34 284
apple 0.89020044 39 686 60 703
apple 0.8697496 41 529 61 549
apple 0.8338235 0 533 8 554
apple 0.81691504 2 534 31 567
apple 0.78860015 177 987 189 1007
apple 0.7031306 224 892 246 911
