apple 0.9998161 171 749 209 785
apple 0.9991904 42 574 80 607
apple 0.9990134 118 789 155 825
apple 0.9987888 118 612 153 645
apple 0.99875677 216 823 249 860
apple 0.9984768 609 527 644 563
apple 0.9970764 551 709 580 733
apple 0.99707496 236 860 274 890
apple 0.99673826 612 721 639 748
apple 0.9965417 491 749 519 773
apple 0.99622667 16 833 48 858
apple 0.9962198 119 557 158 591
apple 0.9954607 161 820 193 849
apple 0.99532616 86 501 111 526
apple 0.99446446 607 691 632 719
apple 0.99348724 29 931 56 962
apple 0.9912307 546 782 578 801
apple 0.990659 64 935 95 963
apple 0.989493 53 690 72 706
apple 0.989465 86 855 112 880
apple 0.9893287 260 800 296 827
apple 0.98920083 134 647 169 679
apple 0.9842114 704 746 719 776
apple 0.9805906 691 647 716 674
apple 0.9797237 461 770 488 791
apple 0.9769085 592 545 622 570
apple 0.9753091 699 671 718 698
apple 0.9746072 618 750 644 769
apple 0.97247225 87 539 105 559
apple 0.9684572 465 793 486 815
apple 0.96821547 59 761 101 797
apple 0.96373016 72 608 104 632
apple 0.96237874 108 805 129 831
apple 0.9587184 676 753 707 781
apple 0.9535787 444 802 472 819
