apple 0.99799144 398 412 427 436
apple 0.9970482 248 730 282 760
apple 0.9957339 650 796 675 823
apple 0.9942695 293 777 323 802
apple 0.9942345 501 574 525 600
apple 0.9893646 29 776 56 809
apple 0.988937 362 571 385 600
apple 0.9841892 346 669 376 703
apple 0.9769002 85 714 110 735
apple 0.9734407 271 450 297 477
apple 0.97017246 7 739 36 767
apple 0.9584735 390 573 412 598
apple 0.95626676 385 430 405 452
apple 0.9512644 577 787 601 817
apple 0.9041113 446 446 471 474
apple 0.8776208 423 572 448 596
apple 0.8316701 505 662 523 682
apple 0.82918537 434 451 454 480
apple 0.82099265 485 556 501 585
apple 0.81671447 1 758 23 782
apple 0.76249605 329 574 351 597
apple 0.74585 104 790 121 814
apple 0.7361191 597 793 621 821
apple 0.7310849 475 540 493 566
apple 0.7268228 314 793 339 813
apple 0.66132075 467 454 483 473
apple 0.63844514 543 396 571 420
apple 0.6374779 395 825 419 850
apple 0.48992565 126 798 148 821
apple 0.4386791 423 495 440 516
apple 0.37566286 320 791 338 804
apple 0.3367894 88 867 104 889
apple 0.33121124 576 787 626 820
apple 0.26636174 23 675 45 698
apple 0.2546574 265 793 279 832
