apple 0.9998529 346 278 381 313
apple 0.9997832 422 660 462 699
apple 0.9996076 319 332 356 371
apple 0.999592 466 530 503 568
apple 0.99957496 166 926 208 966
apple 0.9994326 317 557 351 593
apple 0.9992537 504 340 531 372
apple 0.9988971 249 843 286 877
apple 0.99858177 468 670 498 701
apple 0.99844164 349 312 380 339
apple 0.9979792 289 590 321 621
apple 0.99782 186 719 215 753
apple 0.9974618 215 727 247 758
apple 0.9974528 456 598 486 627
apple 0.99685186 440 419 469 445
apple 0.99678147 695 977 718 1015
apple 0.9958748 379 141 412 179
apple 0.9957236 402 527 434 555
apple 0.9955968 183 515 207 543
apple 0.99500257 345 397 381 435
apple 0.99486583 283 429 309 459
apple 0.99451655 144 892 179 930
apple 0.99319166 323 418 349 448
apple 0.99161386 220 938 249 968
apple 0.99095225 321 307 346 327
apple 0.99022806 443 283 467 311
apple 0.98645324 422 698 455 732
apple 0.9845398 490 476 509 507
apple 0.9837038 271 633 293 652
apple 0.98019373 444 443 483 472
apple 0.9784006 452 483 479 513
apple 0.9732054 0 838 12 864
apple 0.9687375 491 719 511 740
apple 0.9625818 582 1030 608 1059
apple 0.95888996 355 68 388 95
