apple 0.9996736 100 618 142 657
apple 0.9992156 556 662 584 689
apple 0.9991424 627 325 655 353
apple 0.9991399 501 146 524 172
apple 0.9990671 436 837 466 869
apple 0.9989905 294 195 316 216
apple 0.9989849 629 732 656 759
apple 0.9987656 398 490 423 516
apple 0.9986987 541 382 564 408
apple 0.99865544 399 687 432 718
apple 0.9984633 335 648 367 677
apple 0.9984236 646 756 680 786
apple 0.998409 420 476 444 505
apple 0.99835193 308 174 333 197
apple 0.9983169 418 450 440 475
apple 0.9981261 504 321 528 342
apple 0.9978521 333 126 358 151
apple 0.997715 262 138 284 161
apple 0.9976174 425 199 448 221
apple 0.997575 399 183 420 206
apple 0.99731904 259 553 286 581
apple 0.99725854 473 170 494 192
apple 0.9969926 53 560 77 590
apple 0.9967872 445 167 469 190
apple 0.9964915 365 332 391 358
apple 0.9961546 537 480 561 503
apple 0.99609035 586 248 609 274
apple 0.9956345 172 587 194 610
apple 0.9955135 106 561 143 595
apple 0.99550277 151 303 180 328
apple 0.9954177 525 147 543 171
apple 0.99523675 650 207 677 232
apple 0.9948192 508 447 533 469
apple 0.9946285 542 501 567 523
apple 0.99441284 416 424 442 447
