apple 0.9997335 345 452 377 484
apple 0.99941015 397 1154 443 1205
apple 0.99939394 454 408 487 440
apple 0.99930835 332 476 363 505
apple 0.9992957 349 364 375 389
apple 0.9990233 62 958 96 992
apple 0.9989687 234 470 262 501
apple 0.9988919 213 588 245 620
apple 0.998825 268 215 300 240
apple 0.9987325 458 561 493 592
apple 0.9986291 180 567 211 597
apple 0.99851376 304 463 329 487
apple 0.9984847 679 644 715 679
apple 0.99846727 248 363 281 392
apple 0.9984409 428 364 460 398
apple 0.99742705 173 847 203 875
apple 0.9970132 390 370 418 398
apple 0.9965844 329 179 358 207
apple 0.996293 308 653 333 678
apple 0.99594444 361 84 392 121
apple 0.99575824 387 871 421 902
apple 0.9950117 324 118 347 141
apple 0.9949773 416 1059 459 1103
apple 0.99412197 244 571 266 593
apple 0.9937169 280 253 305 280
apple 0.9935522 256 253 279 278
apple 0.9929027 197 532 224 555
apple 0.9926046 358 338 385 366
apple 0.99194556 259 591 283 608
apple 0.9919429 394 218 420 245
apple 0.9904585 241 706 267 731
apple 0.98681843 72 651 99 677
apple 0.98310214 169 611 201 639
apple 0.98130304 234 332 257 363
apple 0.9795267 674 1060 701 1086
