orange 0.625977 124 592 154 622
orange 0.608398 265 370 292 398
orange 0.587891 464 570 490 600
orange 0.564941 582 1211 611 1245
orange 0.555664 328 626 358 652
orange 0.518066 94 218 118 244
orange 0.503906 193 284 216 309
orange 0.490967 76 190 100 216
orange 0.478760 381 626 406 648
orange 0.463867 494 448 516 472
orange 0.458496 548 336 570 360
orange 0.452393 381 594 401 614
orange 0.426514 678 470 708 499
orange 0.395996 205 383 234 412
orange 0.395020 553 618 577 642
orange 0.355713 650 834 686 866
orange 0.328613 0 220 26 252
apple 0.327637 0 220 26 254
orange 0.325439 258 326 278 346
orange 0.324707 224 432 250 451
orange 0.314697 467 542 491 558
orange 0.306641 520 777 542 796
orange 0.297363 496 772 516 794
orange 0.261719 61 726 82 746
