apple 0.682129 372 218 406 251
apple 0.643066 274 888 305 926
apple 0.630859 298 377 337 414
apple 0.625977 340 487 380 526
apple 0.596191 380 380 410 416
apple 0.559082 319 244 345 277
apple 0.551270 296 558 331 592
apple 0.548828 323 1044 356 1084
orange 0.538086 420 537 453 574
apple 0.518555 18 1014 52 1050
apple 0.499268 315 322 350 358
apple 0.395020 420 536 453 573
apple 0.357178 347 524 376 552
apple 0.350098 247 464 288 495
orange 0.344971 319 244 345 276
apple 0.334473 292 328 316 362
orange 0.318604 298 644 328 675
orange 0.289795 371 768 395 788
orange 0.283203 367 318 399 348
apple 0.281250 317 970 338 994
