orange 0.631836 666 698 714 740
orange 0.608398 624 792 668 834
orange 0.597168 288 390 326 428
orange 0.543457 420 722 459 760
orange 0.534668 494 720 536 756
apple 0.529297 79 97 127 136
orange 0.504883 654 868 696 904
orange 0.443848 636 756 672 790
orange 0.442627 214 309 254 348
apple 0.442383 201 232 239 274
apple 0.441406 27 662 59 692
apple 0.368652 103 460 138 502
orange 0.329834 201 232 240 274
orange 0.326660 369 459 391 482
orange 0.319092 565 682 601 720
orange 0.317383 386 646 419 680
apple 0.311523 88 670 124 706
orange 0.289795 402 370 430 396
orange 0.272949 0 466 27 502
apple 0.269775 456 180 486 208
apple 0.267578 77 227 104 254
orange 0.262939 336 259 365 290
apple 0.258301 214 309 255 347
orange 0.256348 480 514 502 536
apple 0.254883 52 112 84 146
