orange 0.695312 163 1222 206 1262
apple 0.648438 173 1044 214 1086
apple 0.591797 172 920 216 967
apple 0.543945 304 1057 337 1087
orange 0.527344 70 1067 106 1105
orange 0.506836 602 599 631 624
apple 0.490967 56 548 84 580
apple 0.490234 102 680 132 706
apple 0.470947 586 990 618 1020
orange 0.468506 36 1121 71 1155
orange 0.466553 207 1148 246 1188
orange 0.462891 191 1132 224 1164
apple 0.368652 632 988 665 1018
orange 0.366699 700 742 720 768
orange 0.360107 696 493 720 522
orange 0.358887 98 587 130 614
orange 0.349365 102 679 132 706
orange 0.314941 87 1177 120 1207
orange 0.294189 243 1164 277 1192
orange 0.280273 38 1167 75 1199
apple 0.271973 700 742 720 768
