apple 0.647949 60 670 99 712
apple 0.621094 229 558 260 588
apple 0.551270 86 648 126 684
apple 0.543457 183 456 216 485
apple 0.535156 166 394 201 430
apple 0.521973 659 764 696 800
apple 0.489014 266 644 294 673
apple 0.413574 463 700 493 732
apple 0.410156 204 352 225 376
apple 0.395508 136 386 170 422
apple 0.359375 469 1096 517 1156
apple 0.349609 552 1030 580 1058
orange 0.344971 487 916 511 940
apple 0.318604 123 690 164 728
apple 0.310791 487 916 511 940
orange 0.307861 26 351 50 370
apple 0.303955 578 1058 612 1092
apple 0.287842 688 956 719 986
orange 0.285645 688 956 720 986
orange 0.255615 354 822 377 844
