apple 0.769043 475 348 514 397
apple 0.746094 318 210 360 254
apple 0.723633 249 298 287 338
apple 0.716797 332 113 373 152
apple 0.668457 433 311 458 340
apple 0.655273 278 174 311 210
apple 0.642090 369 166 394 198
apple 0.630371 357 851 392 885
apple 0.623047 379 227 412 255
apple 0.611816 341 418 378 451
apple 0.594238 355 759 398 792
apple 0.592285 434 477 525 544
apple 0.579102 391 632 415 658
apple 0.534180 344 188 378 224
apple 0.504395 288 80 306 116
apple 0.496338 238 582 273 622
apple 0.488037 154 421 178 448
apple 0.483887 370 554 404 590
apple 0.481445 372 349 404 390
apple 0.469971 461 480 490 512
apple 0.459473 201 576 238 612
apple 0.458252 263 504 302 540
apple 0.442627 425 1000 451 1042
apple 0.438232 250 662 298 720
orange 0.423096 391 630 415 658
apple 0.392822 362 27 392 64
apple 0.390137 544 1103 576 1135
apple 0.365723 496 500 525 532
apple 0.358643 220 714 245 739
apple 0.343750 401 747 424 770
apple 0.341064 374 661 401 691
apple 0.332520 8 572 31 610
apple 0.318359 202 580 272 620
apple 0.301270 391 582 415 610
apple 0.299316 381 906 408 946
