orange 0.599609 391 360 431 399
apple 0.572266 256 152 302 192
apple 0.556152 379 283 418 326
apple 0.524902 110 894 165 942
orange 0.516602 460 439 499 480
orange 0.494141 610 784 651 824
apple 0.486084 612 224 646 251
orange 0.474121 47 312 83 347
apple 0.451172 126 336 165 370
apple 0.442871 303 514 336 556
apple 0.407227 216 728 247 760
apple 0.370850 696 196 720 229
apple 0.370605 215 174 245 206
apple 0.325195 225 290 251 318
orange 0.317627 694 776 720 820
orange 0.303467 463 826 488 852
apple 0.294922 20 460 56 492
apple 0.274170 359 190 391 224
apple 0.273193 276 736 313 774
orange 0.270752 560 802 587 832
orange 0.264648 558 419 584 444
apple 0.253418 0 895 22 925
