apple 0.709961 407 69 451 114
apple 0.684570 376 150 417 198
apple 0.642090 383 504 419 538
apple 0.632812 214 628 257 670
orange 0.617676 388 826 421 860
apple 0.604004 262 144 300 185
apple 0.600586 250 248 288 294
orange 0.574219 406 69 451 114
apple 0.518555 174 383 205 417
orange 0.500977 134 615 163 645
orange 0.476807 409 573 445 608
orange 0.461182 377 151 417 198
apple 0.447510 235 280 274 319
orange 0.439209 130 740 157 765
apple 0.438965 177 347 209 373
orange 0.410645 334 32 366 65
apple 0.400879 240 216 264 252
orange 0.392578 219 407 250 432
orange 0.376953 112 1009 149 1043
orange 0.351562 226 496 253 520
orange 0.334229 366 672 398 704
orange 0.332275 352 877 380 905
apple 0.296631 168 485 191 515
orange 0.292969 66 992 96 1020
orange 0.288330 170 750 200 791
orange 0.281982 436 522 463 550
orange 0.266357 204 1016 234 1045
apple 0.262207 218 406 248 432
