apple 191 93 220 126
apple 515 131 550 163
apple 12 808 47 845
apple 345 278 381 312
apple 435 304 474 347
apple 295 410 331 441
apple 212 843 244 879
apple 487 742 527 790
apple 397 78 420 106
apple 269 110 296 141
apple 247 47 275 78
apple 292 126 322 154
apple 276 48 303 83
apple 314 435 348 470
apple 542 69 573 98
apple 685 510 716 556
apple 603 102 643 146
apple 398 681 442 708
apple 27 942 63 978
apple 485 263 510 290
apple 173 159 198 186
apple 534 102 562 131
apple 452 271 482 301
apple 62 842 94 872
apple 382 354 415 384
apple 79 381 110 410
apple 597 850 623 870
apple 91 872 128 893
apple 196 246 218 269
apple 60 877 90 898
apple 65 231 101 273
apple 544 212 570 239
apple 408 198 429 219
apple 428 595 476 635
apple 518 219 547 251
