apple 439 26 479 66
apple 681 380 719 417
apple 443 97 479 136
apple 474 83 511 127
apple 432 196 469 239
apple 165 619 199 656
apple 421 320 447 354
apple 632 362 672 396
apple 369 828 414 878
apple 504 254 545 294
apple 398 781 440 819
apple 638 1024 693 1086
apple 422 128 457 168
apple 544 718 590 762
apple 450 284 477 313
apple 425 431 450 462
apple 367 732 406 769
apple 488 757 523 788
apple 314 377 341 403
apple 478 206 512 237
apple 101 875 130 906
apple 476 270 496 302
apple 621 809 647 831
apple 555 582 583 624
apple 555 582 583 624
apple 416 817 447 849
apple 442 508 464 534
apple 327 897 348 919
apple 432 72 463 91
apple 81 716 107 736
apple 274 684 295 711
apple 301 816 326 843
apple 157 960 184 989
apple 1 813 19 839
apple 148 604 190 621
