apple 210 617 233 639
apple 1 586 27 608
apple 520 635 542 661
apple 438 799 468 826
apple 251 679 273 704
apple 328 570 350 590
apple 437 751 465 783
apple 543 634 559 650
apple 517 477 541 501
apple 703 550 719 582
apple 86 293 109 315
apple 259 616 283 635
apple 155 374 173 400
apple 588 504 609 526
apple 418 617 440 635
apple 563 651 581 665
apple 102 390 123 414
apple 354 517 375 535
apple 363 456 385 475
apple 383 350 401 373
apple 370 537 380 555
apple 331 542 352 557
apple 74 419 88 434
apple 212 463 228 476
apple 95 270 115 291
apple 251 665 266 677
apple 417 814 432 842
apple 151 336 166 351
apple 565 535 586 553
apple 263 590 283 608
apple 187 400 201 418
apple 45 462 60 478
apple 376 764 393 775
apple 376 764 393 775
apple 485 585 496 600
