apple 221 182 250 214
apple 528 813 562 851
apple 180 296 212 331
apple 217 906 265 956
apple 213 597 244 625
apple 252 333 284 366
apple 385 528 414 558
apple 299 287 332 322
apple 324 589 353 616
apple 208 303 240 340
apple 160 239 190 268
apple 537 860 568 892
apple 166 401 206 437
apple 366 559 395 581
apple 269 292 298 324
apple 382 713 406 736
apple 247 187 272 217
apple 279 377 307 402
apple 118 788 138 818
apple 696 875 718 897
apple 684 699 717 724
apple 696 607 719 632
apple 238 505 266 534
apple 358 723 381 745
apple 310 37 340 71
apple 212 572 235 600
apple 271 187 287 219
apple 194 705 214 719
apple 357 749 375 764
apple 105 772 124 792
apple 641 779 668 794
apple 222 423 253 449
apple 189 490 210 507
apple 579 700 601 724
apple 185 586 204 611
