apple 403 0 444 44
apple 350 745 389 792
apple 651 291 690 331
apple 396 105 432 146
apple 371 697 419 739
apple 604 276 643 312
apple 135 546 176 581
apple 513 635 562 674
apple 473 168 513 203
apple 436 0 470 29
apple 387 32 421 77
apple 442 113 473 141
apple 615 732 644 756
apple 384 230 414 264
apple 340 655 377 691
apple 462 677 494 708
apple 393 348 424 378
apple 420 197 445 226
apple 413 424 440 455
apple 621 956 655 995
apple 244 598 280 634
apple 379 176 427 223
apple 284 294 308 325
apple 353 336 382 360
apple 313 818 333 837
apple 90 804 122 822
apple 281 742 311 766
apple 445 178 467 213
apple 390 736 414 771
apple 171 672 199 702
apple 10 466 34 488
apple 118 526 158 547
apple 484 101 506 127
apple 573 678 602 707
apple 488 635 514 650
