apple 533 593 562 619
apple 57 533 91 568
apple 114 252 144 286
apple 117 637 147 667
apple 87 264 117 296
apple 290 626 316 651
apple 84 330 115 360
apple 357 343 387 367
apple 150 339 178 366
apple 586 313 618 345
apple 194 411 221 436
apple 362 428 392 456
apple 306 355 339 386
apple 226 275 260 311
apple 286 668 312 693
apple 357 310 386 336
apple 46 619 74 645
apple 267 652 294 675
apple 117 284 148 312
apple 57 358 80 382
apple 245 706 270 729
apple 177 637 210 658
apple 127 331 155 356
apple 251 146 273 173
apple 165 386 192 414
apple 298 881 317 904
apple 290 402 322 435
apple 341 754 369 780
apple 619 293 641 316
apple 545 616 575 643
apple 36 377 57 401
apple 157 98 174 119
apple 639 334 661 357
apple 564 331 587 351
apple 56 326 84 356
