apple 305 259 342 297
apple 218 633 253 668
apple 463 393 498 426
apple 229 715 265 753
apple 356 606 389 632
apple 448 528 474 556
apple 421 355 447 389
apple 237 346 269 373
apple 323 466 359 496
apple 302 107 333 137
apple 330 237 360 268
apple 365 970 392 1008
apple 342 910 376 945
apple 352 811 383 843
apple 184 625 216 659
apple 363 277 393 304
apple 668 1006 713 1035
apple 428 550 455 580
apple 259 220 297 259
apple 355 213 376 243
apple 328 58 351 91
apple 274 130 290 161
apple 376 682 400 712
apple 250 743 278 774
apple 490 548 514 581
apple 317 162 345 199
apple 479 411 504 441
apple 332 106 358 124
apple 348 308 374 342
apple 408 1068 436 1110
apple 344 77 377 114
apple 203 767 228 790
apple 203 767 228 790
apple 373 627 401 662
apple 255 557 286 587
