apple 461 440 497 475
apple 382 285 414 323
apple 217 176 245 209
apple 21 462 51 493
apple 1 96 30 125
apple 393 357 430 394
apple 610 788 649 822
apple 489 310 516 339
apple 28 156 52 183
apple 130 340 162 371
apple 110 892 161 939
apple 50 314 84 344
apple 300 519 332 557
apple 30 98 55 126
apple 559 769 579 800
apple 124 728 167 771
apple 269 155 301 192
apple 697 195 719 227
apple 151 120 176 149
apple 611 325 639 347
apple 566 706 605 736
apple 360 194 389 227
apple 463 829 484 847
apple 224 730 245 756
apple 517 315 538 343
apple 364 536 390 563
apple 546 695 570 726
apple 275 736 312 770
apple 630 559 650 577
apple 510 516 533 533
apple 696 779 719 818
apple 140 310 175 333
apple 610 565 632 591
apple 614 224 644 252
apple 1 433 31 467
