apple 0.667969 248 90 292 137
apple 0.658203 337 289 379 329
apple 0.612305 654 896 704 942
orange 0.611816 424 864 473 914
apple 0.546387 228 932 266 968
apple 0.542480 360 172 398 219
apple 0.539062 189 281 230 321
apple 0.501953 261 188 305 234
orange 0.491943 91 1064 129 1108
apple 0.489014 391 182 434 234
apple 0.484131 578 331 606 362
apple 0.472412 482 902 526 946
apple 0.464111 147 356 206 397
apple 0.442139 301 347 342 391
apple 0.419189 533 0 571 22
apple 0.407471 524 51 562 88
apple 0.403320 430 811 460 842
apple 0.402344 424 864 473 914
apple 0.399170 92 1064 129 1108
apple 0.395996 15 544 56 594
apple 0.385010 440 36 478 80
apple 0.373047 556 63 596 102
orange 0.355713 248 90 291 137
apple 0.346680 444 1024 489 1072
apple 0.343994 500 0 540 17
apple 0.341064 229 288 266 325
apple 0.340820 373 359 412 396
apple 0.330322 119 74 158 106
apple 0.326172 654 14 687 47
apple 0.303223 48 88 88 125
orange 0.266602 668 560 696 586
apple 0.261963 394 109 440 157
apple 0.260254 47 367 78 400
