apple 0.796875 385 222 441 280
apple 0.759766 330 376 368 412
apple 0.750488 318 493 356 532
apple 0.696289 143 644 187 688
apple 0.692383 510 866 554 910
apple 0.691406 325 585 368 627
apple 0.683105 196 485 232 522
apple 0.642578 404 558 447 602
apple 0.633301 397 850 441 894
apple 0.632324 400 408 442 453
apple 0.630859 436 1014 481 1059
apple 0.599609 279 561 320 613
apple 0.578613 216 530 249 560
apple 0.567871 266 736 308 780
orange 0.558594 204 1005 243 1047
apple 0.545898 219 729 259 774
apple 0.530762 328 628 369 666
apple 0.462891 139 1077 165 1105
apple 0.447754 30 666 63 698
apple 0.439941 434 398 470 433
apple 0.436523 419 800 458 830
orange 0.418213 658 582 694 620
apple 0.415771 516 1203 552 1241
apple 0.410156 161 1068 187 1096
apple 0.391113 236 301 263 338
apple 0.365479 594 1014 640 1045
apple 0.362305 674 626 710 660
apple 0.356934 202 664 240 698
apple 0.355713 122 933 160 976
orange 0.338135 121 934 159 977
apple 0.324707 660 582 694 620
apple 0.321289 522 1251 562 1280
apple 0.316162 338 165 375 216
apple 0.315430 148 1197 188 1235
apple 0.311035 495 741 531 784
apple 0.309570 374 764 408 798
apple 0.291016 484 1244 524 1280
orange 0.289062 594 1015 640 1045
orange 0.279541 373 765 408 799
apple 0.256348 506 339 536 372
apple 0.251465 488 994 520 1025
apple 0.250244 92 1112 116 1134
