apple 0.736328 571 0 615 51
apple 0.728516 33 207 70 244
apple 0.698730 320 552 354 587
orange 0.692871 423 1047 456 1077
apple 0.632812 251 1135 289 1173
orange 0.627441 250 1134 290 1172
apple 0.626465 22 132 55 162
orange 0.605957 621 1044 654 1074
apple 0.598145 58 553 91 590
apple 0.595215 52 432 81 459
apple 0.587402 422 243 464 303
apple 0.573730 50 270 84 307
apple 0.541016 24 852 64 892
apple 0.532227 34 573 65 602
apple 0.528809 1 203 34 242
apple 0.495605 359 464 397 501
orange 0.477539 322 1108 353 1136
orange 0.444336 417 1080 438 1100
orange 0.438721 504 1120 542 1154
orange 0.430420 158 1009 184 1036
apple 0.427979 25 275 51 310
apple 0.402100 354 550 390 580
apple 0.392822 17 1175 54 1203
orange 0.391113 177 1200 206 1226
orange 0.389404 160 1178 182 1202
apple 0.388916 485 1091 519 1125
apple 0.386230 165 727 194 757
apple 0.363525 322 1108 353 1136
apple 0.330322 177 1201 206 1227
apple 0.326660 43 769 67 788
orange 0.322266 210 888 229 916
apple 0.313232 0 332 9 366
orange 0.306152 528 1058 556 1084
apple 0.301270 528 1059 556 1085
apple 0.299072 0 652 22 680
orange 0.290039 622 760 652 796
apple 0.289062 96 1177 126 1207
orange 0.285645 655 771 689 798
apple 0.278076 12 182 44 218
apple 0.260498 102 669 140 701
apple 0.259277 155 589 177 615
orange 0.255371 280 782 316 807
