apple 0.636719 216 1041 378 1113
apple 0.560059 310 491 341 526
apple 0.543945 133 248 170 290
apple 0.533691 517 986 558 1024
orange 0.520020 346 1065 381 1103
orange 0.490967 366 528 397 558
orange 0.487793 362 1014 399 1050
orange 0.442383 514 1164 559 1206
orange 0.418701 406 620 438 652
apple 0.411621 406 620 438 652
orange 0.408691 418 1124 451 1154
apple 0.406738 345 1065 382 1103
orange 0.390137 511 1073 542 1107
apple 0.376221 373 583 396 607
traffic_light 0.360352 363 1014 399 1050
apple 0.314453 390 886 422 912
apple 0.288330 318 543 354 588
apple 0.279297 530 1086 576 1130
