apple 0.648926 443 1182 482 1224
orange 0.621582 189 583 216 607
orange 0.599609 504 558 540 593
orange 0.573730 326 174 353 202
orange 0.567871 498 488 534 526
orange 0.543457 397 720 430 756
orange 0.540039 173 274 208 303
orange 0.527344 342 711 381 750
orange 0.527344 113 533 138 563
orange 0.519531 486 653 520 679
orange 0.513672 470 236 504 269
orange 0.506836 163 628 190 653
orange 0.501953 291 226 320 254
orange 0.496826 336 218 359 242
orange 0.481689 403 819 425 841
orange 0.447754 460 400 493 437
orange 0.444824 113 593 142 626
orange 0.428467 419 258 447 285
orange 0.415527 35 404 56 426
orange 0.397217 430 686 455 712
orange 0.380615 567 240 595 267
orange 0.373047 336 296 363 321
orange 0.369873 278 338 300 360
orange 0.356445 410 284 437 310
orange 0.333252 440 800 465 824
orange 0.330078 250 578 275 608
orange 0.324463 618 307 644 334
orange 0.318359 429 979 451 1002
orange 0.313477 491 872 509 894
orange 0.307129 381 717 405 745
orange 0.306396 394 186 416 207
orange 0.305664 266 407 291 430
orange 0.292969 305 292 328 315
orange 0.279785 432 472 456 500
orange 0.279541 371 912 389 930
orange 0.271973 626 373 656 410
orange 0.257812 272 248 296 274
orange 0.251953 433 602 452 622
