apple 0.716797 462 280 498 318
apple 0.678711 343 173 385 221
apple 0.667969 294 318 332 352
apple 0.653809 443 788 487 830
apple 0.644531 222 499 264 556
apple 0.614258 274 432 310 469
apple 0.543457 273 520 317 558
apple 0.539062 335 772 374 812
apple 0.527344 114 568 154 616
apple 0.515625 352 494 394 538
apple 0.498291 320 1227 354 1261
apple 0.495361 180 657 218 698
apple 0.495117 298 108 332 158
apple 0.488770 360 918 408 962
apple 0.474609 160 422 188 458
apple 0.455078 372 1180 409 1222
apple 0.449463 225 665 258 702
apple 0.446533 464 1148 504 1186
apple 0.446289 65 1230 101 1268
apple 0.417969 281 561 322 600
apple 0.404541 351 1236 387 1268
apple 0.402344 446 601 473 635
apple 0.401367 340 1164 379 1208
apple 0.399170 350 357 388 394
orange 0.388428 466 1105 503 1137
apple 0.362305 128 1086 162 1122
apple 0.349854 530 1173 570 1213
orange 0.346191 313 1158 341 1194
orange 0.342041 312 692 346 721
apple 0.329590 12 592 43 622
orange 0.329102 162 908 205 947
apple 0.326660 429 1140 464 1180
orange 0.318115 429 1142 464 1180
apple 0.312988 700 454 720 513
orange 0.299072 530 1172 570 1214
apple 0.292480 169 595 208 627
apple 0.292236 313 1159 340 1195
apple 0.291504 678 913 708 947
apple 0.286377 182 468 208 490
apple 0.281006 536 924 572 956
orange 0.260986 466 1110 502 1166
apple 0.260254 356 722 392 752
