47 0.148611 0.274609 0.044444 0.016406
47 0.15625 0.252734 0.0375 0.016406
47 0.163889 0.242188 0.025 0.017188
47 0.272917 0.223828 0.059722 0.027344
47 0.234028 0.235937 0.031944 0.014063
47 0.210417 0.281641 0.045833 0.022656
47 0.246528 0.276953 0.056944 0.028906
47 0.253472 0.297656 0.054167 0.023438
47 0.304861 0.285938 0.051389 0.014063
47 0.283333 0.205469 0.052778 0.028125
47 0.31875 0.187109 0.040278 0.024219
47 0.350694 0.289844 0.048611 0.01875
47 0.340278 0.314063 0.047222 0.025
47 0.428472 0.261719 0.051389 0.032813
47 0.370833 0.21875 0.038889 0.014063
47 0.377083 0.1875 0.048611 0.021875
47 0.459722 0.187891 0.022222 0.013281
47 0.497917 0.221094 0.029167 0.020313
47 0.5125 0.197266 0.047222 0.014844
47 0.503472 0.175781 0.029167 0.020313
47 0.538889 0.265625 0.061111 0.023438
47 0.554167 0.2375 0.025 0.0125
47 0.56875 0.303906 0.043056 0.014063
47 0.615972 0.553125 0.051389 0.017188
47 0.738194 0.518359 0.051389 0.033594
47 0.719444 0.550391 0.030556 0.010156
47 0.613889 0.070312 0.044444 0.020313
47 0.648611 0.080078 0.041667 0.030469
47 0.652083 0.132031 0.026389 0.028125
47 0.684722 0.027344 0.044444 0.023438
47 0.7375 0.023047 0.033333 0.022656
47 0.773611 0.013672 0.030556 0.021094
47 0.724306 0.053516 0.034722 0.024219
47 0.759028 0.069141 0.034722 0.021094
47 0.73125 0.104297 0.020833 0.021094
47 0.684028 0.102344 0.026389 0.015625
47 0.665972 0.107422 0.040278 0.011719
47 0.678472 0.173437 0.040278 0.028125
47 0.671528 0.196484 0.040278 0.019531
47 0.840278 0.115234 0.047222 0.028906
47 0.770833 0.149219 0.044444 0.023438
47 0.770833 0.178516 0.044444 0.022656
47 0.732639 0.228906 0.043056 0.023438
47 0.759028 0.301953 0.045833 0.022656
47 0.740972 0.318359 0.045833 0.025781
47 0.761806 0.360156 0.043056 0.021875
47 0.724306 0.358594 0.018056 0.007812
47 0.725694 0.38125 0.023611 0.009375
47 0.784722 0.393359 0.033333 0.021094
47 0.929861 0.112891 0.040278 0.019531
47 0.809722 0.190234 0.027778 0.019531
47 0.879861 0.269531 0.040278 0.028125
47 0.838889 0.337891 0.025 0.013281
47 0.89375 0.361719 0.054167 0.026562
47 0.979167 0.401562 0.033333 0.021875
47 0.961806 0.19375 0.043056 0.015625
47 0.968056 0.267578 0.019444 0.013281
47 1.038194 0.090234 0.051389 0.028906
47 1.092361 0.071484 0.040278 0.021094
47 1.211111 0.046484 0.033333 0.016406
47 1.310417 0.052344 0.029167 0.023438
47 1.377778 0.054297 0.05 0.027344
47 1.250694 0.072656 0.056944 0.01875
47 1.1625 0.094531 0.033333 0.015625
47 1.180556 0.123438 0.044444 0.01875
47 1.069444 0.161328 0.030556 0.025781
47 1.032639 0.193359 0.0375 0.027344
47 1.054167 0.224219 0.047222 0.023438
47 1.145833 0.214453 0.038889 0.019531
47 1.164583 0.250391 0.045833 0.019531
47 1.181944 0.2875 0.041667 0.0125
47 1.029167 0.305859 0.025 0.016406
47 1.065972 0.496875 0.051389 0.034375
47 1.2 0.514844 0.033333 0.021875
47 1.202083 0.446484 0.045833 0.027344
47 1.226389 0.398438 0.036111 0.0125
47 1.270139 0.405078 0.048611 0.025781
47 1.270139 0.289453 0.043056 0.019531
47 1.183333 0.341406 0.036111 0.021875
47 0.820139 0.280078 0.020833 0.017969
