47 1.089583 0.110937 0.034722 0.014063
47 0.888889 0.155859 0.025 0.017969
47 0.81875 0.089453 0.048611 0.033594
47 0.822917 0.121484 0.045833 0.027344
47 0.679167 0.011328 0.05 0.022656
47 0.721528 0.003516 0.031944 0.007031
47 0.627778 0.079297 0.033333 0.025781
47 0.636806 0.117969 0.043056 0.025
47 0.5875 0.140234 0.058333 0.030469
47 0.619444 0.160547 0.027778 0.024219
47 0.560417 0.15625 0.0375 0.01875
47 0.50625 0.108203 0.034722 0.030469
47 0.477083 0.014844 0.043056 0.023438
47 0.468056 0.115234 0.030556 0.019531
47 0.361111 0.158984 0.044444 0.021094
47 0.35625 0.460547 0.045833 0.021094
47 0.375 0.482812 0.052778 0.028125
47 0.224306 0.459375 0.0375 0.021875
47 0.359028 0.017578 0.059722 0.035156
47 0.274306 0.023047 0.045833 0.028906
47 0.308333 0.03125 0.022222 0.020313
47 0.304167 0.010156 0.025 0.017188
47 0.273611 0.105469 0.044444 0.026562
47 0.077083 0.047266 0.051389 0.027344
47 0.084028 0.405469 0.059722 0.028125
47 0.113194 0.383984 0.043056 0.025781
47 0.119444 0.357031 0.044444 0.025
47 0.702083 0.167578 0.018056 0.021094
47 0.857639 0.123828 0.018056 0.008594
47 0.524306 0.150781 0.040278 0.017188
47 0.0625 0.362891 0.033333 0.032031
47 0.184028 0.398828 0.056944 0.022656
47 0.541667 0.110937 0.025 0.007812
47 0.775694 0.096094 0.026389 0.014063
47 1.055556 0.111328 0.022222 0.013281
47 0.975 0.083203 0.022222 0.010156
47 1.300694 0.230078 0.051389 0.024219
47 1.23125 0.321875 0.051389 0.023438
47 0.797222 0.482812 0.05 0.03125
