47 0.169444 0.632422 0.022222 0.021094
47 0.1875 0.723047 0.036111 0.024219
47 0.356944 0.689453 0.036111 0.021094
47 0.074306 0.502344 0.031944 0.015625
47 0.015278 0.465625 0.030556 0.021875
47 0.009028 0.484766 0.015278 0.011719
47 0.633333 0.458594 0.033333 0.015625
47 0.611111 0.450781 0.016667 0.007812
47 0.103472 0.405469 0.029167 0.017188
47 0.030556 0.342578 0.044444 0.024219
47 0.035417 0.330469 0.0375 0.014063
47 0.069444 0.347656 0.030556 0.015625
47 0.100694 0.357812 0.020833 0.015625
47 0.094444 0.335547 0.022222 0.010156
47 0.084722 0.323828 0.033333 0.022656
47 0.01875 0.275 0.034722 0.020313
47 0.019444 0.29375 0.036111 0.017188
47 0.009028 0.371094 0.018056 0.015625
47 0.088194 0.217188 0.040278 0.023438
47 0.647917 0.234766 0.045833 0.027344
47 0.60625 0.223828 0.043056 0.028906
47 0.011111 0.171094 0.016667 0.025
47 0.597222 0.151562 0.030556 0.020313
47 0.43125 0.130469 0.0375 0.021875
47 0.458333 0.08125 0.052778 0.03125
47 0.433333 0.098828 0.052778 0.017969
47 0.394444 0.098047 0.052778 0.022656
47 0.402083 0.069141 0.045833 0.021094
