47 0.06875 0.008203 0.034722 0.016406
47 0.08125 0.024609 0.040278 0.028906
47 0.042361 0.09375 0.0375 0.014063
47 0.130556 0.102734 0.063889 0.028906
47 0.268056 0.033203 0.030556 0.016406
47 0.261806 0.102344 0.051389 0.029687
47 0.358333 0.007422 0.027778 0.011719
47 0.476389 0.017188 0.041667 0.020313
47 0.470833 0.035937 0.058333 0.025
47 0.373611 0.052344 0.047222 0.026562
47 0.389583 0.071875 0.034722 0.009375
47 0.397222 0.148047 0.05 0.032031
47 0.472222 0.119531 0.052778 0.034375
47 0.478472 0.193359 0.043056 0.024219
47 0.500694 0.220703 0.020833 0.017969
47 0.575694 0.146875 0.020833 0.015625
47 0.607639 0.135547 0.020833 0.016406
47 1.072917 0.068359 0.026389 0.014844
47 0.961111 0.051172 0.033333 0.014844
47 1.140972 0.00625 0.029167 0.0125
47 1.217361 0.073047 0.040278 0.030469
47 1.060417 0.182031 0.0375 0.025
47 1.135417 0.185156 0.054167 0.032813
47 1.320833 0.156641 0.058333 0.027344
47 1.336806 0.195312 0.059722 0.03125
47 1.180556 0.223828 0.055556 0.028906
47 1.220139 0.217578 0.031944 0.024219
47 1.213889 0.252344 0.047222 0.032813
47 1.252083 0.233203 0.056944 0.022656
47 1.25 0.332031 0.041667 0.023438
47 1.179861 0.346094 0.054167 0.029687
47 1.032639 0.422266 0.0375 0.022656
47 0.847917 0.465234 0.048611 0.008594
47 0.930556 0.541406 0.05 0.035937
47 0.982639 0.512891 0.051389 0.024219
47 0.245139 0.169922 0.051389 0.027344
47 0.315278 0.157031 0.027778 0.020313
47 0.261806 0.196484 0.059722 0.030469
47 0.172222 0.193359 0.061111 0.033594
47 0.145139 0.216406 0.029167 0.023438
47 0.266667 0.253125 0.038889 0.020313
47 0.338194 0.221484 0.020833 0.014844
47 0.365972 0.230078 0.026389 0.017969
47 0.020833 0.235937 0.027778 0.01875
47 0.044444 0.261719 0.05 0.023438
47 0.066667 0.248438 0.030556 0.014063
47 0.055556 0.280859 0.033333 0.010156
47 0.135417 0.31875 0.034722 0.01875
47 0.014583 0.333203 0.026389 0.021094
47 0.069444 0.323047 0.055556 0.025781
47 0.084028 0.348047 0.048611 0.027344
47 0.113194 0.332422 0.031944 0.022656
47 0.125 0.368359 0.033333 0.019531
47 0.159028 0.346875 0.034722 0.017188
47 0.226389 0.339844 0.030556 0.017188
47 0.251389 0.291797 0.027778 0.017969
47 0.2875 0.294531 0.030556 0.015625
47 0.295139 0.308594 0.034722 0.01875
47 0.269444 0.33125 0.036111 0.020313
47 0.309028 0.378125 0.026389 0.021875
47 0.440278 0.340625 0.036111 0.015625
47 0.017361 0.423828 0.034722 0.021094
47 0.076389 0.457422 0.047222 0.017969
47 0.098611 0.475391 0.033333 0.013281
47 0.054861 0.480859 0.026389 0.011719
47 0.075694 0.557031 0.0375 0.009375
47 0.13125 0.442578 0.0375 0.019531
47 0.186806 0.438672 0.034722 0.017969
47 0.222917 0.54375 0.043056 0.021875
47 0.311806 0.448047 0.054167 0.032031
47 0.301389 0.534766 0.058333 0.028906
47 0.316667 0.495312 0.036111 0.021875
47 0.351389 0.527344 0.052778 0.032813
47 0.373611 0.508594 0.041667 0.010937
47 0.367361 0.493359 0.018056 0.016406
47 0.428472 0.475 0.043056 0.023438
47 0.440278 0.503125 0.025 0.017188
47 0.74375 0.425391 0.026389 0.017969
47 0.599306 0.362109 0.031944 0.022656
47 0.553472 0.376953 0.051389 0.024219
47 0.518056 0.409766 0.055556 0.032031
47 0.559722 0.424609 0.05 0.028906
47 0.598611 0.449219 0.047222 0.015625
47 0.659028 0.467187 0.026389 0.01875
47 0.395139 0.554297 0.034722 0.013281
47 1.263194 0.161719 0.048611 0.029687
47 0.96875 0.557031 0.015278 0.009375
47 0.175 0.014453 0.025 0.013281
47 0.121528 0.285938 0.026389 0.01875
47 0.034028 0.352344 0.0375 0.014063
47 0.219444 0.46875 0.033333 0.014063
47 0.329861 0.3125 0.029167 0.01875
47 0.272222 0.351953 0.033333 0.019531
47 0.43125 0.006641 0.018056 0.011719
