47 0.090972 0.299219 0.029167 0.014063
47 0.06875 0.319922 0.020833 0.010156
47 0.128472 0.347266 0.045833 0.024219
47 0.103472 0.352344 0.031944 0.020313
47 0.135417 0.323828 0.034722 0.017969
47 0.261806 0.3 0.048611 0.026562
47 0.45 0.230859 0.044444 0.021094
47 0.449306 0.246875 0.034722 0.014063
47 0.454167 0.263281 0.041667 0.010937
47 0.520833 0.189844 0.030556 0.025
47 0.602083 0.203125 0.043056 0.025
47 0.6125 0.223438 0.05 0.023438
47 0.597917 0.267578 0.045833 0.021094
47 0.590278 0.292578 0.052778 0.022656
47 0.552778 0.296875 0.019444 0.014063
47 0.651389 0.255469 0.055556 0.026562
47 0.740278 0.195312 0.047222 0.025
47 0.702083 0.255469 0.026389 0.01875
47 0.702778 0.275781 0.038889 0.025
47 0.772917 0.228516 0.031944 0.022656
47 0.75 0.291797 0.022222 0.010156
47 0.803472 0.369141 0.0375 0.011719
47 0.789583 0.400781 0.015278 0.0125
47 0.875 0.24375 0.052778 0.021875
47 0.859722 0.203516 0.044444 0.021094
47 0.883333 0.158594 0.030556 0.017188
47 0.969444 0.216016 0.036111 0.021094
47 1.004861 0.224609 0.045833 0.025781
47 0.988889 0.194141 0.030556 0.028906
47 1.0375 0.208203 0.041667 0.014844
47 0.993056 0.311328 0.044444 0.024219
47 0.914583 0.355859 0.0375 0.024219
47 0.949306 0.339844 0.031944 0.020313
47 1.277778 0.141797 0.030556 0.019531
47 1.24375 0.13125 0.031944 0.0125
47 1.470139 0.249219 0.076389 0.04375
47 1.165278 0.353906 0.033333 0.023438
47 1.173611 0.333203 0.027778 0.021094
47 1.2125 0.329297 0.025 0.019531
47 1.325 0.473047 0.063889 0.033594
47 1.390972 0.483594 0.051389 0.028125
47 0.6125 0.341016 0.022222 0.010156
47 1.064583 0.208203 0.018056 0.014844
47 0.980556 0.103906 0.033333 0.015625
47 0.991667 0.089844 0.030556 0.0125
47 1.161111 0.207031 0.027778 0.020313
47 1.418056 0.470313 0.027778 0.0125
47 1.244444 0.356641 0.038889 0.025781
47 1.147917 0.506641 0.023611 0.017969
47 1.161111 0.310937 0.025 0.014063
47 0.528472 0.288281 0.0375 0.014063
47 0.583333 0.316406 0.027778 0.007812
47 0.909028 0.304688 0.018056 0.017188
47 0.840972 0.293359 0.043056 0.016406
47 1.0375 0.230078 0.022222 0.008594
47 0.931944 0.453516 0.041667 0.028906
