47 1.1125 0.282422 0.033333 0.024219
47 1.093056 0.208203 0.038889 0.025781
47 1.069444 0.122656 0.052778 0.029687
47 0.95625 0.330078 0.040278 0.024219
47 0.941667 0.141406 0.047222 0.014063
47 0.895833 0.233984 0.047222 0.024219
47 0.903472 0.295703 0.040278 0.022656
47 0.923611 0.276953 0.033333 0.014844
47 1.015972 0.130469 0.0375 0.01875
47 0.906944 0.219141 0.030556 0.016406
47 0.779167 0.064062 0.025 0.015625
47 0.799306 0.078516 0.018056 0.011719
47 0.879167 0.335156 0.036111 0.017188
47 0.819444 0.352734 0.047222 0.024219
47 0.788889 0.315625 0.033333 0.01875
47 0.733333 0.269141 0.016667 0.011719
47 0.641667 0.048438 0.016667 0.015625
47 0.759722 0.269531 0.011111 0.014063
47 0.592361 0.298438 0.023611 0.025
47 0.506944 0.308984 0.038889 0.022656
47 0.477778 0.298438 0.038889 0.020313
47 0.248611 0.204297 0.038889 0.017969
47 0.217361 0.219922 0.029167 0.014844
47 0.75625 0.176563 0.015278 0.007812
47 0.220139 0.263672 0.023611 0.017969
47 0.960417 0.126172 0.018056 0.007031
