47 0.326389 0.229687 0.05 0.029687
47 0.352083 0.2 0.040278 0.029687
47 0.305556 0.198047 0.038889 0.017969
47 0.411111 0.216406 0.038889 0.023438
47 0.480556 0.007031 0.038889 0.010937
47 0.558333 0.051562 0.041667 0.020313
47 0.691667 0.010156 0.041667 0.01875
47 0.772917 0.008984 0.043056 0.017969
47 0.647917 0.011719 0.020833 0.01875
47 0.741667 0.025 0.027778 0.014063
47 0.734028 0.052734 0.0375 0.017969
47 0.772222 0.042969 0.036111 0.020313
47 0.754861 0.060547 0.015278 0.014844
47 0.799306 0.058984 0.034722 0.021094
47 0.879167 0.061719 0.036111 0.023438
47 0.889583 0.044141 0.029167 0.010156
47 1.026389 0.004687 0.025 0.009375
47 1.048611 0.036328 0.027778 0.016406
47 1.290972 0.082422 0.040278 0.013281
47 1.314583 0.060547 0.026389 0.008594
47 0.4375 0.316797 0.036111 0.016406
47 0.5625 0.325781 0.044444 0.020313
47 0.577083 0.346875 0.034722 0.021875
47 0.98125 0.325781 0.043056 0.026562
47 0.795833 0.017969 0.022222 0.009375
47 1.284722 0.554297 0.033333 0.011719
47 1.4 0.180859 0.052778 0.025781
47 1.458333 0.089453 0.044444 0.022656
47 1.444444 0.119531 0.019444 0.00625
47 1.303472 0.157031 0.015278 0.015625
47 0.359028 0.223438 0.029167 0.021875
