47 0.445139 0.25625 0.045833 0.020313
47 0.399306 0.248047 0.043056 0.025781
47 0.177083 0.076563 0.040278 0.023438
47 0.283333 0.055469 0.041667 0.020313
47 0.33125 0.058203 0.045833 0.025781
47 0.341667 0.179688 0.041667 0.021875
47 0.325 0.157422 0.041667 0.022656
47 0.322917 0.112109 0.043056 0.022656
47 0.310417 0.095312 0.0375 0.01875
47 0.261806 0.090625 0.034722 0.017188
47 0.222917 0.060156 0.034722 0.017188
47 0.219444 0.044531 0.027778 0.0125
47 0.404167 0.226562 0.036111 0.01875
47 0.360417 0.225391 0.0375 0.024219
47 0.372222 0.130078 0.036111 0.017969
47 0.320139 0.130859 0.029167 0.011719
47 0.36875 0.066016 0.023611 0.014844
47 0.425 0.035547 0.036111 0.021094
47 0.451389 0.126172 0.038889 0.013281
47 0.623611 0.114062 0.033333 0.023438
47 0.629861 0.198828 0.029167 0.014844
47 0.638194 0.21875 0.034722 0.01875
47 0.698611 0.367188 0.036111 0.026562
47 0.780556 0.196484 0.030556 0.017969
47 0.784028 0.173047 0.034722 0.021094
47 0.776389 0.118359 0.036111 0.021094
47 0.814583 0.012891 0.040278 0.021094
47 1.075694 0.316406 0.051389 0.034375
47 1.029861 0.283984 0.048611 0.025781
47 1.208333 0.085156 0.033333 0.021875
47 1.145139 0.123828 0.048611 0.027344
47 1.113889 0.030859 0.036111 0.017969
47 1.055556 0.011719 0.041667 0.01875
47 1.040278 0.378906 0.047222 0.028125
47 1.020833 0.395313 0.047222 0.026562
47 1.023611 0.437891 0.052778 0.025781
47 1.065278 0.526953 0.05 0.028906
47 1.043056 0.452344 0.033333 0.020313
47 0.95 0.448047 0.033333 0.024219
47 0.805556 0.401172 0.041667 0.024219
47 0.851389 0.339453 0.027778 0.022656
47 0.699306 0.395703 0.0375 0.021094
47 0.314583 0.234375 0.0375 0.020313
47 0.659028 0.212109 0.029167 0.011719
47 0.675694 0.225391 0.018056 0.014844
47 0.729167 0.100391 0.030556 0.019531
47 0.407639 0.058594 0.029167 0.01875
47 0.306944 0.182422 0.027778 0.013281
47 0.275 0.077734 0.030556 0.016406
47 0.261806 0.168359 0.029167 0.019531
47 0.320833 0.207422 0.027778 0.017969
47 0.363194 0.252734 0.020833 0.013281
47 0.442361 0.271875 0.034722 0.0125
47 0.504861 0.077344 0.026389 0.009375
47 0.477778 0.064062 0.030556 0.023438
47 0.622917 0.155469 0.023611 0.020313
47 0.656944 0.228125 0.025 0.0125
47 0.580556 0.238281 0.036111 0.020313
47 0.583333 0.210156 0.033333 0.014063
47 0.692361 0.118359 0.040278 0.019531
47 0.697917 0.105859 0.026389 0.016406
47 0.7125 0.135547 0.030556 0.022656
47 0.750694 0.119922 0.018056 0.017969
47 0.852083 0.146094 0.026389 0.015625
47 0.803472 0.246875 0.026389 0.007812
47 0.825694 0.245703 0.026389 0.013281
47 0.870139 0.037109 0.020833 0.016406
47 0.890278 0.161328 0.016667 0.017969
47 0.985417 0.005469 0.026389 0.009375
47 0.933333 0.010937 0.047222 0.021875
47 1.141667 0.092969 0.030556 0.009375
47 0.974306 0.266016 0.048611 0.033594
47 1.013194 0.547656 0.034722 0.01875
47 0.777778 0.389062 0.025 0.015625
47 0.8125 0.424609 0.016667 0.017969
47 0.672917 0.451953 0.034722 0.014844
47 0.825 0.292969 0.027778 0.017188
