47 0.603472 0.059375 0.031944 0.015625
47 0.630556 0.042188 0.030556 0.015625
47 0.640972 0.05625 0.029167 0.014063
47 0.738194 0.135547 0.020833 0.014844
47 0.774306 0.126953 0.026389 0.014844
47 0.566667 0.018359 0.025 0.016406
47 0.600694 0.025391 0.023611 0.013281
47 0.6 0.071875 0.019444 0.009375
47 0.541667 0.046875 0.016667 0.010937
47 0.60625 0.014844 0.018056 0.010937
47 0.74375 0.084766 0.018056 0.011719
47 0.770139 0.08125 0.015278 0.0125
47 0.445139 0.005078 0.018056 0.008594
47 0.734028 0.074219 0.023611 0.010937
