47 0.885417 0.601953 0.056944 0.033594
47 0.921528 0.624219 0.065278 0.035937
47 0.826389 0.611719 0.041667 0.035937
47 0.944444 0.538281 0.041667 0.023438
47 0.936111 0.55625 0.044444 0.023438
47 0.830556 0.323047 0.038889 0.021094
47 0.804167 0.333984 0.027778 0.017969
47 0.584028 0.332422 0.029167 0.016406
47 0.573611 0.348438 0.033333 0.015625
47 0.890972 0.277734 0.040278 0.021094
47 0.8625 0.299609 0.038889 0.017969
47 0.809028 0.200781 0.0375 0.028125
47 0.839583 0.201953 0.023611 0.024219
47 0.96875 0.119141 0.059722 0.035156
47 0.9875 0.228516 0.019444 0.030469
47 0.846528 0.274219 0.026389 0.014063
47 0.765278 0.420312 0.041667 0.021875
47 0.265972 0.301172 0.023611 0.013281
47 0.975 0.233594 0.030556 0.020313
47 0.816667 0.299219 0.030556 0.01875
47 0.808333 0.318359 0.022222 0.013281
