47 0.711806 0.098047 0.051389 0.024219
47 0.80625 0.135547 0.056944 0.024219
47 0.659722 0.110937 0.025 0.021875
47 0.720833 0.134375 0.05 0.029687
47 0.672917 0.194922 0.056944 0.035156
47 0.60625 0.281641 0.0375 0.032031
47 0.574306 0.31875 0.045833 0.03125
47 0.604167 0.316406 0.030556 0.032813
47 0.966667 0.425391 0.055556 0.033594
47 0.925694 0.497656 0.068056 0.034375
47 0.895139 0.521875 0.059722 0.020313
47 0.695139 0.467187 0.059722 0.025
47 0.688194 0.511328 0.054167 0.025781
47 0.734722 0.480469 0.05 0.026562
47 0.729167 0.532031 0.052778 0.01875
47 0.681944 0.592969 0.066667 0.035937
47 0.769444 0.546094 0.036111 0.028125
47 0.85625 0.605859 0.051389 0.038281
47 0.906944 0.624609 0.055556 0.030469
47 0.960417 0.64375 0.054167 0.028125
47 0.911806 0.668359 0.056944 0.027344
47 0.961111 0.692187 0.041667 0.015625
47 0.879167 0.691016 0.036111 0.022656
47 0.542361 0.628906 0.056944 0.035937
47 0.629167 0.492578 0.05 0.035156
47 0.688889 0.429297 0.030556 0.025781
47 0.813889 0.263281 0.022222 0.021875
47 0.552778 0.324609 0.030556 0.028906
47 0.648611 0.46875 0.033333 0.023438
47 0.051389 0.263281 0.066667 0.03125
47 0.011111 0.303516 0.019444 0.019531
47 0.070139 0.289844 0.015278 0.021875
47 0.029861 0.461719 0.059722 0.023438
47 0.119444 0.457813 0.052778 0.029687
47 0.145833 0.510547 0.038889 0.014844
47 0.356944 0.777734 0.05 0.024219
47 0.486806 0.738672 0.0375 0.030469
47 0.990972 0.695703 0.015278 0.024219
47 0.915972 0.792188 0.045833 0.025
47 0.950694 0.811328 0.043056 0.025781
47 0.676389 0.654687 0.019444 0.014063
47 0.749306 0.650781 0.029167 0.0125
47 0.932639 0.574219 0.023611 0.014063
47 0.835417 0.561719 0.026389 0.010937
47 0.797222 0.2375 0.019444 0.010937
