47 0.975694 0.059766 0.0375 0.021094
47 0.933333 0.048047 0.05 0.025781
47 0.928472 0.012109 0.056944 0.024219
47 0.568056 0.113281 0.066667 0.025
47 0.586806 0.13125 0.059722 0.021875
47 0.868056 0.071484 0.055556 0.033594
47 0.975694 0.255078 0.043056 0.039844
47 0.609722 0.193359 0.055556 0.038281
47 0.325 0.107813 0.041667 0.028125
47 0.304167 0.087891 0.044444 0.028906
47 0.347917 0.070703 0.0375 0.024219
47 0.366667 0.094531 0.038889 0.026562
47 0.385417 0.063672 0.043056 0.028906
47 0.351389 0.051172 0.036111 0.014844
47 0.345139 0.032031 0.0375 0.023438
47 0.368056 0.008984 0.022222 0.016406
47 0.397917 0.008594 0.045833 0.015625
47 0.427083 0.009375 0.023611 0.017188
47 0.411111 0.036328 0.047222 0.024219
47 0.434028 0.071875 0.051389 0.03125
47 0.421528 0.107422 0.0375 0.025781
47 0.461806 0.094922 0.051389 0.025781
47 0.788194 0.038281 0.045833 0.028125
47 0.649306 0.193359 0.031944 0.019531
47 0.864583 0.287891 0.056944 0.028906
47 0.686806 0.284375 0.048611 0.021875
47 0.656944 0.265625 0.036111 0.0125
47 0.428472 0.272266 0.048611 0.028906
47 0.202778 0.317969 0.025 0.0125
47 0.411806 0.36875 0.034722 0.020313
47 0.454861 0.371875 0.043056 0.025
47 0.617361 0.308203 0.056944 0.030469
47 0.427778 0.398047 0.030556 0.025781
47 0.593056 0.404297 0.036111 0.016406
47 0.693056 0.322266 0.030556 0.024219
47 0.844444 0.351953 0.044444 0.019531
47 0.667361 0.407422 0.048611 0.024219
47 0.736111 0.445312 0.05 0.020313
47 0.317361 0.406641 0.054167 0.024219
47 0.358333 0.401953 0.036111 0.022656
47 0.336111 0.419141 0.036111 0.013281
47 0.2 0.409375 0.038889 0.025
47 0.255556 0.453516 0.030556 0.013281
47 0.044444 0.484766 0.041667 0.014844
47 0.013889 0.478906 0.025 0.017188
47 0.072222 0.519531 0.044444 0.023438
47 0.213889 0.464062 0.038889 0.014063
47 0.084028 0.348828 0.034722 0.013281
47 0.629861 0.619141 0.101389 0.050781
47 0.664583 0.65 0.093056 0.0375
47 0.728472 0.65625 0.0375 0.021875
47 0.975 0.642578 0.044444 0.052344
47 0.189583 0.673828 0.070833 0.044531
47 0.542361 0.763672 0.109722 0.053906
47 0.470833 0.775 0.061111 0.035937
47 0.6125 0.878906 0.061111 0.053125
47 0.709028 0.864062 0.054167 0.04375
47 0.973611 0.896094 0.044444 0.035937
47 0.782639 0.771094 0.031944 0.026562
47 0.009028 0.382422 0.018056 0.008594
47 0.880556 0.096875 0.025 0.0125
47 0.736111 0.584766 0.019444 0.017969
