47 0.176389 0.325 0.030556 0.014063
47 0.140972 0.347266 0.023611 0.013281
47 0.197222 0.345313 0.025 0.015625
47 0.251389 0.346094 0.027778 0.017188
47 0.209028 0.361719 0.023611 0.014063
47 0.246528 0.367188 0.029167 0.01875
47 0.030556 0.525391 0.027778 0.013281
47 0.061111 0.481641 0.033333 0.019531
47 0.138889 0.249219 0.030556 0.017188
47 0.502083 0.39375 0.023611 0.014063
47 0.474306 0.392969 0.020833 0.010937
47 0.381944 0.426953 0.025 0.014844
47 0.133333 0.396094 0.019444 0.009375
47 0.115278 0.284375 0.019444 0.015625
47 0.043056 0.2375 0.033333 0.020313
47 0.461806 0.425 0.0125 0.007812
47 0.230556 0.311719 0.025 0.021875
47 0.025694 0.513672 0.034722 0.013281
47 0.042361 0.528516 0.026389 0.017969
47 0.376389 0.451172 0.016667 0.013281
47 0.226389 0.458203 0.025 0.007031
47 0.340278 0.367969 0.022222 0.010937
47 0.069444 0.494141 0.030556 0.014844
47 0.329861 0.471875 0.029167 0.017188
