47 0.956944 0.784375 0.044444 0.026562
47 0.318056 0.75 0.027778 0.021875
47 0.277778 0.750391 0.044444 0.024219
47 0.227083 0.742188 0.048611 0.029687
47 0.197222 0.723437 0.041667 0.014063
47 0.170833 0.717578 0.013889 0.019531
47 0.334028 0.680078 0.040278 0.019531
47 0.571528 0.621875 0.0125 0.0125
47 0.655556 0.579297 0.027778 0.016406
47 0.246528 0.584375 0.0375 0.025
47 0.284722 0.589844 0.038889 0.020313
47 0.563889 0.567969 0.038889 0.023438
47 0.624306 0.546484 0.040278 0.017969
47 0.56875 0.541797 0.048611 0.030469
47 0.389583 0.484375 0.040278 0.020313
47 0.425 0.463672 0.041667 0.024219
47 0.372917 0.458594 0.023611 0.00625
47 0.540972 0.435156 0.040278 0.017188
47 0.618056 0.442188 0.038889 0.026562
47 0.238889 0.428906 0.027778 0.017188
47 0.652083 0.419531 0.034722 0.025
47 0.604167 0.405469 0.027778 0.017188
47 0.65625 0.398047 0.023611 0.014844
47 0.573611 0.371484 0.033333 0.019531
47 0.608333 0.373828 0.033333 0.021094
47 0.591667 0.351953 0.038889 0.017969
47 0.35 0.339844 0.027778 0.010937
47 0.376389 0.363672 0.025 0.016406
47 0.428472 0.354297 0.031944 0.021094
47 0.4625 0.340234 0.047222 0.022656
47 0.457639 0.316797 0.0375 0.011719
47 0.429167 0.293359 0.05 0.028906
47 0.425694 0.267969 0.040278 0.01875
47 0.459028 0.251172 0.051389 0.022656
47 0.465972 0.272266 0.0375 0.019531
47 0.670833 0.295312 0.030556 0.025
47 0.588889 0.251563 0.036111 0.020313
47 0.5 0.147656 0.047222 0.029687
47 0.463194 0.088672 0.048611 0.019531
47 0.339583 0.525391 0.034722 0.010156
47 0.61875 0.489844 0.020833 0.015625
47 0.608333 0.50625 0.025 0.020313
47 0.571528 0.517188 0.020833 0.017188
47 0.618056 0.561719 0.019444 0.014063
47 0.628472 0.694141 0.018056 0.021094
47 0.75 0.635547 0.027778 0.010156
47 0.765972 0.696094 0.006944 0.010937
47 0.735417 0.727344 0.045833 0.01875
47 0.789583 0.820703 0.018056 0.021094
