47 0.8375 0.096875 0.058333 0.03125
47 0.891667 0.135937 0.052778 0.028125
47 0.810417 0.169922 0.056944 0.032031
47 0.656944 0.017188 0.055556 0.034375
47 0.711806 0.019141 0.0375 0.030469
47 0.672917 0.100781 0.051389 0.026562
47 0.658333 0.230469 0.041667 0.03125
47 0.722917 0.223828 0.018056 0.025781
47 0.788889 0.189453 0.033333 0.017969
47 0.859722 0.172266 0.038889 0.017969
47 0.665278 0.271484 0.058333 0.028906
47 0.95 0.293359 0.058333 0.028906
47 0.854861 0.265625 0.051389 0.023438
47 0.772917 0.241797 0.051389 0.030469
47 0.694444 0.318359 0.055556 0.035156
47 0.685417 0.291406 0.0375 0.017188
47 0.540278 0.194531 0.041667 0.0125
47 0.7875 0.267969 0.027778 0.017188
47 0.813194 0.280859 0.023611 0.008594
47 0.720833 0.330078 0.052778 0.032031
47 0.644444 0.367969 0.044444 0.020313
47 0.670833 0.355859 0.041667 0.016406
47 0.442361 0.374609 0.054167 0.030469
47 0.453472 0.404297 0.051389 0.027344
47 0.395833 0.396484 0.033333 0.010156
47 0.54375 0.349219 0.054167 0.029687
47 0.584722 0.422266 0.044444 0.017969
47 0.640278 0.439063 0.044444 0.025
47 0.874306 0.316016 0.048611 0.032031
47 0.8625 0.353516 0.055556 0.033594
47 0.382639 0.477344 0.040278 0.028125
47 0.425 0.482031 0.047222 0.028125
47 0.470139 0.475 0.051389 0.026562
47 0.618056 0.50625 0.058333 0.029687
47 0.715972 0.498828 0.0625 0.036719
47 0.465278 0.610547 0.038889 0.024219
47 0.440278 0.626172 0.041667 0.017969
47 0.917361 0.664062 0.065278 0.0375
47 0.84375 0.573047 0.051389 0.024219
47 0.634722 0.561328 0.061111 0.025781
47 0.586111 0.541797 0.058333 0.022656
47 0.601389 0.558203 0.030556 0.014844
47 0.15625 0.689453 0.059722 0.035156
47 0.092361 0.657813 0.026389 0.026562
47 0.035417 0.605859 0.056944 0.038281
47 0.009722 0.609766 0.016667 0.035156
47 0.159028 0.592969 0.045833 0.029687
47 0.327083 0.709766 0.043056 0.019531
47 0.519444 0.648047 0.022222 0.013281
47 0.631944 0.622656 0.027778 0.015625
47 0.534722 0.804688 0.069444 0.042188
47 0.145833 0.854297 0.061111 0.025781
47 0.131944 0.921875 0.047222 0.029687
47 0.102083 0.916797 0.043056 0.030469
47 0.404861 0.811328 0.040278 0.027344
47 0.620139 0.751172 0.051389 0.030469
47 0.095139 0.802734 0.048611 0.032031
47 0.163889 0.793359 0.044444 0.024219
47 0.900694 0.796875 0.043056 0.017188
47 0.977778 0.461719 0.041667 0.032813
47 0.960417 0.467187 0.048611 0.026562
47 0.507639 0.383594 0.0375 0.021875
47 0.35 0.383594 0.044444 0.021875
47 0.102778 0.447266 0.044444 0.028906
47 0.2 0.439844 0.044444 0.03125
47 0.215972 0.482031 0.045833 0.034375
47 0.013889 0.557031 0.027778 0.020313
47 0.014583 0.496875 0.029167 0.020313
47 0.119444 0.262891 0.047222 0.021094
47 0.129861 0.239063 0.0375 0.023438
47 0.19375 0.2625 0.045833 0.023438
47 0.015972 0.315625 0.031944 0.014063
47 0.440972 0.180859 0.029167 0.014844
47 0.129167 0.408984 0.027778 0.014844
47 0.707639 0.528516 0.029167 0.016406
47 0.536111 0.451172 0.027778 0.024219
47 0.488889 0.443359 0.025 0.010156
47 0.620139 0.003125 0.029167 0.00625
47 0.53125 0.740625 0.043056 0.029687
47 0.811111 0.685156 0.041667 0.014063
47 0.919444 0.566797 0.030556 0.021094
47 0.822917 0.478125 0.043056 0.015625
47 0.659028 0.746484 0.031944 0.019531
47 0.902778 0.336328 0.05 0.025781
47 0.854167 0.443359 0.036111 0.017969
47 0.1625 0.983594 0.052778 0.03125
47 0.009722 0.967187 0.016667 0.023438
47 0.165278 0.926953 0.05 0.027344
47 0.25 0.932031 0.05 0.023438
47 0.478472 0.930078 0.059722 0.035156
47 0.371528 0.50625 0.015278 0.015625
47 0.15625 0.90625 0.040278 0.014063
47 0.868056 0.766797 0.027778 0.021094
