47 0.171528 0.223047 0.031944 0.017969
47 0.044444 0.203906 0.041667 0.01875
47 0.100694 0.297656 0.031944 0.017188
47 0.078472 0.283203 0.031944 0.013281
47 0.072917 0.296094 0.018056 0.0125
47 0.025694 0.333594 0.023611 0.014063
47 0.15 0.522656 0.025 0.015625
47 0.386806 0.341797 0.031944 0.021094
47 0.261806 0.339844 0.023611 0.0125
47 0.259028 0.392188 0.023611 0.009375
47 0.522917 0.453906 0.020833 0.015625
47 0.335417 0.358984 0.026389 0.013281
47 0.377778 0.364453 0.030556 0.016406
47 0.332639 0.341016 0.026389 0.011719
47 0.310417 0.318359 0.034722 0.013281
47 0.238194 0.275781 0.023611 0.0125
47 0.183333 0.482031 0.033333 0.014063
47 0.170139 0.475781 0.018056 0.009375
47 0.277083 0.239453 0.023611 0.011719
47 0.594444 0.426953 0.019444 0.007031
47 0.515278 0.426172 0.019444 0.010156
47 0.420833 0.421484 0.025 0.007031
47 0.629167 0.393359 0.027778 0.016406
47 0.472222 0.366797 0.022222 0.011719
47 0.100694 0.369141 0.023611 0.011719
47 0.143056 0.511719 0.022222 0.014063
47 0.188194 0.492188 0.029167 0.014063
47 0.163194 0.528125 0.029167 0.01875
47 0.4625 0.471875 0.016667 0.010937
47 0.364583 0.304297 0.029167 0.013281
47 0.601389 0.391016 0.022222 0.010156
47 0.065972 0.478516 0.029167 0.021094
