47 0.395833 0.248438 0.05 0.029687
47 0.504167 0.252344 0.041667 0.029687
47 0.402778 0.309375 0.044444 0.025
47 0.457639 0.315234 0.043056 0.028906
47 0.580556 0.295312 0.038889 0.023438
47 0.629167 0.286328 0.041667 0.022656
47 0.726389 0.291406 0.036111 0.01875
47 0.797917 0.285156 0.031944 0.023438
47 0.684028 0.339453 0.0375 0.030469
47 0.64375 0.342578 0.051389 0.025781
47 0.589583 0.330078 0.043056 0.024219
47 0.503472 0.397656 0.051389 0.025
47 0.628472 0.315234 0.0375 0.017969
47 0.621528 0.409766 0.048611 0.028906
47 0.533333 0.426563 0.047222 0.025
47 0.591667 0.415234 0.027778 0.013281
47 0.563889 0.447266 0.044444 0.017969
47 0.599306 0.479687 0.048611 0.03125
47 0.704167 0.418359 0.038889 0.014844
47 0.482639 0.512109 0.045833 0.022656
47 0.040278 0.611328 0.05 0.025781
47 0.073611 0.632422 0.033333 0.024219
47 0.0375 0.633203 0.044444 0.017969
47 0.123611 0.65 0.044444 0.023438
47 0.154861 0.665234 0.043056 0.028906
47 0.227778 0.658594 0.030556 0.0125
47 0.293056 0.670312 0.038889 0.017188
47 0.252778 0.682422 0.058333 0.027344
47 0.234722 0.701562 0.05 0.028125
47 0.292361 0.69375 0.029167 0.015625
47 0.065972 0.754297 0.051389 0.025781
47 0.146528 0.712891 0.045833 0.019531
47 0.439583 0.637109 0.056944 0.030469
47 0.647222 0.649609 0.044444 0.016406
47 0.670139 0.637109 0.034722 0.017969
47 0.772917 0.624609 0.0375 0.019531
47 0.647917 0.670312 0.0375 0.017188
47 0.620833 0.685937 0.041667 0.01875
47 0.780556 0.678125 0.033333 0.021875
47 0.745139 0.669922 0.043056 0.021094
47 0.533333 0.380859 0.027778 0.019531
47 0.429861 0.554297 0.0375 0.038281
47 0.417361 0.575781 0.026389 0.014063
