47 0.391667 0.378906 0.025 0.017188
47 0.425 0.376563 0.036111 0.01875
47 0.411806 0.403125 0.023611 0.020313
47 0.36875 0.435156 0.051389 0.026562
47 0.46875 0.423828 0.048611 0.024219
47 0.465278 0.466016 0.041667 0.024219
47 0.403472 0.45625 0.040278 0.017188
47 0.335417 0.451953 0.026389 0.021094
47 0.363889 0.515625 0.019444 0.0125
47 0.455556 0.503516 0.044444 0.027344
47 0.485417 0.494141 0.045833 0.024219
47 0.529861 0.572656 0.054167 0.026562
47 0.380556 0.576953 0.061111 0.024219
47 0.444444 0.601562 0.052778 0.025
47 0.058333 0.667969 0.044444 0.029687
47 0.118056 0.685937 0.044444 0.026562
47 0.311111 0.624609 0.041667 0.017969
47 0.397222 0.646875 0.025 0.014063
47 0.367361 0.703125 0.034722 0.025
47 0.505556 0.623828 0.044444 0.022656
47 0.584722 0.633984 0.044444 0.033594
47 0.6125 0.657422 0.05 0.022656
47 0.640972 0.614453 0.048611 0.017969
47 0.901389 0.601953 0.047222 0.019531
47 0.954861 0.587891 0.040278 0.022656
47 0.893056 0.618359 0.044444 0.021094
47 0.880556 0.63125 0.027778 0.010937
