47 0.095139 0.2625 0.048611 0.020313
47 0.116667 0.277344 0.052778 0.026562
47 0.160417 0.242578 0.043056 0.024219
47 0.147917 0.264844 0.031944 0.023438
47 0.192361 0.215625 0.051389 0.014063
47 0.240278 0.253906 0.05 0.021875
47 0.245139 0.269141 0.048611 0.016406
47 0.315278 0.279687 0.044444 0.021875
47 0.293056 0.240625 0.038889 0.020313
47 0.322917 0.211328 0.048611 0.027344
47 0.380556 0.24375 0.05 0.028125
47 0.347917 0.263672 0.045833 0.022656
47 0.398611 0.291406 0.033333 0.021875
47 0.519444 0.333203 0.044444 0.021094
47 0.426389 0.214453 0.044444 0.016406
47 0.495139 0.187109 0.0375 0.022656
47 0.51875 0.176953 0.023611 0.024219
47 0.45 0.276562 0.041667 0.023438
47 0.561806 0.287109 0.026389 0.027344
47 0.584028 0.267578 0.026389 0.019531
47 0.567361 0.372656 0.034722 0.021875
47 0.59375 0.381641 0.034722 0.019531
47 0.668056 0.255469 0.044444 0.026562
47 0.752778 0.351953 0.044444 0.019531
47 0.780556 0.383203 0.038889 0.019531
47 0.786806 0.339453 0.045833 0.025781
47 0.661806 0.104688 0.029167 0.023438
47 0.786111 0.20625 0.044444 0.021875
47 0.905556 0.169141 0.055556 0.030469
47 0.890278 0.140234 0.047222 0.033594
47 0.861806 0.279687 0.034722 0.028125
47 0.893056 0.291406 0.044444 0.026562
47 0.940972 0.321094 0.026389 0.015625
47 0.971528 0.292187 0.045833 0.01875
47 1.013889 0.275 0.027778 0.023438
47 0.990972 0.206641 0.040278 0.014844
47 1.022222 0.180859 0.055556 0.028906
47 1.057639 0.192578 0.031944 0.022656
47 1.084028 0.153906 0.034722 0.01875
47 1.156944 0.271484 0.044444 0.025781
47 1.133333 0.298828 0.030556 0.014844
47 1.296528 0.260156 0.051389 0.029687
47 1.380556 0.276562 0.058333 0.023438
47 1.526389 0.308594 0.058333 0.025
47 0.834722 0.155859 0.036111 0.030469
47 0.793056 0.358203 0.052778 0.016406
47 0.597222 0.285156 0.033333 0.023438
47 0.634028 0.271875 0.029167 0.010937
47 0.238889 0.228125 0.058333 0.028125
47 1.022917 0.115234 0.0375 0.017969
47 1.122917 0.282031 0.040278 0.01875
47 1.163194 0.253125 0.023611 0.010937
47 1.017361 0.216016 0.034722 0.014844
47 0.939583 0.188672 0.034722 0.017969
47 1.518056 0.340234 0.052778 0.027344
47 1.370139 0.21875 0.043056 0.01875
47 1.276389 0.317969 0.055556 0.029687
47 1.435417 0.528906 0.0375 0.03125
