47 0.094444 0.106641 0.061111 0.027344
47 0.020139 0.1 0.0375 0.028125
47 0.171528 0.060547 0.0625 0.032031
47 0.206944 0.044531 0.058333 0.0375
47 0.260417 0.070703 0.059722 0.035156
47 0.472917 0.053125 0.048611 0.035937
47 0.508333 0.007031 0.036111 0.014063
47 0.630556 0.022656 0.044444 0.026562
47 0.585417 0.030469 0.051389 0.032813
47 0.55 0.059766 0.052778 0.027344
47 0.677778 0.093359 0.061111 0.033594
47 0.859028 0.110156 0.070833 0.039062
47 0.988889 0.110937 0.019444 0.03125
47 0.770833 0.142969 0.047222 0.035937
47 0.650694 0.128906 0.056944 0.034375
47 0.6 0.159375 0.061111 0.04375
47 0.534722 0.165625 0.061111 0.039062
47 0.467361 0.139063 0.048611 0.045312
47 0.441667 0.086328 0.061111 0.036719
47 0.434722 0.062109 0.044444 0.017969
47 0.482639 0.103125 0.059722 0.020313
47 0.384722 0.190625 0.061111 0.035937
47 0.460417 0.201563 0.048611 0.032813
47 0.613889 0.189453 0.038889 0.027344
47 0.735417 0.186328 0.065278 0.038281
47 0.786111 0.183594 0.041667 0.045312
47 0.104861 0.214453 0.045833 0.027344
47 0.068056 0.223047 0.05 0.033594
47 0.021528 0.221484 0.040278 0.030469
47 0.038194 0.242188 0.031944 0.021875
47 0.260417 0.238281 0.048611 0.026562
47 0.309028 0.250781 0.045833 0.025
47 0.452083 0.267578 0.059722 0.036719
47 0.7 0.265625 0.05 0.028125
47 0.659028 0.276562 0.0375 0.015625
47 0.761806 0.299609 0.043056 0.036719
47 0.811111 0.296094 0.052778 0.0375
47 0.642361 0.330078 0.054167 0.038281
47 0.434722 0.307812 0.044444 0.028125
47 0.251389 0.272266 0.044444 0.028906
47 0.247917 0.304688 0.048611 0.026562
47 0.418056 0.342969 0.038889 0.01875
47 0.591667 0.333594 0.052778 0.03125
47 0.5625 0.341797 0.033333 0.017969
47 0.594444 0.376172 0.044444 0.022656
47 0.78125 0.352734 0.048611 0.024219
47 0.588889 0.256641 0.075 0.016406
47 0.422917 0.397266 0.048611 0.024219
47 0.424306 0.4375 0.034722 0.023438
47 0.5375 0.401562 0.055556 0.025
47 0.761111 0.461328 0.058333 0.027344
47 0.848611 0.478906 0.047222 0.026562
47 0.967361 0.451172 0.0625 0.032031
47 0.963889 0.485156 0.047222 0.023438
47 0.904861 0.488672 0.051389 0.028906
47 0.982639 0.498437 0.031944 0.034375
47 0.691667 0.532031 0.052778 0.039062
47 0.576389 0.461719 0.077778 0.039062
47 0.624306 0.486328 0.059722 0.024219
47 0.7625 0.495703 0.055556 0.035156
47 0.690972 0.480859 0.026389 0.021094
47 0.798611 0.509375 0.033333 0.026562
47 0.822222 0.577734 0.05 0.027344
47 0.863889 0.590625 0.041667 0.023438
47 0.614583 0.575391 0.040278 0.025781
47 0.504861 0.486719 0.054167 0.026562
47 0.364583 0.482812 0.051389 0.026562
47 0.247917 0.508594 0.026389 0.01875
47 0.289583 0.525391 0.045833 0.019531
47 0.270833 0.573828 0.038889 0.022656
47 0.1375 0.624219 0.061111 0.03125
47 0.539583 0.613281 0.048611 0.020313
47 0.652778 0.638281 0.044444 0.028125
47 0.704167 0.619922 0.047222 0.032031
47 0.799306 0.642969 0.043056 0.029687
47 0.900694 0.638281 0.020833 0.028125
47 0.959722 0.640625 0.063889 0.028125
47 0.947222 0.679297 0.055556 0.035156
47 0.768056 0.6875 0.033333 0.026562
47 0.6875 0.745703 0.055556 0.036719
47 0.542361 0.744922 0.068056 0.035156
47 0.332639 0.675391 0.043056 0.022656
47 0.49375 0.685547 0.048611 0.025781
47 0.833333 0.742578 0.038889 0.017969
47 0.952083 0.864453 0.073611 0.038281
47 0.959722 0.826562 0.072222 0.026562
47 0.576389 0.725391 0.036111 0.016406
47 0.768056 0.867578 0.041667 0.022656
47 0.540278 0.096484 0.044444 0.047656
47 0.25 0.038672 0.036111 0.025781
47 0.269444 0.216406 0.047222 0.021875
47 0.04375 0.427344 0.043056 0.015625
47 0.050694 0.456641 0.048611 0.025781
47 0.006944 0.615234 0.013889 0.021094
47 0.748611 0.652344 0.030556 0.010937
47 0.834722 0.670703 0.013889 0.019531
47 0.559722 0.542578 0.022222 0.016406
47 0.328472 0.263672 0.026389 0.016406
