47 0.485417 0.055469 0.043056 0.028125
47 0.516667 0.069531 0.038889 0.032813
47 0.491667 0.082812 0.036111 0.020313
47 0.450694 0.092969 0.0375 0.025
47 0.40625 0.109766 0.026389 0.025781
47 0.475694 0.138281 0.045833 0.028125
47 0.501389 0.137891 0.027778 0.027344
47 0.523611 0.175781 0.033333 0.025
47 0.543056 0.223047 0.036111 0.022656
47 0.497222 0.19375 0.038889 0.029687
47 0.454167 0.167969 0.033333 0.01875
47 0.402778 0.185156 0.044444 0.026562
47 0.465972 0.214062 0.051389 0.029687
47 0.408333 0.238281 0.033333 0.01875
47 0.618056 0.286719 0.036111 0.026562
47 0.372917 0.277734 0.040278 0.024219
47 0.355556 0.289453 0.030556 0.013281
47 0.684722 0.312891 0.041667 0.021094
47 0.699306 0.326953 0.034722 0.024219
47 0.542361 0.311719 0.043056 0.01875
47 0.506944 0.325391 0.027778 0.013281
47 0.541667 0.330078 0.030556 0.016406
47 0.495833 0.369922 0.047222 0.027344
47 0.656944 0.417969 0.038889 0.029687
47 0.713889 0.432422 0.033333 0.022656
47 0.396528 0.439453 0.048611 0.022656
47 0.228472 0.371875 0.031944 0.014063
47 0.304167 0.499609 0.047222 0.027344
47 0.350694 0.503906 0.045833 0.028125
47 0.539583 0.478516 0.045833 0.022656
47 0.557639 0.498047 0.043056 0.028906
47 0.605556 0.520703 0.027778 0.019531
47 0.563194 0.537109 0.031944 0.022656
47 0.540972 0.5625 0.031944 0.01875
47 0.373611 0.567969 0.052778 0.03125
47 0.393056 0.586328 0.044444 0.022656
47 0.327778 0.601562 0.033333 0.01875
47 0.534028 0.640234 0.048611 0.028906
47 0.580556 0.626953 0.027778 0.016406
47 0.523611 0.716797 0.05 0.027344
47 0.551389 0.763672 0.038889 0.033594
47 0.613194 0.841016 0.034722 0.030469
47 0.63125 0.437891 0.040278 0.030469
47 0.431944 0.132031 0.05 0.03125
47 0.51875 0.251953 0.0375 0.030469
47 0.525694 0.351172 0.020833 0.011719
47 0.665972 0.439453 0.029167 0.025781
47 0.55 0.621484 0.033333 0.021094
47 0.50625 0.645312 0.026389 0.014063
47 0.263194 0.571484 0.026389 0.017969
47 0.415278 0.552344 0.019444 0.017188
47 0.606944 0.712109 0.022222 0.010156
47 0.634028 0.697656 0.015278 0.015625
47 0.449306 0.761328 0.029167 0.021094
47 0.664583 0.835156 0.048611 0.026562
47 0.973611 0.782813 0.044444 0.028125
47 0.323611 0.462891 0.047222 0.019531
