47 0.199306 0.200391 0.045833 0.022656
47 0.191667 0.213281 0.030556 0.009375
47 0.145139 0.207422 0.034722 0.014844
47 0.127778 0.188672 0.030556 0.017969
47 0.094444 0.185547 0.044444 0.021094
47 0.086806 0.1625 0.045833 0.025
47 0.179167 0.180859 0.047222 0.024219
47 0.2125 0.187891 0.038889 0.025781
47 0.240972 0.184766 0.0375 0.022656
47 0.170139 0.1375 0.040278 0.015625
47 0.155556 0.118359 0.055556 0.021094
47 0.178472 0.108203 0.0375 0.017969
47 0.197222 0.025 0.05 0.028125
47 0.279861 0.011719 0.0625 0.021875
47 0.328472 0.033203 0.031944 0.021094
47 0.358333 0.016016 0.063889 0.030469
47 0.239583 0.112109 0.045833 0.022656
47 0.124306 0.108984 0.043056 0.019531
47 0.113889 0.25625 0.041667 0.025
47 0.132639 0.278125 0.0375 0.020313
47 0.229861 0.226953 0.040278 0.021094
47 0.242361 0.289453 0.043056 0.024219
47 0.186111 0.311719 0.036111 0.021875
47 0.170833 0.330469 0.030556 0.017188
47 0.210417 0.326172 0.029167 0.016406
47 0.2 0.351172 0.036111 0.014844
47 0.210417 0.363281 0.051389 0.026562
47 0.170139 0.375391 0.045833 0.025781
47 0.122222 0.385547 0.044444 0.024219
47 0.108333 0.415234 0.052778 0.038281
47 0.051389 0.412891 0.047222 0.022656
47 0.100694 0.446094 0.0375 0.0125
47 0.176389 0.476953 0.044444 0.021094
47 0.16875 0.398047 0.056944 0.014844
47 0.176389 0.405078 0.055556 0.017969
47 0.181944 0.426953 0.058333 0.030469
47 0.138889 0.427344 0.027778 0.014063
47 0.145139 0.474219 0.023611 0.021875
47 0.236806 0.483594 0.048611 0.021875
47 0.322222 0.556641 0.030556 0.010156
47 0.378472 0.525781 0.065278 0.03125
47 0.496528 0.535156 0.073611 0.0375
47 0.294444 0.284375 0.036111 0.023438
47 0.327083 0.311719 0.034722 0.010937
47 0.384722 0.345703 0.041667 0.021094
47 0.329861 0.367969 0.048611 0.023438
47 0.315278 0.385547 0.044444 0.021094
47 0.38125 0.419922 0.023611 0.028906
47 0.421528 0.467187 0.034722 0.020313
47 0.670833 0.477734 0.052778 0.028906
47 0.663194 0.496875 0.040278 0.020313
47 0.401389 0.308984 0.041667 0.032031
47 0.450694 0.298438 0.051389 0.03125
47 0.413889 0.230078 0.055556 0.028906
47 0.34375 0.180859 0.034722 0.019531
47 0.38125 0.196875 0.031944 0.01875
47 0.373611 0.180859 0.027778 0.017969
47 0.354861 0.125 0.043056 0.023438
47 0.33125 0.107031 0.040278 0.017188
47 0.527083 0.225391 0.054167 0.022656
47 0.519444 0.261719 0.047222 0.026562
47 0.514583 0.276172 0.045833 0.016406
47 0.322222 0.209375 0.025 0.021875
47 0.413194 0.094531 0.0375 0.021875
47 0.592361 0.189062 0.0625 0.029687
47 0.624306 0.177344 0.026389 0.0125
47 0.504861 0.079687 0.0375 0.021875
47 0.549306 0.026562 0.048611 0.03125
47 0.561806 0.080078 0.034722 0.024219
47 0.654167 0.044531 0.030556 0.015625
47 0.634028 0.032813 0.029167 0.023438
47 0.634722 0.20625 0.055556 0.032813
47 0.665278 0.235937 0.047222 0.025
47 0.526389 0.352734 0.027778 0.017969
47 0.738194 0.475781 0.065278 0.026562
47 0.750694 0.382031 0.054167 0.034375
47 0.788194 0.35625 0.045833 0.01875
47 0.859028 0.284375 0.073611 0.046875
47 0.959722 0.263281 0.041667 0.0375
47 1.054861 0.328516 0.068056 0.041406
47 1.050694 0.374609 0.043056 0.025781
47 1.069444 0.430078 0.058333 0.036719
47 1.079167 0.528906 0.047222 0.014063
47 1.191667 0.123438 0.058333 0.029687
47 1.263194 0.149219 0.048611 0.025
47 1.059722 0.208203 0.044444 0.025781
47 1.321528 0.323047 0.0875 0.046094
47 1.178472 0.432812 0.029167 0.021875
47 1.190278 0.519922 0.036111 0.019531
47 1.214583 0.031641 0.040278 0.032031
47 1.181944 0.009766 0.044444 0.017969
47 1.221528 0.008203 0.040278 0.013281
47 1.257639 0.023828 0.051389 0.036719
47 0.234028 0.041797 0.029167 0.014844
47 0.40625 0.201172 0.020833 0.014844
47 0.420833 0.276172 0.022222 0.011719
47 0.6125 0.451953 0.038889 0.028906
47 1.232639 0.450391 0.031944 0.021094
47 1.000694 0.249219 0.026389 0.015625
47 1.01875 0.282422 0.059722 0.030469
