47 0.093056 0.136328 0.025 0.014844
47 0.173611 0.163672 0.058333 0.027344
47 0.206944 0.137109 0.044444 0.013281
47 0.150694 0.108984 0.043056 0.019531
47 0.189583 0.223828 0.034722 0.017969
47 0.185417 0.235937 0.040278 0.0125
47 0.151389 0.204297 0.019444 0.010156
47 0.236111 0.086719 0.044444 0.020313
47 0.411806 0.098828 0.040278 0.024219
47 0.366667 0.071094 0.025 0.014063
47 0.36875 0.141406 0.043056 0.017188
47 0.524306 0.096484 0.0375 0.027344
47 0.6375 0.056641 0.061111 0.032031
47 0.583333 0.053906 0.044444 0.017188
47 0.690972 0.047266 0.045833 0.027344
47 0.685417 0.025 0.029167 0.015625
47 0.343056 0.183984 0.038889 0.019531
47 0.352083 0.238281 0.043056 0.021875
47 0.509722 0.225781 0.036111 0.020313
47 0.404167 0.290625 0.041667 0.021875
47 0.605556 0.283203 0.05 0.025781
47 0.549306 0.313281 0.040278 0.01875
47 0.671528 0.33125 0.048611 0.021875
47 0.588889 0.341797 0.030556 0.024219
47 0.579167 0.331641 0.019444 0.014844
47 0.526389 0.385156 0.022222 0.01875
47 0.840972 0.312891 0.0375 0.021094
47 0.779861 0.296875 0.0375 0.026562
47 0.760417 0.322266 0.034722 0.022656
47 0.566667 0.119922 0.033333 0.014844
47 0.497917 0.086719 0.029167 0.014063
47 0.429167 0.113672 0.025 0.014844
47 0.392361 0.072266 0.029167 0.017969
47 0.825 0.06875 0.022222 0.017188
47 1.123611 0.242969 0.030556 0.020313
47 1.147917 0.242578 0.029167 0.021094
47 0.875694 0.305469 0.029167 0.021875
47 1.015972 0.324609 0.029167 0.019531
47 1.03125 0.118359 0.034722 0.016406
47 1.038889 0.209766 0.022222 0.022656
47 1.052778 0.163672 0.027778 0.010156
47 0.740972 0.024219 0.0125 0.01875
47 1.046528 0.409766 0.040278 0.024219
47 0.861806 0.38125 0.045833 0.028125
47 0.9375 0.494922 0.044444 0.028906
47 0.968056 0.504297 0.033333 0.025781
47 0.978472 0.457422 0.031944 0.019531
47 0.98125 0.436719 0.026389 0.01875
47 0.632639 0.423828 0.043056 0.027344
47 0.590972 0.401953 0.020833 0.013281
47 1.097917 0.205469 0.018056 0.010937
47 1.075694 0.208203 0.0125 0.010156
47 0.036111 0.498047 0.058333 0.028906
47 0.024306 0.509375 0.045833 0.023438
47 0.04375 0.557031 0.048611 0.009375
47 0.088889 0.551953 0.05 0.019531
47 0.960417 0.529297 0.029167 0.010156
47 0.783333 0.512109 0.016667 0.010156
47 0.929167 0.394141 0.025 0.016406
47 1.375 0.327344 0.044444 0.015625
47 1.25625 0.319531 0.043056 0.017188
47 0.0125 0.102734 0.022222 0.014844
47 0.534722 0.251563 0.025 0.017188
47 0.675 0.21875 0.025 0.017188
47 0.8 0.554297 0.027778 0.014844
