47 0.729167 0.340625 0.041667 0.020313
47 0.767361 0.226172 0.045833 0.022656
47 0.074306 0.233203 0.043056 0.025781
47 0.084028 0.24375 0.043056 0.017188
47 0.10625 0.230859 0.040278 0.025781
47 0.078472 0.271875 0.045833 0.017188
47 0.126389 0.286719 0.033333 0.023438
47 0.152083 0.251172 0.045833 0.021094
47 0.142361 0.273438 0.026389 0.009375
47 0.176389 0.257812 0.038889 0.023438
47 0.169444 0.286328 0.038889 0.017969
47 0.2375 0.233203 0.041667 0.017969
47 0.317361 0.292578 0.045833 0.019531
47 0.352083 0.236719 0.040278 0.021875
47 0.306944 0.264453 0.033333 0.017969
47 0.25 0.303906 0.047222 0.026562
47 0.4125 0.1875 0.041667 0.023438
47 0.34375 0.258594 0.034722 0.01875
47 0.4 0.248828 0.036111 0.017969
47 0.431944 0.303516 0.025 0.017969
47 0.45 0.314453 0.030556 0.017969
47 0.452083 0.3 0.023611 0.0125
47 0.475694 0.142578 0.056944 0.028906
47 0.475694 0.220312 0.034722 0.017188
47 0.727083 0.368359 0.054167 0.027344
47 0.711111 0.356641 0.041667 0.021094
47 0.759028 0.360938 0.029167 0.017188
47 0.495139 0.23125 0.026389 0.014063
47 0.677778 0.144922 0.044444 0.019531
47 0.672222 0.183594 0.038889 0.025
47 0.598611 0.206641 0.025 0.010156
47 0.659722 0.327734 0.047222 0.024219
47 0.698611 0.328516 0.038889 0.025781
47 0.929167 0.319922 0.041667 0.028906
47 0.859722 0.189453 0.05 0.024219
47 0.846528 0.205078 0.048611 0.019531
47 1.061806 0.326953 0.048611 0.021094
47 0.675 0.252344 0.016667 0.0125
47 0.691667 0.253906 0.013889 0.009375
47 0.871528 0.264453 0.0375 0.021094
47 1.141667 0.319141 0.052778 0.030469
47 1.250694 0.301953 0.045833 0.027344
47 1.130556 0.212109 0.030556 0.021094
47 0.822222 0.497656 0.025 0.020313
47 0.805556 0.531641 0.025 0.019531
47 0.543056 0.547656 0.025 0.014063
47 0.208333 0.271875 0.041667 0.026562
47 0.267361 0.291016 0.045833 0.022656
47 0.809028 0.333594 0.029167 0.015625
47 1.261111 0.021875 0.041667 0.034375
47 0.259028 0.247656 0.040278 0.023438
47 0.278472 0.25 0.023611 0.020313
47 0.320833 0.220703 0.033333 0.016406
47 0.355556 0.227344 0.036111 0.017188
47 0.342361 0.298438 0.020833 0.007812
47 0.475694 0.261719 0.026389 0.010937
47 0.5 0.263281 0.025 0.010937
47 0.565278 0.386328 0.019444 0.014844
47 0.674306 0.411719 0.020833 0.007812
47 0.660417 0.225391 0.020833 0.010156
47 0.571528 0.239063 0.015278 0.009375
47 0.775694 0.336328 0.034722 0.016406
47 0.95625 0.379297 0.0375 0.016406
47 0.428472 0.217578 0.026389 0.014844
47 0.679167 0.167187 0.038889 0.007812
47 0.882639 0.307812 0.0375 0.009375
47 0.875 0.285938 0.044444 0.021875
47 1.048611 0.194531 0.019444 0.010937
47 1.245833 0.324609 0.047222 0.024219
47 1.146528 0.256641 0.023611 0.014844
47 1.208333 0.192969 0.016667 0.0125
47 0.758333 0.382031 0.044444 0.021875
