47 0.560417 0.166406 0.043056 0.026562
47 0.03125 0.2125 0.043056 0.023438
47 0.555556 0.185547 0.055556 0.014844
47 0.093056 0.395703 0.041667 0.024219
47 0.042361 0.398047 0.029167 0.019531
47 0.052778 0.294922 0.036111 0.014844
47 0.016667 0.391016 0.027778 0.017969
47 0.60625 0.430469 0.043056 0.020313
47 0.050694 0.420703 0.040278 0.016406
47 0.116667 0.423828 0.038889 0.021094
47 0.021528 0.468359 0.034722 0.016406
47 0.00625 0.453516 0.009722 0.014844
47 0.124306 0.526953 0.031944 0.024219
47 0.553472 0.541797 0.043056 0.010156
47 0.558333 0.634375 0.052778 0.03125
47 0.156944 0.586328 0.05 0.022656
47 0.331944 0.587891 0.038889 0.016406
47 0.344444 0.642188 0.025 0.023438
47 0.140278 0.642578 0.022222 0.014844
47 0.538889 0.724219 0.044444 0.021875
47 0.183333 0.819141 0.025 0.019531
47 0.199306 0.844141 0.026389 0.017969
47 0.401389 0.917969 0.061111 0.032813
47 0.486806 0.846094 0.0375 0.039062
47 0.490278 0.775391 0.038889 0.033594
47 0.654861 0.780078 0.0375 0.019531
47 0.838889 0.809375 0.038889 0.025
47 0.801389 0.815234 0.036111 0.016406
47 0.956944 0.769922 0.047222 0.027344
47 0.696528 0.925 0.051389 0.025
47 0.63125 0.916797 0.029167 0.016406
47 0.178472 0.599609 0.023611 0.014844
47 0.39375 0.618359 0.026389 0.011719
47 0.199306 0.754687 0.020833 0.017188
47 0.715972 0.782422 0.034722 0.017969
47 0.488194 0.940625 0.0375 0.020313
47 0.329861 0.987109 0.0375 0.024219
