47 0.827083 0.047656 0.048611 0.029687
47 0.805556 0.032813 0.033333 0.026562
47 0.810417 0.009766 0.059722 0.017969
47 0.850694 0.067969 0.0375 0.01875
47 0.904167 0.066797 0.041667 0.027344
47 1.070833 0.064844 0.044444 0.025
47 1.080556 0.119922 0.041667 0.025781
47 1.081944 0.021875 0.044444 0.029687
47 1.106944 0.070703 0.038889 0.016406
47 1.150694 0.046875 0.0375 0.026562
47 1.261806 0.094141 0.040278 0.019531
47 1.363889 0.125 0.055556 0.026562
47 1.35625 0.155469 0.045833 0.023438
47 1.299306 0.478906 0.029167 0.014063
47 1.220833 0.519141 0.025 0.016406
47 1.115278 0.484766 0.05 0.022656
47 1.040972 0.475391 0.048611 0.030469
47 1.00625 0.419141 0.031944 0.025781
47 1.070833 0.367578 0.044444 0.016406
47 1.104861 0.40625 0.040278 0.020313
47 1.093056 0.433594 0.019444 0.010937
47 1.079861 0.45625 0.026389 0.014063
47 1.049306 0.40625 0.029167 0.015625
47 0.79375 0.458984 0.045833 0.022656
47 0.845139 0.498828 0.043056 0.030469
47 0.854861 0.460156 0.0375 0.023438
47 0.910417 0.439063 0.045833 0.023438
47 0.907639 0.455859 0.0125 0.016406
47 0.972222 0.502734 0.041667 0.011719
