47 0.760417 0.39375 0.040278 0.01875
47 0.809722 0.432812 0.036111 0.026562
47 0.820139 0.392578 0.043056 0.019531
47 0.865972 0.373437 0.029167 0.021875
47 0.881944 0.387109 0.019444 0.011719
47 0.975 0.355469 0.027778 0.020313
47 1.004861 0.408984 0.040278 0.025781
47 1.028472 0.301172 0.043056 0.011719
47 1.01875 0.342578 0.0125 0.010156
47 1.065972 0.342969 0.040278 0.017188
47 1.061806 0.36875 0.026389 0.015625
47 1.039583 0.388281 0.0125 0.010937
47 1.072917 0.427344 0.034722 0.014063
47 1.104167 0.557031 0.033333 0.007812
47 1.056944 0.005469 0.063889 0.007812
47 1.050694 0.055469 0.045833 0.023438
47 1.231944 0.027734 0.044444 0.021094
47 1.33125 0.055859 0.048611 0.021094
47 1.326389 0.093359 0.041667 0.024219
47 1.1625 0.546875 0.027778 0.0125
47 0.945139 0.432812 0.023611 0.015625
