47 0.501389 0.148828 0.041667 0.032031
47 0.541667 0.148828 0.061111 0.036719
47 0.538194 0.169922 0.051389 0.013281
47 0.503472 0.240234 0.0625 0.036719
47 0.469444 0.248828 0.041667 0.032031
47 0.402083 0.339062 0.059722 0.025
47 0.584028 0.384375 0.0625 0.03125
47 0.522917 0.410938 0.054167 0.035937
47 0.364583 0.497266 0.048611 0.027344
47 0.528472 0.448828 0.023611 0.010156
47 0.534028 0.479687 0.040278 0.025
47 0.579167 0.503125 0.041667 0.021875
47 0.645833 0.503125 0.05 0.035937
47 0.691667 0.479687 0.038889 0.017188
47 0.304861 0.526953 0.051389 0.033594
47 0.292361 0.551953 0.051389 0.025781
47 0.35625 0.564844 0.040278 0.028125
47 0.345833 0.594922 0.05 0.030469
47 0.285417 0.575781 0.056944 0.028125
47 0.280556 0.601953 0.063889 0.021094
47 0.811111 0.585547 0.055556 0.030469
47 0.576389 0.627344 0.025 0.010937
47 0.413889 0.685547 0.061111 0.025781
47 0.369444 0.713672 0.055556 0.033594
47 0.347917 0.692578 0.048611 0.022656
47 0.322222 0.682031 0.044444 0.03125
47 0.314583 0.769922 0.059722 0.035156
47 0.334722 0.894922 0.030556 0.039844
47 0.3875 0.9 0.058333 0.0375
47 0.374306 0.378125 0.059722 0.025
47 0.426389 0.592578 0.030556 0.017969
47 0.65 0.691016 0.05 0.028906
47 0.182639 0.917188 0.048611 0.03125
47 0.6125 0.489453 0.036111 0.024219
47 0.272917 0.658984 0.018056 0.011719
47 0.404167 0.738281 0.047222 0.017188
47 0.370833 0.961719 0.022222 0.015625
47 0.08125 0.882812 0.043056 0.014063
47 0.513194 0.860156 0.031944 0.017188
