47 1.027778 0.117969 0.036111 0.025
47 1.042361 0.095312 0.043056 0.015625
47 0.988194 0.120703 0.026389 0.007031
47 0.958333 0.126562 0.027778 0.023438
47 1.054167 0.413281 0.052778 0.01875
47 1.042361 0.382422 0.040278 0.011719
47 1.149306 0.554297 0.051389 0.014844
47 1.025 0.541406 0.038889 0.020313
47 1.047222 0.529687 0.022222 0.025
47 0.88125 0.058203 0.0375 0.019531
47 0.853472 0.051953 0.029167 0.016406
47 0.795833 0.028125 0.033333 0.021875
47 0.795139 0.066016 0.026389 0.021094
47 0.757639 0.06875 0.029167 0.0125
47 0.802083 0.183984 0.026389 0.013281
47 0.815972 0.453906 0.015278 0.01875
47 0.779861 0.214062 0.026389 0.015625
47 0.763889 0.200781 0.027778 0.020313
47 0.703472 0.026953 0.023611 0.019531
47 0.576389 0.022656 0.025 0.017188
47 0.693056 0.110547 0.016667 0.017969
47 0.690278 0.138672 0.027778 0.013281
47 0.663889 0.135156 0.027778 0.017188
47 0.623611 0.239063 0.036111 0.023438
47 0.700694 0.277344 0.031944 0.020313
47 0.661111 0.296484 0.033333 0.017969
47 0.661806 0.283203 0.026389 0.014844
47 0.766667 0.298438 0.025 0.015625
47 0.740972 0.299609 0.023611 0.019531
47 0.791667 0.230859 0.022222 0.016406
47 0.824306 0.421875 0.029167 0.014063
47 0.727083 0.3625 0.034722 0.021875
47 0.644444 0.401172 0.038889 0.017969
47 0.704861 0.330859 0.026389 0.017969
47 0.547917 0.503906 0.043056 0.023438
47 0.55625 0.529297 0.048611 0.028906
47 0.650694 0.536719 0.034722 0.023438
47 0.654167 0.497656 0.025 0.0125
47 0.697917 0.4625 0.031944 0.015625
47 0.690972 0.445312 0.031944 0.017188
47 0.625694 0.527734 0.023611 0.019531
47 0.440972 0.119141 0.026389 0.013281
47 0.584028 0.149219 0.020833 0.015625
47 0.495833 0.405859 0.036111 0.027344
47 0.518056 0.515625 0.05 0.029687
47 0.490972 0.542578 0.048611 0.027344
47 0.357639 0.523047 0.023611 0.024219
47 0.302083 0.526563 0.048611 0.017188
47 0.290278 0.497656 0.047222 0.017188
