47 0.382639 0.022656 0.0375 0.017188
47 0.578472 0.139063 0.026389 0.01875
47 0.540278 0.095312 0.022222 0.017188
47 0.582639 0.077344 0.020833 0.0125
47 0.611111 0.114453 0.025 0.014844
47 0.580556 0.105469 0.019444 0.014063
47 0.409028 0.077734 0.023611 0.013281
47 0.813889 0.028125 0.033333 0.021875
47 0.619444 0.133203 0.030556 0.017969
47 0.519444 0.123828 0.025 0.013281
47 0.663889 0.067969 0.019444 0.014063
47 0.888194 0.008594 0.023611 0.0125
47 0.728472 0.254688 0.020833 0.009375
47 0.46875 0.061719 0.020833 0.0125
47 0.669444 0.263672 0.019444 0.014844
47 0.623611 0.184375 0.016667 0.010937
47 0.836111 0.033984 0.025 0.016406
47 0.866667 0.006641 0.022222 0.013281
47 0.893056 0.016406 0.036111 0.01875
47 0.716667 0.153906 0.027778 0.0125
47 0.722917 0.207031 0.015278 0.0125
47 0.809028 0.177344 0.018056 0.015625
47 0.676389 0.279297 0.022222 0.017969
