47 0.240972 0.215234 0.043056 0.016406
47 0.226389 0.195312 0.022222 0.014063
47 0.300694 0.183984 0.0375 0.024219
47 0.341667 0.228516 0.036111 0.017969
47 0.335417 0.169141 0.043056 0.016406
47 0.440972 0.120313 0.043056 0.026562
47 0.455556 0.125781 0.022222 0.014063
47 0.681944 0.187109 0.033333 0.021094
47 0.582639 0.301953 0.034722 0.019531
47 0.597222 0.309766 0.033333 0.017969
47 0.88125 0.223438 0.043056 0.025
47 0.902083 0.229687 0.026389 0.026562
47 1.023611 0.198828 0.041667 0.019531
47 0.624306 0.222656 0.020833 0.015625
47 0.597917 0.2625 0.031944 0.009375
47 0.756944 0.110156 0.033333 0.009375
47 0.410417 0.211328 0.026389 0.008594
47 0.463889 0.165234 0.038889 0.021094
47 0.540972 0.210156 0.0375 0.0125
47 0.6875 0.254297 0.019444 0.010156
47 0.64375 0.289844 0.020833 0.007812
47 0.8 0.302344 0.033333 0.01875
47 0.775694 0.336719 0.0375 0.025
47 1.178472 0.555469 0.0375 0.0125
47 1.172222 0.496875 0.036111 0.020313
47 0.906944 0.502734 0.047222 0.025781
47 0.603472 0.473438 0.029167 0.017188
47 0.465972 0.503125 0.0375 0.020313
47 0.452778 0.537109 0.05 0.024219
47 0.628472 0.505078 0.020833 0.011719
47 0.69375 0.557422 0.048611 0.008594
47 0.690278 0.544141 0.016667 0.017969
47 0.708333 0.553516 0.022222 0.013281
47 0.189583 0.551172 0.048611 0.021094
47 0.227778 0.553125 0.05 0.017188
47 0.408333 0.505859 0.036111 0.024219
47 0.709722 0.463672 0.038889 0.022656
47 0.665972 0.035937 0.029167 0.015625
47 0.748611 0.055078 0.038889 0.024219
47 0.7 0.009375 0.025 0.017188
47 0.765972 0.031641 0.029167 0.011719
47 0.725 0.030469 0.025 0.017188
47 0.679861 0.285938 0.018056 0.009375
47 0.701389 0.286719 0.019444 0.009375
47 0.706944 0.064453 0.030556 0.011719
47 0.676389 0.200781 0.027778 0.007812
47 0.8875 0.126953 0.033333 0.016406
47 0.722917 0.04375 0.018056 0.007812
47 0.760417 0.148438 0.0375 0.010937
47 1.213889 0.101562 0.033333 0.020313
47 0.930556 0.4125 0.030556 0.021875
47 0.663889 0.008984 0.019444 0.017969
47 0.503472 0.177734 0.015278 0.007031
47 0.388194 0.532422 0.068056 0.017969
47 0.364583 0.556641 0.020833 0.008594
47 0.435417 0.557031 0.026389 0.009375
47 0.997917 0.483594 0.026389 0.017188
47 1.154167 0.044531 0.044444 0.028125
