47 0.616667 0.051953 0.05 0.033594
47 0.679861 0.13125 0.031944 0.015625
47 0.719444 0.160547 0.038889 0.025781
47 0.585417 0.159375 0.048611 0.029687
47 0.524306 0.178906 0.045833 0.021875
47 0.570833 0.182812 0.052778 0.026562
47 0.6 0.201172 0.027778 0.028906
47 0.56875 0.207422 0.026389 0.024219
47 0.529861 0.205859 0.048611 0.035156
47 0.55625 0.237109 0.043056 0.021094
47 0.782639 0.212109 0.043056 0.030469
47 0.447917 0.25625 0.031944 0.015625
47 0.492361 0.253516 0.034722 0.016406
47 0.580556 0.258594 0.041667 0.034375
47 0.540278 0.267969 0.038889 0.025
47 0.477083 0.279297 0.048611 0.024219
47 0.344444 0.35 0.033333 0.01875
47 0.49375 0.392969 0.034722 0.028125
47 0.513194 0.410938 0.048611 0.026562
47 0.559028 0.387109 0.054167 0.035156
47 0.670139 0.359766 0.045833 0.022656
47 0.720833 0.345313 0.036111 0.017188
47 0.695139 0.325781 0.020833 0.0125
47 0.676389 0.2875 0.027778 0.010937
47 0.74375 0.358594 0.029167 0.028125
47 0.785417 0.364063 0.051389 0.028125
47 0.031944 0.571875 0.052778 0.029687
47 0.027083 0.6 0.051389 0.026562
47 0.052083 0.618359 0.031944 0.021094
47 0.480556 0.445703 0.038889 0.030469
47 0.643056 0.430859 0.047222 0.033594
47 0.751389 0.407031 0.036111 0.023438
47 0.80625 0.394531 0.020833 0.0125
47 0.730556 0.467969 0.055556 0.040625
47 0.778472 0.467969 0.043056 0.028125
47 0.652083 0.506641 0.034722 0.024219
47 0.686111 0.548828 0.052778 0.030469
47 0.384028 0.514844 0.045833 0.03125
47 0.427778 0.521484 0.047222 0.025781
47 0.510417 0.609375 0.040278 0.020313
47 0.392361 0.652734 0.0625 0.039844
47 0.427778 0.678516 0.055556 0.033594
47 0.355556 0.685937 0.05 0.025
47 0.905556 0.728906 0.036111 0.028125
47 0.881944 0.557031 0.022222 0.010937
