47 0.343056 0.175781 0.044444 0.023438
47 0.136111 0.336719 0.033333 0.021875
47 0.174306 0.341406 0.034722 0.017188
47 0.170139 0.4125 0.043056 0.025
47 0.184028 0.44375 0.040278 0.020313
47 0.361111 0.434766 0.038889 0.021094
47 0.400694 0.416016 0.018056 0.008594
47 0.14375 0.641016 0.048611 0.025781
47 0.152778 0.586328 0.030556 0.016406
47 0.458333 0.376563 0.025 0.01875
47 0.509722 0.372656 0.033333 0.01875
47 0.490972 0.388281 0.026389 0.015625
47 0.556944 0.40625 0.044444 0.025
47 0.747917 0.532813 0.0125 0.009375
47 0.899306 0.505469 0.018056 0.0125
47 0.642361 0.633984 0.020833 0.014844
47 0.365278 0.58125 0.008333 0.007812
47 0.661111 0.596094 0.016667 0.007812
47 0.982639 0.515234 0.0125 0.008594
47 0.956944 0.226562 0.013889 0.0125
47 0.975694 0.240234 0.0125 0.005469
47 0.654167 0.248047 0.008333 0.005469
47 0.652083 0.300781 0.026389 0.007812
47 0.670833 0.287109 0.016667 0.007031
47 0.858333 0.310156 0.008333 0.004687
47 0.816667 0.289453 0.011111 0.007031
47 0.804167 0.282031 0.008333 0.004687
47 0.81875 0.237109 0.009722 0.005469
47 0.813889 0.25 0.011111 0.007812
47 0.813889 0.271875 0.008333 0.004687
47 0.850694 0.301563 0.006944 0.004687
47 0.786806 0.621484 0.026389 0.010156
47 0.01875 0.432031 0.0125 0.009375
47 0.082639 0.432812 0.031944 0.026562
47 0.976389 0.270313 0.025 0.014063
47 0.982639 0.28125 0.026389 0.007812
47 0.127083 0.528516 0.0375 0.019531
47 0.155556 0.532422 0.036111 0.014844
47 0.179861 0.526172 0.015278 0.010156
47 0.119444 0.604297 0.055556 0.022656
47 0.477083 0.656641 0.020833 0.016406
47 0.714583 0.605859 0.0375 0.016406
47 0.990972 0.632031 0.015278 0.010937
47 0.950694 0.572656 0.0375 0.017188
47 0.9875 0.560156 0.019444 0.015625
