47 0.200694 0.218359 0.0375 0.019531
47 0.200694 0.485938 0.026389 0.014063
47 0.190972 0.478125 0.020833 0.014063
47 0.080556 0.196484 0.030556 0.014844
47 0.127778 0.295703 0.030556 0.017969
47 0.103472 0.294141 0.015278 0.017969
47 0.343056 0.316406 0.033333 0.014063
47 0.422917 0.342187 0.031944 0.020313
47 0.366667 0.339844 0.030556 0.017188
47 0.366667 0.358203 0.036111 0.014844
47 0.286111 0.339844 0.025 0.0125
47 0.409028 0.365625 0.031944 0.01875
47 0.2875 0.392969 0.027778 0.010937
47 0.314583 0.236328 0.034722 0.011719
47 0.564583 0.458203 0.031944 0.013281
47 0.65625 0.396875 0.026389 0.015625
47 0.100694 0.277734 0.023611 0.013281
47 0.055556 0.193359 0.027778 0.019531
47 0.401389 0.301172 0.033333 0.010156
47 0.270139 0.272266 0.020833 0.013281
47 0.045139 0.329297 0.031944 0.016406
47 0.018056 0.272656 0.022222 0.0125
47 0.045139 0.349219 0.020833 0.014063
47 0.070833 0.375391 0.025 0.019531
47 0.1125 0.367969 0.022222 0.0125
47 0.045833 0.415625 0.022222 0.010937
47 0.475694 0.478125 0.018056 0.0125
47 0.522917 0.451562 0.029167 0.010937
47 0.546528 0.432812 0.020833 0.010937
47 0.625 0.433203 0.016667 0.007031
47 0.510417 0.369922 0.026389 0.017969
47 0.163889 0.513672 0.030556 0.014844
47 0.171528 0.528125 0.026389 0.015625
47 0.184028 0.534766 0.031944 0.019531
47 0.205556 0.494922 0.030556 0.017969
