47 0.397917 0.151953 0.0375 0.022656
47 0.679861 0.040234 0.0375 0.021094
47 0.682639 0.060547 0.029167 0.016406
47 0.808333 0.058594 0.047222 0.026562
47 0.861111 0.066797 0.033333 0.021094
47 1.019444 0.057031 0.033333 0.028125
47 1.116667 0.048828 0.027778 0.014844
47 1.013194 0.033203 0.034722 0.010156
47 1.213889 0.042578 0.038889 0.025781
47 0.838889 0.169922 0.036111 0.021094
47 0.790278 0.271484 0.038889 0.021094
47 0.738889 0.220703 0.033333 0.014844
47 0.729861 0.248828 0.034722 0.016406
47 0.757639 0.2375 0.020833 0.010937
47 0.68125 0.428516 0.009722 0.005469
47 0.628472 0.414844 0.006944 0.007812
47 1.195833 0.394141 0.013889 0.008594
47 0.847917 0.010156 0.051389 0.01875
47 1.15 0.028125 0.052778 0.03125
47 1.236111 0.227734 0.033333 0.010156
47 1.193056 0.322266 0.025 0.011719
47 1.145833 0.367578 0.05 0.024219
47 1.0875 0.31875 0.016667 0.0125
47 1.120139 0.528906 0.0375 0.0125
47 1.070139 0.490625 0.043056 0.015625
47 1.048611 0.510547 0.027778 0.007031
47 1.171528 0.516406 0.043056 0.01875
47 1.009028 0.388672 0.018056 0.013281
47 0.981944 0.422266 0.030556 0.017969
47 1.076389 0.395703 0.025 0.010156
47 0.544444 0.507422 0.027778 0.016406
47 0.563889 0.510938 0.013889 0.0125
47 0.594444 0.528516 0.030556 0.014844
47 0.604861 0.545703 0.031944 0.021094
47 0.574306 0.553516 0.034722 0.016406
47 0.807639 0.187109 0.018056 0.010156
