47 0.541667 0.500391 0.058333 0.028906
47 0.586111 0.552344 0.033333 0.01875
47 0.550694 0.558984 0.023611 0.005469
47 0.719444 0.386328 0.033333 0.021094
47 0.665972 0.532031 0.034722 0.007812
47 0.697222 0.325391 0.030556 0.011719
47 0.833333 0.348828 0.027778 0.010156
47 0.997222 0.544531 0.027778 0.01875
47 1.064583 0.394531 0.023611 0.0125
47 0.833333 0.070312 0.033333 0.01875
47 1.064583 0.042578 0.048611 0.030469
47 1.106944 0.020703 0.05 0.027344
47 1.125 0.054688 0.055556 0.023438
47 1.1625 0.036328 0.058333 0.025781
47 1.263194 0.042969 0.026389 0.0125
