47 0.450694 0.117969 0.056944 0.028125
47 0.400694 0.130469 0.029167 0.015625
47 0.445139 0.152344 0.070833 0.03125
47 0.525694 0.15625 0.054167 0.025
47 0.370833 0.213672 0.052778 0.033594
47 0.347917 0.296484 0.031944 0.027344
47 0.322917 0.334375 0.054167 0.034375
47 0.646528 0.441406 0.054167 0.032813
47 0.727083 0.458984 0.034722 0.016406
47 0.441667 0.440234 0.033333 0.014844
47 0.438194 0.480859 0.045833 0.024219
47 0.488194 0.49375 0.029167 0.017188
47 0.4375 0.514062 0.030556 0.021875
47 0.420139 0.524219 0.031944 0.025
47 0.600694 0.512109 0.0625 0.033594
47 0.676389 0.571094 0.05 0.034375
47 0.375 0.6 0.063889 0.03125
47 0.220139 0.639453 0.054167 0.027344
47 0.552778 0.61875 0.055556 0.032813
47 0.600694 0.632812 0.0625 0.025
47 0.613194 0.658594 0.015278 0.026562
47 0.584028 0.680859 0.040278 0.027344
47 0.625694 0.705078 0.0375 0.019531
47 0.675694 0.713281 0.059722 0.023438
47 0.565972 0.701562 0.018056 0.025
47 0.179861 0.744922 0.054167 0.030469
47 0.428472 0.640625 0.043056 0.023438
47 0.456944 0.662109 0.047222 0.019531
47 0.436806 0.335938 0.029167 0.014063
47 0.361806 0.338281 0.026389 0.014063
47 0.602083 0.292578 0.034722 0.022656
47 0.4625 0.449609 0.033333 0.011719
47 0.458333 0.478516 0.025 0.016406
47 0.469444 0.546484 0.052778 0.030469
47 0.618056 0.539062 0.052778 0.020313
47 0.666667 0.525781 0.038889 0.020313
47 0.693056 0.447266 0.047222 0.025781
47 0.754861 0.473438 0.031944 0.014063
47 0.770833 0.564453 0.033333 0.017969
47 0.729861 0.571094 0.029167 0.017188
47 0.015972 0.778906 0.029167 0.025
47 0.389583 0.667969 0.031944 0.017188
47 0.631944 0.591016 0.027778 0.016406
47 0.738194 0.734375 0.0375 0.020313
47 0.590972 0.8125 0.031944 0.032813
47 0.630556 0.822656 0.058333 0.0375
47 0.779861 0.823438 0.040278 0.025
47 0.95625 0.789062 0.051389 0.028125
