47 0.038889 0.300391 0.052778 0.024219
47 0.129861 0.007812 0.043056 0.015625
47 0.286111 0.017969 0.027778 0.017188
47 0.468056 0.044531 0.038889 0.020313
47 0.473611 0.018359 0.027778 0.017969
47 0.520833 0.058594 0.033333 0.020313
47 0.515278 0.023047 0.027778 0.016406
47 0.597917 0.008984 0.031944 0.014844
47 0.540278 0.324219 0.047222 0.023438
47 0.727778 0.295312 0.025 0.017188
47 0.704861 0.063672 0.031944 0.013281
47 0.802083 0.088281 0.029167 0.020313
47 0.834722 0.101953 0.027778 0.019531
47 0.907639 0.074219 0.020833 0.014063
47 0.8875 0.298828 0.052778 0.022656
47 0.808333 0.180469 0.019444 0.015625
47 1.1125 0.259375 0.041667 0.015625
47 1.172917 0.44375 0.031944 0.023438
47 1.223611 0.255469 0.052778 0.021875
47 1.189583 0.107031 0.023611 0.010937
47 1.336806 0.2125 0.051389 0.032813
47 1.35 0.363281 0.038889 0.029687
47 0.072222 0.296875 0.030556 0.026562
47 0.902778 0.1875 0.036111 0.017188
47 0.877083 0.224609 0.026389 0.017969
47 1.111111 0.504687 0.030556 0.020313
47 1.124306 0.348047 0.034722 0.017969
