47 0.302083 0.411328 0.0375 0.016406
47 0.441667 0.337109 0.044444 0.021094
47 0.413889 0.379297 0.030556 0.027344
47 0.258333 0.413281 0.05 0.023438
47 0.229167 0.399609 0.05 0.021094
47 0.486111 0.447266 0.05 0.024219
47 0.272222 0.43125 0.038889 0.01875
47 0.190972 0.432031 0.045833 0.020313
47 0.364583 0.069141 0.034722 0.013281
47 0.376389 0.082422 0.033333 0.017969
47 0.359722 0.13125 0.025 0.017188
47 0.361806 0.114844 0.018056 0.01875
47 0.39375 0.094531 0.020833 0.017188
47 0.45625 0.321484 0.045833 0.027344
47 0.634722 0.108203 0.041667 0.025781
47 0.621528 0.071484 0.048611 0.027344
47 0.743056 0.088672 0.05 0.028906
47 0.713889 0.413672 0.052778 0.022656
47 0.811806 0.126172 0.0375 0.022656
47 0.853472 0.033203 0.045833 0.024219
47 0.736806 0.162891 0.0375 0.017969
47 0.901389 0.058984 0.033333 0.021094
47 0.798611 0.427344 0.052778 0.029687
47 0.786806 0.137109 0.026389 0.013281
47 0.922222 0.121484 0.038889 0.024219
47 0.777778 0.194531 0.027778 0.01875
47 0.697917 0.342187 0.034722 0.021875
47 0.85625 0.0625 0.023611 0.01875
47 0.848611 0.088281 0.027778 0.025
47 1.045833 0.290234 0.030556 0.011719
47 1.090278 0.414062 0.025 0.015625
47 1.190278 0.306641 0.027778 0.022656
47 0.774306 0.494531 0.026389 0.014063
47 0.891667 0.138281 0.025 0.015625
47 0.9 0.093359 0.019444 0.010156
