47 0.319444 0.669922 0.061111 0.028906
47 0.281944 0.640625 0.058333 0.032813
47 0.4125 0.602734 0.044444 0.022656
47 0.983333 0.691797 0.030556 0.024219
47 0.600694 0.540234 0.0375 0.017969
47 0.292361 0.505078 0.040278 0.025781
47 0.335417 0.510156 0.043056 0.021875
47 0.571528 0.500781 0.026389 0.020313
47 0.649306 0.455859 0.051389 0.028906
47 0.696528 0.458594 0.048611 0.028125
47 0.397222 0.43125 0.027778 0.020313
47 0.43125 0.399219 0.040278 0.025
47 0.563889 0.419922 0.044444 0.022656
47 0.704861 0.351953 0.065278 0.025781
47 0.476389 0.372656 0.05 0.028125
47 0.411806 0.372656 0.026389 0.014063
47 0.590972 0.346094 0.045833 0.021875
47 0.665972 0.336719 0.0375 0.014063
47 0.261806 0.336719 0.040278 0.020313
47 0.397222 0.264844 0.038889 0.020313
47 0.470139 0.254688 0.0375 0.021875
47 0.500694 0.241797 0.051389 0.027344
47 0.479861 0.217578 0.054167 0.013281
47 0.719444 0.197656 0.033333 0.025
47 0.368056 0.237891 0.030556 0.010156
47 0.454861 0.187109 0.051389 0.033594
47 0.448611 0.160156 0.044444 0.020313
47 0.498611 0.165625 0.044444 0.025
47 0.640278 0.144531 0.030556 0.021875
47 0.506944 0.140625 0.047222 0.026562
47 0.542361 0.027344 0.045833 0.029687
47 0.609722 0.111328 0.033333 0.016406
47 0.584722 0.318359 0.019444 0.010156
47 0.615972 0.35625 0.018056 0.014063
47 0.800694 0.549219 0.029167 0.010937
47 0.665278 0.589453 0.019444 0.011719
47 0.503472 0.185156 0.059722 0.032813
47 0.658333 0.398828 0.025 0.013281
47 0.693056 0.396484 0.044444 0.022656
47 0.854861 0.736328 0.029167 0.016406
