47 0.433333 0.358203 0.047222 0.024219
47 0.392361 0.369531 0.026389 0.0125
47 0.494444 0.389453 0.044444 0.024219
47 0.430556 0.384766 0.044444 0.025781
47 0.355556 0.441016 0.05 0.030469
47 0.343056 0.509375 0.022222 0.023438
47 0.321528 0.544141 0.048611 0.032031
47 0.605556 0.644141 0.052778 0.032031
47 0.432639 0.681641 0.045833 0.025781
47 0.440972 0.640625 0.0375 0.017188
47 0.568056 0.713281 0.055556 0.03125
47 0.421528 0.726953 0.054167 0.027344
47 0.638194 0.775781 0.054167 0.034375
47 0.357639 0.806641 0.059722 0.033594
47 0.203472 0.845313 0.054167 0.039062
47 0.528472 0.825 0.051389 0.034375
47 0.456944 0.869141 0.038889 0.017969
47 0.559028 0.886328 0.031944 0.028906
47 0.599306 0.914453 0.031944 0.017969
47 0.651389 0.920312 0.05 0.01875
47 0.550694 0.913281 0.020833 0.021875
47 0.596528 0.816406 0.020833 0.0125
47 0.746528 0.765625 0.029167 0.020313
47 0.725 0.651563 0.047222 0.01875
47 0.68125 0.642969 0.045833 0.025
47 0.480556 0.691797 0.036111 0.016406
47 0.651389 0.718359 0.047222 0.021094
47 0.597917 0.735547 0.023611 0.013281
47 0.409028 0.701562 0.031944 0.026562
47 0.685417 0.771875 0.026389 0.026562
47 0.160417 0.958203 0.051389 0.032031
47 0.380556 0.875 0.022222 0.021875
47 0.429167 0.841797 0.058333 0.032031
47 0.578472 0.836719 0.0625 0.025
47 0.71875 0.939844 0.031944 0.021875
47 0.950694 0.988281 0.031944 0.020313
47 0.455556 0.752344 0.058333 0.023438
