47 0.346528 0.310547 0.040278 0.027344
47 0.395833 0.369141 0.066667 0.033594
47 0.509028 0.336328 0.0625 0.035156
47 0.504167 0.251953 0.055556 0.027344
47 0.596528 0.233594 0.045833 0.025
47 0.557639 0.230859 0.034722 0.016406
47 0.554167 0.251172 0.025 0.014844
47 0.565972 0.266016 0.026389 0.013281
47 0.645139 0.236328 0.051389 0.028906
47 0.622917 0.265625 0.015278 0.015625
47 0.597917 0.289062 0.026389 0.015625
47 0.595833 0.307812 0.027778 0.025
47 0.477778 0.303125 0.019444 0.023438
47 0.695139 0.223438 0.048611 0.026562
47 0.711111 0.308594 0.05 0.028125
47 0.768056 0.195703 0.036111 0.028906
47 0.817361 0.186719 0.0375 0.01875
47 0.851389 0.211719 0.033333 0.021875
47 0.798611 0.230859 0.025 0.021094
47 0.851389 0.127344 0.036111 0.017188
47 0.783333 0.115625 0.022222 0.010937
47 0.959722 0.159375 0.033333 0.0125
47 0.973611 0.216016 0.033333 0.022656
47 0.909722 0.344922 0.044444 0.028906
47 1.002778 0.345703 0.058333 0.027344
47 1.023611 0.324219 0.047222 0.029687
47 0.877083 0.346875 0.026389 0.014063
47 1.184028 0.191406 0.054167 0.032813
47 1.153472 0.141797 0.034722 0.024219
47 1.065972 0.15 0.043056 0.014063
47 1.051389 0.216016 0.038889 0.030469
47 1.104167 0.372656 0.052778 0.025
47 1.250694 0.338672 0.043056 0.027344
47 1.250694 0.4 0.054167 0.026562
47 1.516667 0.342187 0.058333 0.032813
47 1.339583 0.113281 0.031944 0.023438
47 1.365972 0.139453 0.0625 0.028906
47 1.281944 0.286719 0.044444 0.015625
47 1.625 0.351953 0.047222 0.025781
47 1.575 0.321875 0.052778 0.026562
47 1.730556 0.063281 0.041667 0.026562
47 1.500694 0.196094 0.0375 0.01875
47 1.334028 0.371094 0.040278 0.020313
47 1.370139 0.396094 0.0375 0.020313
47 1.247917 0.375 0.029167 0.014063
47 1.198611 0.380078 0.033333 0.014844
47 1.654861 0.402344 0.056944 0.032813
47 1.711806 0.44375 0.054167 0.028125
47 1.565972 0.454297 0.048611 0.025781
47 1.649306 0.473828 0.0375 0.028906
47 0.969444 0.417969 0.025 0.020313
47 1.526389 0.401562 0.055556 0.023438
47 1.39375 0.208203 0.026389 0.019531
47 1.754861 0.112109 0.043056 0.032031
47 1.741667 0.220703 0.038889 0.013281
47 1.438194 0.409375 0.026389 0.025
47 1.021528 0.391406 0.040278 0.028125
47 1.047222 0.180078 0.038889 0.022656
47 0.704167 0.159766 0.019444 0.010156
47 1.23125 0.11875 0.029167 0.014063
47 1.227083 0.215625 0.045833 0.034375
47 1.104167 0.219141 0.019444 0.007031
47 0.890972 0.168359 0.0125 0.007031
47 0.779861 0.153906 0.015278 0.009375
47 0.911806 0.141406 0.018056 0.00625
47 0.760417 0.211719 0.020833 0.009375
47 1.302778 0.170703 0.019444 0.016406
47 1.495139 0.423438 0.034722 0.015625
47 1.469444 0.457813 0.016667 0.007812
47 1.729861 0.121094 0.034722 0.021875
