47 0.016667 0.506641 0.030556 0.021094
47 0.192361 0.485156 0.034722 0.021875
47 0.250694 0.483594 0.043056 0.023438
47 0.829167 0.518359 0.055556 0.027344
47 0.633333 0.486719 0.044444 0.023438
47 0.464583 0.473438 0.0375 0.020313
47 0.244444 0.389453 0.036111 0.016406
47 0.193056 0.333203 0.038889 0.016406
47 0.831944 0.188672 0.047222 0.027344
47 0.846528 0.310937 0.0375 0.025
47 0.947222 0.308203 0.041667 0.027344
47 0.905556 0.496484 0.05 0.021094
47 0.397222 0.321484 0.036111 0.014844
47 0.354167 0.310937 0.025 0.014063
47 0.254167 0.4125 0.025 0.014063
47 0.250694 0.335547 0.026389 0.013281
47 0.838889 0.541406 0.061111 0.021875
47 0.020833 0.210938 0.038889 0.020313
47 0.013889 0.189453 0.027778 0.021094
47 0.784722 0.189453 0.038889 0.017969
47 0.059028 0.208984 0.023611 0.016406
47 0.034028 0.147266 0.031944 0.013281
47 0.0375 0.175 0.011111 0.009375
47 0.034028 0.282422 0.018056 0.016406
47 0.077083 0.276172 0.031944 0.017969
47 0.09375 0.320703 0.023611 0.011719
47 0.071528 0.319922 0.026389 0.019531
47 0.09375 0.332422 0.031944 0.011719
47 0.227083 0.370703 0.029167 0.013281
47 0.179167 0.493359 0.038889 0.022656
47 0.24375 0.421094 0.020833 0.0125
47 0.395139 0.378516 0.018056 0.016406
47 0.395833 0.395703 0.025 0.010156
47 0.420833 0.394922 0.030556 0.011719
47 0.294444 0.450781 0.038889 0.015625
47 0.314583 0.503516 0.029167 0.017969
47 0.334028 0.5 0.045833 0.023438
47 0.390972 0.480078 0.020833 0.011719
47 0.426389 0.479687 0.027778 0.017188
47 0.411111 0.504687 0.038889 0.017188
47 0.668056 0.466406 0.033333 0.014063
47 0.878472 0.296094 0.0375 0.025
47 0.956944 0.320703 0.033333 0.014844
47 0.983333 0.311328 0.030556 0.025781
