47 0.465278 0.065625 0.063889 0.034375
47 0.472222 0.094922 0.058333 0.032031
47 0.495833 0.130078 0.055556 0.033594
47 0.447222 0.125 0.05 0.03125
47 0.544444 0.189062 0.055556 0.03125
47 0.50625 0.192188 0.029167 0.025
47 0.376389 0.16875 0.063889 0.0375
47 0.365972 0.227344 0.056944 0.03125
47 0.413194 0.235156 0.056944 0.035937
47 0.472222 0.23125 0.027778 0.026562
47 0.521528 0.263281 0.065278 0.032813
47 0.625694 0.292187 0.068056 0.035937
47 0.18125 0.308594 0.059722 0.032813
47 0.121528 0.327344 0.059722 0.028125
47 0.497222 0.317188 0.061111 0.03125
47 0.647917 0.317578 0.056944 0.032031
47 0.58125 0.349609 0.054167 0.030469
47 0.527778 0.339844 0.063889 0.035937
47 0.55 0.425781 0.052778 0.029687
47 0.501389 0.457422 0.055556 0.030469
47 0.40625 0.485547 0.068056 0.036719
47 0.466667 0.439453 0.041667 0.021094
47 0.670139 0.425391 0.056944 0.028906
47 0.148611 0.579688 0.058333 0.025
47 0.166667 0.640234 0.033333 0.017969
47 0.759722 0.483984 0.041667 0.017969
47 0.393056 0.659766 0.041667 0.025781
47 0.135417 0.773438 0.045833 0.023438
47 0.947917 0.676953 0.034722 0.021094
47 0.984028 0.682422 0.020833 0.021094
47 0.501389 0.813672 0.055556 0.032031
47 0.438889 0.823047 0.052778 0.032031
47 0.978472 0.971875 0.040278 0.034375
47 0.882639 0.962891 0.034722 0.016406
47 0.040278 0.855859 0.072222 0.044531
47 0.397222 0.122656 0.016667 0.029687
47 0.602778 0.316016 0.033333 0.025781
47 0.982639 0.438672 0.031944 0.027344
47 0.984722 0.483594 0.027778 0.0125
47 0.620139 0.426563 0.029167 0.025
47 0.338889 0.58125 0.041667 0.032813
47 0.222222 0.71875 0.061111 0.035937
47 0.868056 0.667578 0.05 0.024219
47 0.6125 0.629687 0.044444 0.03125
47 0.598611 0.592578 0.041667 0.013281
47 0.4375 0.588281 0.041667 0.01875
47 0.65 0.492969 0.05 0.020313
47 0.572917 0.563672 0.0375 0.017969
