47 0.484722 0.186328 0.038889 0.022656
47 0.397222 0.229297 0.038889 0.024219
47 0.499306 0.241016 0.051389 0.027344
47 0.435417 0.292578 0.034722 0.022656
47 0.480556 0.310547 0.036111 0.024219
47 0.507639 0.307812 0.040278 0.025
47 0.559028 0.282422 0.031944 0.016406
47 0.49375 0.351953 0.045833 0.025781
47 0.561806 0.317578 0.040278 0.022656
47 0.599306 0.3125 0.0375 0.020313
47 0.584028 0.347266 0.048611 0.024219
47 0.643056 0.361328 0.038889 0.019531
47 0.690972 0.381641 0.045833 0.024219
47 0.811806 0.39375 0.043056 0.021875
47 0.619444 0.398047 0.036111 0.024219
47 0.660417 0.413672 0.0375 0.021094
47 0.71875 0.425781 0.029167 0.021875
47 0.627083 0.414844 0.026389 0.01875
47 0.440278 0.416797 0.036111 0.021094
47 0.432639 0.441406 0.0375 0.023438
47 0.445139 0.485156 0.043056 0.025
47 0.650694 0.467969 0.029167 0.017188
47 0.604167 0.514453 0.030556 0.024219
47 0.6375 0.519141 0.036111 0.021094
47 0.656944 0.508984 0.025 0.014844
47 0.679861 0.528125 0.029167 0.0125
47 0.599306 0.536328 0.031944 0.021094
47 0.573611 0.551953 0.047222 0.025781
47 0.68125 0.576562 0.040278 0.015625
47 0.694444 0.558594 0.025 0.015625
47 0.780556 0.629687 0.052778 0.029687
47 0.954861 0.665625 0.040278 0.028125
47 0.988194 0.65625 0.020833 0.021875
47 0.922222 0.672656 0.038889 0.020313
47 0.835417 0.687891 0.0375 0.032031
47 0.409028 0.601172 0.054167 0.025781
47 0.347917 0.619141 0.045833 0.027344
47 0.288889 0.614062 0.047222 0.025
47 0.26875 0.637109 0.045833 0.022656
47 0.25625 0.649219 0.040278 0.025
47 0.430556 0.654687 0.041667 0.023438
47 0.391667 0.662891 0.038889 0.021094
47 0.384028 0.641797 0.029167 0.011719
47 0.381944 0.696094 0.044444 0.023438
47 0.381944 0.712109 0.033333 0.011719
47 0.273611 0.752734 0.041667 0.025781
47 0.307639 0.71875 0.020833 0.007812
47 0.342361 0.789453 0.026389 0.021094
47 0.392361 0.804688 0.051389 0.026562
47 0.534028 0.795312 0.040278 0.028125
47 0.484722 0.797266 0.022222 0.011719
47 0.809722 0.789453 0.052778 0.024219
47 0.660417 0.764453 0.026389 0.021094
47 0.688889 0.761328 0.033333 0.017969
47 0.295139 0.886328 0.034722 0.019531
47 0.336111 0.880469 0.033333 0.021875
47 0.364583 0.862891 0.026389 0.025781
47 0.422917 0.852734 0.040278 0.021094
47 0.791667 0.838281 0.055556 0.03125
47 0.809722 0.811719 0.05 0.020313
47 0.879167 0.874609 0.05 0.033594
47 0.825694 0.867188 0.040278 0.017188
47 0.934722 0.899219 0.038889 0.026562
47 0.904861 0.883594 0.031944 0.03125
47 0.175 0.919531 0.041667 0.021875
47 0.354167 0.644141 0.033333 0.019531
47 0.259722 0.795703 0.027778 0.016406
47 0.766667 0.727734 0.036111 0.016406
47 0.988194 0.701953 0.018056 0.024219
47 0.759028 0.710547 0.020833 0.011719
47 0.522917 0.6125 0.031944 0.025
47 0.448611 0.508594 0.033333 0.020313
47 0.868056 0.961328 0.022222 0.027344
