47 0.209028 0.249609 0.045833 0.024219
47 0.25625 0.261719 0.040278 0.015625
47 0.258333 0.283984 0.063889 0.030469
47 0.248611 0.3125 0.069444 0.034375
47 0.295139 0.288672 0.018056 0.011719
47 0.45625 0.33125 0.031944 0.020313
47 0.604861 0.289844 0.065278 0.034375
47 0.647917 0.246875 0.051389 0.03125
47 0.686111 0.229687 0.041667 0.020313
47 0.733333 0.395313 0.044444 0.015625
47 0.742361 0.385937 0.043056 0.021875
47 0.975 0.195312 0.052778 0.025
47 0.850694 0.286719 0.059722 0.029687
47 0.873611 0.354297 0.047222 0.028906
47 0.860417 0.401562 0.043056 0.023438
47 0.85625 0.419531 0.034722 0.010937
47 1.0125 0.315625 0.063889 0.0375
47 1.046528 0.246875 0.023611 0.025
47 1.094444 0.299609 0.058333 0.038281
47 1.070139 0.329297 0.051389 0.022656
47 1.045139 0.354687 0.059722 0.03125
47 1.084028 0.373437 0.034722 0.023438
47 1.161806 0.331641 0.0375 0.019531
47 1.144444 0.280859 0.038889 0.021094
47 1.232639 0.339453 0.051389 0.033594
47 1.180556 0.358203 0.052778 0.027344
47 1.5375 0.175 0.061111 0.032813
47 1.340278 0.164453 0.036111 0.033594
47 0.050694 0.306641 0.054167 0.027344
47 1.509722 0.062891 0.036111 0.022656
47 1.331944 0.240234 0.030556 0.016406
47 1.198611 0.555469 0.027778 0.010937
47 1.063194 0.214844 0.034722 0.021875
47 0.504167 0.367969 0.022222 0.014063
47 0.552778 0.369922 0.041667 0.016406
47 0.692361 0.278125 0.034722 0.0125
47 0.53125 0.333594 0.018056 0.007812
47 0.570139 0.315625 0.023611 0.0125
47 0.845833 0.305078 0.058333 0.025781
47 0.83125 0.320703 0.048611 0.022656
47 1.090278 0.402734 0.030556 0.021094
47 1.374306 0.371875 0.065278 0.03125
47 1.670833 0.396094 0.083333 0.039062
47 1.728472 0.273047 0.0625 0.036719
47 1.50625 0.254297 0.040278 0.028906
