47 0.227778 0.049219 0.033333 0.0125
47 0.371528 0.005859 0.034722 0.010156
47 0.391667 0.016016 0.027778 0.011719
47 0.364583 0.021875 0.031944 0.017188
47 0.340278 0.058594 0.05 0.023438
47 0.466667 0.054297 0.038889 0.021094
47 0.484028 0.06875 0.040278 0.023438
47 0.790972 0.089063 0.040278 0.023438
47 1.095139 0.1 0.043056 0.021875
47 1.179167 0.077734 0.066667 0.041406
47 1.26875 0.039062 0.056944 0.0375
47 1.330556 0.056641 0.069444 0.027344
47 1.386111 0.017578 0.033333 0.022656
47 1.390278 0.048438 0.038889 0.025
47 1.475 0.121094 0.033333 0.01875
47 1.541667 0.194141 0.063889 0.028906
47 1.264583 0.208594 0.051389 0.028125
47 1.304861 0.125391 0.023611 0.021094
47 1.323611 0.139844 0.030556 0.014063
47 1.367361 0.161328 0.029167 0.016406
47 1.369444 0.175 0.033333 0.017188
47 1.071528 0.194922 0.023611 0.019531
47 1.070833 0.255078 0.025 0.013281
47 1.161111 0.240625 0.016667 0.010937
47 1.346528 0.3 0.054167 0.03125
47 0.260417 0.108203 0.031944 0.017969
47 0.084028 0.116016 0.043056 0.024219
47 0.0625 0.134375 0.05 0.023438
47 0.203472 0.14375 0.045833 0.023438
47 0.252083 0.152734 0.051389 0.024219
47 0.256944 0.18125 0.044444 0.025
47 0.093056 0.178125 0.044444 0.020313
47 0.095833 0.201563 0.041667 0.023438
47 0.1125 0.222266 0.052778 0.025781
47 0.141667 0.168359 0.055556 0.028906
47 0.188194 0.189844 0.026389 0.020313
47 0.292361 0.104688 0.031944 0.021875
47 0.353472 0.141016 0.034722 0.021094
47 0.516667 0.131641 0.025 0.021094
47 0.465972 0.151562 0.043056 0.026562
47 0.532639 0.159375 0.0375 0.01875
47 0.582639 0.189844 0.043056 0.021875
47 0.785417 0.130469 0.0375 0.026562
47 0.809722 0.132812 0.030556 0.025
47 1.495833 0.458984 0.069444 0.030469
47 1.50625 0.501172 0.070833 0.035156
47 1.430556 0.457813 0.058333 0.0375
47 1.186806 0.492969 0.040278 0.017188
47 1.277083 0.492578 0.0625 0.035156
47 1.331944 0.536328 0.061111 0.035156
47 1.372222 0.522266 0.041667 0.025781
47 1.370139 0.555859 0.048611 0.011719
47 1.406944 0.530469 0.05 0.026562
47 1.040278 0.406641 0.019444 0.024219
47 1.125694 0.343359 0.034722 0.016406
47 0.970833 0.319922 0.022222 0.010156
47 0.930556 0.385937 0.016667 0.010937
47 0.395139 0.225391 0.040278 0.025781
47 0.502778 0.211719 0.044444 0.025
47 0.527083 0.240625 0.040278 0.023438
47 0.520833 0.265234 0.055556 0.028906
47 0.069444 0.287109 0.033333 0.025781
47 0.109722 0.2875 0.038889 0.023438
47 0.297222 0.264062 0.05 0.028125
47 0.415972 0.288672 0.059722 0.028906
47 0.425694 0.321484 0.043056 0.033594
47 0.511111 0.382031 0.061111 0.0375
47 0.419444 0.419141 0.069444 0.038281
47 0.530556 0.398438 0.052778 0.029687
47 0.520139 0.426172 0.045833 0.028906
47 0.548611 0.428125 0.019444 0.021875
47 0.934722 0.504687 0.027778 0.020313
47 0.142361 0.336328 0.0625 0.032031
47 0.129861 0.351172 0.051389 0.017969
47 0.284722 0.355469 0.066667 0.035937
47 0.254861 0.431641 0.059722 0.027344
47 0.274306 0.456641 0.070833 0.035156
47 0.1625 0.471094 0.066667 0.032813
47 0.020139 0.548438 0.031944 0.021875
47 0.077778 0.539844 0.044444 0.026562
47 0.091667 0.557031 0.044444 0.007812
47 0.11875 0.546094 0.040278 0.021875
47 0.175694 0.553906 0.029167 0.014063
47 0.254167 0.538672 0.030556 0.019531
47 0.321528 0.555469 0.0125 0.010937
47 0.479167 0.525781 0.030556 0.015625
47 0.303472 0.501172 0.031944 0.014844
47 0.145139 0.244531 0.040278 0.023438
47 0.617361 0.486719 0.020833 0.014063
47 0.880556 0.503516 0.025 0.013281
47 0.384722 0.037891 0.027778 0.028906
47 0.558333 0.028516 0.025 0.017969
47 0.488194 0.036328 0.020833 0.014844
47 0.368056 0.491797 0.022222 0.013281
47 0.065972 0.492578 0.031944 0.014844
47 0.036806 0.429297 0.045833 0.027344
47 1.001389 0.053516 0.033333 0.016406
