47 0.565278 0.110547 0.055556 0.025781
47 0.618056 0.139453 0.063889 0.032031
47 0.601389 0.169531 0.044444 0.023438
47 0.667361 0.187109 0.043056 0.030469
47 0.61875 0.198828 0.054167 0.027344
47 0.572917 0.219141 0.059722 0.027344
47 0.610417 0.268359 0.065278 0.035156
47 0.664583 0.272266 0.054167 0.021094
47 0.549306 0.282813 0.043056 0.025
47 0.701389 0.316016 0.047222 0.027344
47 0.59375 0.323047 0.051389 0.032031
47 0.628472 0.333203 0.034722 0.024219
47 0.879861 0.394922 0.056944 0.027344
47 0.520139 0.430859 0.045833 0.028906
47 0.581944 0.361328 0.022222 0.028906
47 0.946528 0.406641 0.059722 0.027344
47 0.609722 0.500391 0.044444 0.025781
47 0.234722 0.594531 0.05 0.029687
47 0.211806 0.574609 0.045833 0.016406
47 0.390972 0.64375 0.040278 0.021875
47 0.825 0.673438 0.069444 0.034375
47 0.759722 0.653906 0.058333 0.028125
47 0.559722 0.692187 0.055556 0.034375
47 0.740972 0.709375 0.065278 0.0375
47 0.627778 0.730859 0.066667 0.028906
47 0.65 0.760547 0.044444 0.032031
47 0.589583 0.777734 0.070833 0.033594
47 0.466667 0.819531 0.038889 0.017188
47 0.470139 0.692578 0.048611 0.030469
47 0.375694 0.698438 0.0375 0.023438
47 0.875694 0.608203 0.048611 0.019531
47 0.436806 0.397656 0.048611 0.014063
47 0.563194 0.617578 0.034722 0.016406
47 0.6625 0.385547 0.044444 0.011719
47 0.643056 0.308984 0.052778 0.024219
47 0.650694 0.320703 0.056944 0.025781
47 0.677083 0.329297 0.023611 0.024219
47 0.501389 0.441406 0.025 0.009375
47 0.589583 0.440625 0.020833 0.014063
47 0.190278 0.610938 0.044444 0.034375
47 0.015278 0.529297 0.025 0.030469
47 0.059722 0.532031 0.055556 0.017188
47 0.791667 0.571875 0.030556 0.01875
47 0.425 0.754687 0.041667 0.01875
47 0.645139 0.808984 0.045833 0.035156
47 0.636111 0.853516 0.058333 0.036719
47 0.127778 0.816797 0.022222 0.019531
47 0.145139 0.807031 0.031944 0.017188
47 0.213889 0.877344 0.038889 0.025
47 0.08125 0.873437 0.026389 0.015625
47 0.075 0.647266 0.033333 0.021094
47 0.128472 0.625391 0.043056 0.030469
47 0.102778 0.673828 0.033333 0.019531
47 0.0125 0.583984 0.025 0.019531
47 0.698611 0.547656 0.027778 0.025
47 0.247222 0.702344 0.036111 0.014063
47 0.9375 0.931641 0.041667 0.024219
47 0.964583 0.948438 0.0625 0.032813
