47 0.102778 0.166406 0.025 0.01875
47 0.13125 0.239453 0.0375 0.024219
47 0.167361 0.251172 0.031944 0.019531
47 0.0875 0.48125 0.052778 0.025
47 0.84375 0.06875 0.051389 0.03125
47 0.727778 0.175781 0.044444 0.025
47 0.654167 0.220312 0.041667 0.023438
47 0.765278 0.176563 0.036111 0.034375
47 0.677778 0.266016 0.041667 0.028906
47 0.714583 0.275391 0.0375 0.025781
47 0.778472 0.265625 0.040278 0.026562
47 0.825 0.263281 0.05 0.029687
47 0.870833 0.259375 0.019444 0.017188
47 0.74375 0.299219 0.051389 0.029687
47 0.654167 0.348047 0.05 0.027344
47 0.814583 0.328516 0.054167 0.022656
47 0.716667 0.367188 0.038889 0.025
47 0.741667 0.362891 0.030556 0.019531
47 0.676389 0.413672 0.036111 0.019531
47 0.734028 0.428516 0.0375 0.017969
47 0.674306 0.432812 0.034722 0.017188
47 0.582639 0.426953 0.034722 0.016406
47 0.936806 0.451172 0.043056 0.024219
47 0.904167 0.471484 0.047222 0.019531
47 0.843056 0.498437 0.041667 0.023438
47 0.650694 0.490234 0.043056 0.017969
47 0.688889 0.481641 0.041667 0.017969
47 0.710417 0.502344 0.040278 0.025
47 0.681944 0.520312 0.025 0.021875
47 0.6625 0.587109 0.033333 0.019531
47 0.520833 0.654297 0.036111 0.014844
47 0.809722 0.760547 0.058333 0.036719
47 0.915972 0.595313 0.048611 0.025
47 0.747222 0.465625 0.022222 0.0125
47 0.947222 0.644141 0.061111 0.016406
47 0.650694 0.532031 0.056944 0.0125
