47 0.725 0.278906 0.030556 0.014063
47 0.719444 0.296094 0.033333 0.020313
47 0.819444 0.262109 0.047222 0.028906
47 0.85 0.251172 0.030556 0.022656
47 0.959722 0.267188 0.022222 0.010937
47 0.936806 0.314063 0.048611 0.025
47 0.914583 0.330078 0.043056 0.025781
47 1.054167 0.358203 0.047222 0.030469
47 1.06875 0.278125 0.043056 0.034375
47 1.108333 0.311719 0.044444 0.029687
47 1.238889 0.103906 0.052778 0.025
47 1.268056 0.138281 0.047222 0.025
47 1.152083 0.2375 0.031944 0.023438
47 1.184722 0.2875 0.025 0.014063
47 1.290278 0.273047 0.044444 0.019531
47 1.140972 0.346875 0.040278 0.025
47 1.154861 0.392969 0.059722 0.025
47 1.2 0.409375 0.038889 0.028125
47 1.120139 0.423047 0.031944 0.027344
47 0.763194 0.285938 0.034722 0.014063
47 0.797222 0.319141 0.044444 0.021094
47 1.0 0.048438 0.044444 0.017188
47 0.915278 0.038672 0.041667 0.017969
47 0.396528 0.016016 0.059722 0.030469
47 0.854861 0.285156 0.031944 0.021875
47 0.86875 0.317188 0.045833 0.023438
47 0.920833 0.017969 0.058333 0.029687
47 1.306944 0.013672 0.055556 0.025781
47 1.283333 0.247266 0.036111 0.011719
47 1.142361 0.552734 0.020833 0.007031
47 1.088194 0.553906 0.034722 0.015625
47 1.113889 0.557031 0.019444 0.009375
