47 0.380556 0.300781 0.055556 0.034375
47 0.420139 0.402344 0.048611 0.034375
47 0.344444 0.404297 0.05 0.027344
47 0.340972 0.382031 0.048611 0.020313
47 0.507639 0.290625 0.065278 0.0375
47 0.531944 0.262109 0.061111 0.036719
47 0.4875 0.011328 0.066667 0.016406
47 0.5625 0.005469 0.052778 0.009375
47 0.683333 0.011719 0.041667 0.021875
47 0.829167 0.0375 0.05 0.029687
47 0.929861 0.017188 0.054167 0.025
47 1.022917 0.089063 0.051389 0.029687
47 1.038889 0.103906 0.05 0.029687
47 1.288194 0.543359 0.056944 0.030469
47 1.170833 0.551953 0.061111 0.017969
47 1.331944 0.551562 0.066667 0.015625
47 0.948611 0.502734 0.058333 0.032031
