47 1.215278 0.434766 0.044444 0.035156
47 1.164583 0.414062 0.065278 0.034375
47 1.040972 0.166797 0.043056 0.022656
47 1.0875 0.167969 0.05 0.028125
47 1.080556 0.141406 0.019444 0.021875
47 0.921528 0.380469 0.043056 0.021875
47 0.929167 0.405859 0.036111 0.021094
47 0.968056 0.546094 0.044444 0.029687
47 0.897222 0.528906 0.027778 0.029687
47 0.870139 0.549609 0.0375 0.022656
47 0.893056 0.486328 0.011111 0.007031
47 0.761111 0.525391 0.052778 0.030469
47 0.682639 0.476172 0.054167 0.032031
47 0.73125 0.444922 0.043056 0.024219
47 0.797222 0.424609 0.036111 0.021094
47 0.692361 0.514453 0.026389 0.014844
47 0.625 0.533203 0.033333 0.027344
47 0.629167 0.346484 0.027778 0.013281
47 0.631944 0.557813 0.030556 0.00625
47 0.600694 0.550781 0.029167 0.021875
47 0.571528 0.542578 0.020833 0.027344
47 0.502083 0.410938 0.023611 0.014063
47 0.468056 0.537109 0.030556 0.019531
47 0.448611 0.477734 0.052778 0.024219
47 0.475 0.451562 0.036111 0.023438
47 0.443056 0.423828 0.025 0.016406
47 0.402083 0.455469 0.020833 0.009375
47 0.404861 0.465234 0.026389 0.008594
47 0.359028 0.439844 0.051389 0.029687
47 0.310417 0.432812 0.034722 0.023438
47 0.315972 0.464062 0.045833 0.025
47 0.342361 0.478906 0.023611 0.015625
47 0.35625 0.462109 0.034722 0.016406
47 0.277083 0.478906 0.051389 0.03125
47 0.008333 0.446094 0.013889 0.023438
47 0.083333 0.487109 0.061111 0.011719
47 0.215972 0.534375 0.034722 0.028125
47 0.268056 0.546875 0.041667 0.029687
47 0.511111 0.539453 0.055556 0.041406
47 0.698611 0.088281 0.011111 0.0125
47 1.227083 0.340625 0.040278 0.032813
