47 0.170833 0.055859 0.108333 0.053906
47 0.176389 0.108984 0.111111 0.050781
47 0.069444 0.206641 0.038889 0.022656
47 0.047917 0.219922 0.0375 0.021094
47 0.022222 0.231641 0.041667 0.024219
47 0.008333 0.178125 0.013889 0.023438
47 0.115278 0.204687 0.030556 0.020313
47 0.086806 0.236328 0.0375 0.022656
47 0.075 0.267969 0.041667 0.023438
47 0.218056 0.384766 0.097222 0.042969
47 0.194444 0.483203 0.094444 0.050781
47 0.1 0.513281 0.105556 0.05625
47 0.252083 0.471875 0.076389 0.048438
47 0.286806 0.375781 0.081944 0.042188
47 0.4125 0.273047 0.094444 0.044531
47 0.402083 0.316797 0.0875 0.042969
47 0.372222 0.417187 0.052778 0.0375
47 0.415278 0.429297 0.044444 0.025781
47 0.411806 0.452344 0.051389 0.021875
47 0.5125 0.533594 0.069444 0.042188
47 0.452778 0.556641 0.027778 0.010156
47 0.511806 0.372656 0.051389 0.03125
47 0.576389 0.341016 0.052778 0.024219
47 0.575694 0.393359 0.034722 0.022656
47 0.642361 0.415625 0.0375 0.01875
47 0.685417 0.475 0.059722 0.03125
47 0.738194 0.493359 0.040278 0.027344
47 0.827778 0.417578 0.058333 0.036719
47 0.853472 0.448437 0.059722 0.028125
47 0.860417 0.4625 0.051389 0.021875
47 0.54375 0.19375 0.084722 0.046875
47 0.444444 0.066797 0.072222 0.028906
47 0.438194 0.1375 0.040278 0.021875
47 0.420833 0.155859 0.047222 0.021094
47 0.459722 0.182422 0.041667 0.017969
47 0.515972 0.014844 0.073611 0.028125
47 0.349306 0.009375 0.059722 0.01875
47 0.554167 0.020703 0.061111 0.039844
47 0.610417 0.064062 0.084722 0.04375
47 0.647222 0.148438 0.086111 0.04375
47 0.716667 0.189453 0.066667 0.036719
47 0.746528 0.195312 0.056944 0.035937
47 0.772222 0.167969 0.066667 0.03125
47 0.6875 0.089063 0.058333 0.04375
47 0.840972 0.184766 0.048611 0.030469
47 0.924306 0.115625 0.068056 0.032813
47 0.963194 0.2 0.056944 0.028125
47 1.009028 0.178906 0.040278 0.017188
47 1.03125 0.036328 0.031944 0.032031
47 1.152083 0.054688 0.059722 0.023438
47 1.140278 0.0875 0.038889 0.03125
47 1.103472 0.189062 0.048611 0.021875
47 0.811111 0.296875 0.052778 0.032813
47 0.766667 0.228906 0.041667 0.01875
47 0.906944 0.275781 0.041667 0.025
47 0.909722 0.295312 0.047222 0.020313
47 0.960417 0.342578 0.051389 0.025781
47 0.927083 0.358984 0.040278 0.024219
47 0.866667 0.494141 0.030556 0.021094
47 1.048611 0.275781 0.038889 0.020313
47 1.041667 0.299219 0.052778 0.025
47 1.115278 0.233984 0.038889 0.016406
47 1.124306 0.221484 0.034722 0.011719
47 1.10625 0.243359 0.026389 0.011719
47 1.065972 0.500391 0.031944 0.013281
47 1.053472 0.474219 0.054167 0.021875
47 1.477778 0.120313 0.069444 0.032813
47 1.479861 0.082031 0.056944 0.03125
47 1.495833 0.09375 0.038889 0.020313
47 1.361111 0.342969 0.027778 0.015625
47 1.285417 0.390625 0.020833 0.0125
47 1.313194 0.451172 0.020833 0.008594
47 1.363194 0.521484 0.020833 0.013281
47 1.5 0.504687 0.025 0.010937
47 1.582639 0.439063 0.034722 0.01875
47 1.615972 0.426563 0.023611 0.014063
47 1.663194 0.539453 0.0375 0.014844
47 1.63125 0.441797 0.029167 0.017969
47 1.452778 0.348438 0.027778 0.0125
47 1.526389 0.323047 0.027778 0.008594
47 1.688194 0.185547 0.040278 0.019531
47 0.582639 0.310156 0.068056 0.039062
47 0.104167 0.03125 0.033333 0.0375
47 0.025694 0.048438 0.034722 0.023438
47 0.219444 0.007812 0.041667 0.0125
47 0.259028 0.034375 0.065278 0.028125
47 0.015278 0.30625 0.027778 0.0125
47 0.431944 0.415625 0.038889 0.03125
47 0.470833 0.209375 0.011111 0.0125
