47 1.204167 0.042578 0.033333 0.030469
47 1.2875 0.020313 0.038889 0.039062
47 1.1375 0.223438 0.027778 0.014063
47 1.140278 0.2375 0.027778 0.0125
47 1.109028 0.241016 0.031944 0.022656
47 1.154167 0.288281 0.033333 0.023438
47 1.049306 0.282422 0.029167 0.024219
47 1.023611 0.326953 0.044444 0.021094
47 0.804167 0.321484 0.047222 0.024219
47 0.821528 0.308594 0.0375 0.025
47 0.778472 0.353906 0.020833 0.010937
47 0.781944 0.378906 0.027778 0.010937
47 0.897917 0.340625 0.031944 0.010937
47 0.960417 0.378125 0.040278 0.017188
47 0.931944 0.404297 0.027778 0.016406
47 0.932639 0.414062 0.026389 0.010937
47 0.996528 0.398828 0.0375 0.025781
47 1.026389 0.342578 0.022222 0.013281
47 1.066667 0.331641 0.038889 0.022656
47 1.099306 0.335156 0.026389 0.01875
47 1.108333 0.372266 0.041667 0.021094
47 1.097222 0.391797 0.047222 0.027344
47 1.151389 0.441797 0.022222 0.025781
47 1.142361 0.388281 0.0375 0.020313
47 1.170833 0.221094 0.041667 0.021875
47 1.179167 0.211328 0.030556 0.017969
47 1.238889 0.007812 0.05 0.014063
