47 0.022222 0.094531 0.041667 0.023438
47 0.067361 0.083984 0.045833 0.014844
47 0.122917 0.047266 0.051389 0.028906
47 0.146528 0.008984 0.056944 0.017969
47 0.175694 0.034375 0.040278 0.020313
47 0.216667 0.027344 0.047222 0.026562
47 0.251389 0.036719 0.027778 0.014063
47 0.230556 0.089453 0.047222 0.025781
47 0.1875 0.092578 0.033333 0.030469
47 0.172222 0.147266 0.05 0.030469
47 0.132639 0.129297 0.045833 0.025781
47 0.142361 0.092188 0.0375 0.020313
47 0.202778 0.142969 0.044444 0.025
47 0.226389 0.180078 0.05 0.027344
47 0.144444 0.528516 0.05 0.028906
47 0.184028 0.546484 0.023611 0.022656
47 0.245833 0.505859 0.047222 0.024219
47 0.272222 0.536719 0.047222 0.026562
47 0.348611 0.554688 0.041667 0.014063
47 0.313889 0.514844 0.05 0.029687
47 0.330556 0.179297 0.041667 0.021094
47 0.330556 0.208594 0.033333 0.01875
47 0.35 0.224219 0.038889 0.023438
47 0.375 0.214844 0.038889 0.023438
47 0.36875 0.129688 0.045833 0.023438
47 0.357639 0.098047 0.031944 0.014844
47 0.372222 0.077344 0.05 0.029687
47 0.338889 0.012891 0.047222 0.024219
47 0.276389 0.006641 0.019444 0.011719
47 0.318056 0.033594 0.041667 0.025
47 0.368056 0.024609 0.036111 0.016406
47 0.388194 0.01875 0.040278 0.023438
47 0.441667 0.044141 0.052778 0.024219
47 0.454167 0.026562 0.036111 0.021875
47 0.4875 0.066797 0.061111 0.033594
47 0.445139 0.107422 0.051389 0.024219
47 0.420139 0.122266 0.0375 0.028906
47 0.436111 0.148438 0.047222 0.021875
47 0.447917 0.171875 0.051389 0.026562
47 0.474306 0.147656 0.048611 0.028125
47 0.570833 0.021875 0.05 0.032813
47 0.613194 0.032813 0.034722 0.029687
47 0.608333 0.055859 0.019444 0.013281
47 0.604167 0.114453 0.047222 0.024219
47 0.622917 0.148828 0.045833 0.030469
47 0.619444 0.171875 0.025 0.017188
47 0.566667 0.211719 0.044444 0.025
47 0.495833 0.137109 0.038889 0.025781
47 0.577778 0.535547 0.047222 0.032031
47 0.7625 0.206641 0.041667 0.025781
47 0.690972 0.376563 0.0375 0.021875
47 0.680556 0.441406 0.030556 0.021875
47 0.688889 0.549609 0.058333 0.024219
47 0.726389 0.537891 0.061111 0.036719
47 0.734722 0.414062 0.038889 0.020313
47 0.543056 0.378906 0.025 0.017188
47 0.520139 0.43125 0.0375 0.017188
47 0.745833 0.436719 0.041667 0.023438
47 0.747222 0.463281 0.019444 0.015625
47 0.815972 0.528125 0.045833 0.029687
47 0.817361 0.551562 0.031944 0.01875
47 0.832639 0.380859 0.023611 0.014844
47 0.877083 0.452734 0.048611 0.028906
47 0.916667 0.425781 0.033333 0.014063
47 1.007639 0.48125 0.045833 0.025
47 0.891667 0.508594 0.069444 0.025
47 0.825 0.5 0.030556 0.0125
47 0.91875 0.546875 0.0375 0.015625
47 0.930556 0.557422 0.030556 0.007031
47 0.879167 0.179297 0.047222 0.024219
47 0.929861 0.255469 0.040278 0.026562
47 0.899306 0.132812 0.040278 0.01875
47 0.974306 0.015234 0.051389 0.022656
47 1.031944 0.084375 0.05 0.03125
47 1.076389 0.057813 0.038889 0.029687
47 1.002778 0.109766 0.047222 0.030469
47 0.945833 0.140234 0.033333 0.016406
47 1.026389 0.287891 0.041667 0.024219
47 1.297222 0.255859 0.030556 0.025781
47 1.192361 0.248438 0.034722 0.023438
47 1.094444 0.082812 0.036111 0.017188
47 0.582639 0.556641 0.040278 0.010156
47 0.847917 0.244141 0.034722 0.014844
47 1.342361 0.3 0.040278 0.021875
47 1.14375 0.291406 0.0375 0.020313
