47 0.25 0.322266 0.055556 0.024219
47 0.285417 0.292187 0.026389 0.015625
47 0.415972 0.252734 0.034722 0.024219
47 0.369444 0.296484 0.036111 0.021094
47 0.415278 0.344531 0.027778 0.017188
47 0.433333 0.274609 0.019444 0.016406
47 0.4625 0.240625 0.027778 0.020313
47 0.472917 0.258984 0.045833 0.016406
47 0.578472 0.032031 0.040278 0.025
47 0.638889 0.008203 0.038889 0.014844
47 0.61875 0.235547 0.040278 0.028906
47 0.580556 0.220703 0.036111 0.016406
47 0.601389 0.034375 0.016667 0.015625
47 0.570139 0.264062 0.029167 0.020313
47 0.509722 0.25625 0.030556 0.0125
47 0.504167 0.273438 0.025 0.020313
47 0.472917 0.284375 0.0375 0.009375
47 0.513194 0.311328 0.023611 0.013281
47 0.561806 0.329688 0.023611 0.014063
47 0.579167 0.316016 0.038889 0.022656
47 0.613889 0.311328 0.030556 0.021094
47 0.638889 0.296094 0.022222 0.020313
47 0.623611 0.340234 0.038889 0.019531
47 0.617361 0.372266 0.051389 0.027344
47 0.759722 0.224219 0.047222 0.025
47 0.718056 0.2625 0.019444 0.0125
47 0.670833 0.298828 0.027778 0.022656
47 0.675 0.391797 0.044444 0.025781
47 0.745139 0.275391 0.031944 0.021094
47 0.736806 0.308594 0.043056 0.026562
47 0.764583 0.297656 0.040278 0.021875
47 0.763889 0.323828 0.022222 0.011719
47 0.739583 0.350391 0.026389 0.017969
47 0.882639 0.398438 0.043056 0.025
47 0.918056 0.209766 0.047222 0.024219
47 0.838194 0.19375 0.031944 0.020313
47 0.888194 0.182422 0.040278 0.024219
47 0.892361 0.227734 0.031944 0.017969
47 0.911806 0.240234 0.026389 0.021094
47 1.003472 0.100391 0.0375 0.025781
47 0.952778 0.174609 0.036111 0.025781
47 0.985417 0.155859 0.026389 0.016406
47 0.985417 0.205078 0.040278 0.011719
47 1.078472 0.225781 0.0375 0.017188
47 1.004167 0.277734 0.041667 0.019531
47 1.038889 0.277344 0.025 0.017188
47 1.022222 0.300781 0.022222 0.01875
47 1.026389 0.362109 0.030556 0.016406
47 0.992361 0.408984 0.051389 0.030469
47 1.002083 0.555859 0.0375 0.011719
47 1.04375 0.546094 0.023611 0.01875
47 1.122222 0.532031 0.030556 0.026562
47 1.203472 0.482031 0.023611 0.010937
47 1.061806 0.405859 0.026389 0.013281
47 1.145833 0.250781 0.036111 0.020313
47 1.152083 0.207031 0.023611 0.015625
47 1.202778 0.144922 0.027778 0.022656
47 1.034028 0.254688 0.023611 0.014063
47 1.204167 0.329297 0.027778 0.021094
47 1.272222 0.174219 0.041667 0.021875
47 1.28125 0.187891 0.020833 0.013281
47 1.279167 0.147266 0.025 0.017969
47 1.372917 0.050781 0.034722 0.021875
47 1.428472 0.088281 0.045833 0.026562
47 1.310417 0.338672 0.040278 0.025781
47 1.401389 0.303516 0.022222 0.014844
47 1.390278 0.339453 0.013889 0.011719
47 1.472222 0.483594 0.022222 0.0125
47 1.572222 0.430469 0.025 0.015625
47 1.579861 0.361328 0.073611 0.032031
47 1.720833 0.346484 0.069444 0.035156
