47 0.292361 0.203906 0.040278 0.025
47 0.581944 0.085938 0.036111 0.01875
47 0.586806 0.107031 0.029167 0.020313
47 0.716667 0.104297 0.047222 0.025781
47 0.772222 0.1125 0.033333 0.026562
47 0.923611 0.082422 0.030556 0.021094
47 0.926389 0.104688 0.027778 0.028125
47 1.027083 0.102344 0.034722 0.025
47 1.122222 0.090234 0.041667 0.022656
47 0.752778 0.2125 0.038889 0.023438
47 0.719444 0.236328 0.022222 0.013281
47 0.702778 0.325391 0.041667 0.022656
47 0.642361 0.295312 0.029167 0.017188
47 0.671528 0.286328 0.020833 0.011719
47 0.654167 0.269531 0.036111 0.0125
47 0.55625 0.257031 0.0125 0.009375
47 0.565278 0.266406 0.013889 0.007812
47 0.927778 0.433594 0.019444 0.009375
47 0.902778 0.466406 0.011111 0.004687
47 0.880556 0.517188 0.022222 0.007812
47 0.991667 0.552344 0.038889 0.014063
47 1.095833 0.458984 0.022222 0.013281
47 0.461806 0.557813 0.0375 0.007812
47 0.75 0.01875 0.025 0.0125
47 0.749306 0.05625 0.040278 0.01875
47 1.057639 0.077734 0.045833 0.030469
47 1.254167 0.216016 0.022222 0.021094
47 1.144444 0.284375 0.033333 0.00625
47 1.116667 0.380078 0.033333 0.016406
47 1.05625 0.415625 0.020833 0.017188
