47 0.207639 0.396484 0.051389 0.025781
47 0.148611 0.366797 0.036111 0.022656
47 0.335417 0.345313 0.051389 0.028125
47 0.184722 0.401953 0.038889 0.022656
47 0.525694 0.279687 0.045833 0.021875
47 0.602083 0.237109 0.045833 0.025781
47 0.531944 0.309375 0.041667 0.017188
47 0.665972 0.335938 0.051389 0.023438
47 0.672222 0.313672 0.05 0.024219
47 0.678472 0.25 0.045833 0.026562
47 0.690972 0.271484 0.051389 0.024219
47 0.723611 0.294531 0.041667 0.028125
47 0.822917 0.240625 0.051389 0.026562
47 0.788889 0.326953 0.047222 0.027344
47 0.881944 0.415625 0.041667 0.025
47 0.660417 0.365625 0.029167 0.01875
47 0.996528 0.403516 0.0375 0.022656
47 0.957639 0.293359 0.043056 0.019531
47 0.930556 0.251172 0.030556 0.025781
47 0.606944 0.338672 0.044444 0.027344
47 1.08125 0.357422 0.054167 0.025781
47 1.027083 0.388672 0.0375 0.030469
47 1.2625 0.401953 0.041667 0.024219
47 1.270833 0.379688 0.030556 0.01875
47 1.096528 0.273047 0.045833 0.027344
47 1.127778 0.258203 0.047222 0.022656
47 1.079167 0.241016 0.044444 0.032031
47 1.057639 0.263672 0.0375 0.022656
47 1.249306 0.255078 0.040278 0.021094
47 1.593056 0.308203 0.086111 0.039844
47 1.434722 0.537891 0.058333 0.033594
47 1.492361 0.542578 0.045833 0.028906
47 1.378472 0.184766 0.043056 0.028906
47 0.960417 0.202344 0.040278 0.01875
47 1.317361 0.377734 0.051389 0.030469
47 1.074306 0.129688 0.054167 0.032813
47 0.206944 0.373437 0.036111 0.017188
47 0.527778 0.292969 0.038889 0.0125
47 0.743056 0.302734 0.033333 0.017969
47 0.778472 0.3 0.031944 0.014063
47 0.961111 0.257812 0.036111 0.007812
47 0.851389 0.276562 0.041667 0.028125
47 1.35625 0.419141 0.029167 0.014844
47 1.538194 0.349609 0.026389 0.032031
47 1.552083 0.525 0.023611 0.026562
47 1.524306 0.539453 0.029167 0.028906
47 1.338194 0.171875 0.026389 0.0125
47 1.013194 0.309766 0.031944 0.005469
