47 0.123611 0.294531 0.061111 0.032813
47 0.18125 0.292969 0.054167 0.032813
47 0.229861 0.259766 0.051389 0.028906
47 0.236111 0.284766 0.052778 0.021094
47 0.310417 0.243359 0.065278 0.032031
47 0.24375 0.308984 0.0625 0.030469
47 0.352778 0.339453 0.058333 0.028906
47 0.35625 0.319141 0.045833 0.021094
47 0.594444 0.096094 0.05 0.032813
47 0.561111 0.132422 0.055556 0.033594
47 0.413889 0.237891 0.058333 0.033594
47 0.375694 0.251172 0.031944 0.016406
47 0.425694 0.262109 0.054167 0.030469
47 0.421528 0.292969 0.040278 0.021875
47 0.486806 0.319922 0.045833 0.030469
47 0.470833 0.292969 0.036111 0.023438
47 0.577778 0.313672 0.055556 0.032031
47 0.527778 0.383203 0.055556 0.033594
47 0.617361 0.329688 0.059722 0.034375
47 0.636806 0.357812 0.059722 0.029687
47 0.583333 0.394531 0.047222 0.032813
47 0.577778 0.369141 0.041667 0.017969
47 0.775694 0.339453 0.051389 0.028906
47 0.875 0.255859 0.061111 0.035156
47 1.044444 0.113672 0.041667 0.028906
47 0.829861 0.310156 0.056944 0.029687
47 0.792361 0.29375 0.043056 0.023438
47 0.872222 0.451953 0.025 0.019531
47 0.78125 0.369141 0.043056 0.028906
47 0.770833 0.407031 0.047222 0.03125
47 0.899306 0.390234 0.0375 0.028906
47 0.872917 0.231641 0.023611 0.014844
47 0.827778 0.262891 0.030556 0.013281
47 1.149306 0.11875 0.043056 0.029687
47 1.045139 0.211719 0.059722 0.025
47 1.19375 0.262891 0.034722 0.024219
47 1.13125 0.361719 0.043056 0.014063
47 1.022917 0.346875 0.031944 0.028125
47 1.05625 0.275391 0.040278 0.022656
47 1.469444 0.311328 0.061111 0.032031
47 1.297222 0.146875 0.05 0.026562
47 1.525 0.049219 0.047222 0.026562
47 1.563889 0.028516 0.05 0.032031
47 1.384722 0.113672 0.038889 0.039844
47 1.483333 0.274219 0.055556 0.029687
47 0.50625 0.396484 0.015278 0.013281
47 1.211111 0.507031 0.044444 0.026562
