47 0.395139 0.008594 0.043056 0.014063
47 0.249306 0.107813 0.040278 0.026562
47 0.286111 0.112891 0.036111 0.024219
47 0.316667 0.114062 0.025 0.025
47 0.16875 0.153516 0.048611 0.028906
47 0.188194 0.2 0.051389 0.032813
47 0.23125 0.204687 0.040278 0.035937
47 0.299306 0.232422 0.059722 0.032031
47 0.325694 0.198828 0.0375 0.028906
47 0.365278 0.196875 0.052778 0.03125
47 0.365972 0.157031 0.026389 0.020313
47 0.377778 0.163281 0.013889 0.020313
47 0.454167 0.192188 0.019444 0.009375
47 0.463889 0.211328 0.022222 0.014844
47 0.433333 0.230859 0.019444 0.022656
47 0.330556 0.264453 0.041667 0.025781
47 0.303472 0.260547 0.029167 0.019531
47 0.180556 0.282422 0.052778 0.028906
47 0.25 0.304297 0.05 0.028906
47 0.359722 0.292187 0.030556 0.028125
47 0.198611 0.347656 0.041667 0.020313
47 0.113889 0.363672 0.025 0.019531
47 0.022917 0.424609 0.026389 0.014844
47 0.188194 0.424609 0.034722 0.022656
47 0.227083 0.414062 0.043056 0.025
47 0.235417 0.436328 0.045833 0.027344
47 0.241667 0.452734 0.027778 0.013281
47 0.270139 0.360938 0.045833 0.035937
47 0.375 0.349219 0.022222 0.010937
47 0.477778 0.3875 0.047222 0.026562
47 0.941667 0.344531 0.038889 0.01875
47 0.976389 0.345703 0.016667 0.013281
47 0.815972 0.436719 0.026389 0.0125
47 0.909722 0.449219 0.05 0.020313
47 0.450694 0.407813 0.043056 0.026562
47 0.391667 0.382031 0.013889 0.0125
47 0.395139 0.433203 0.045833 0.027344
47 0.20625 0.513281 0.034722 0.009375
47 0.194444 0.453516 0.016667 0.021094
47 0.077778 0.568359 0.019444 0.021094
47 0.098611 0.587109 0.038889 0.024219
47 0.239583 0.68125 0.070833 0.0375
47 0.282639 0.682031 0.029167 0.028125
47 0.658333 0.657813 0.027778 0.014063
47 0.679861 0.644141 0.043056 0.025781
47 0.66875 0.610547 0.048611 0.030469
47 0.870833 0.496094 0.033333 0.015625
47 0.886806 0.516016 0.051389 0.021094
47 0.74375 0.51875 0.029167 0.015625
47 0.432639 0.533984 0.040278 0.021094
47 0.471528 0.530469 0.043056 0.023438
47 0.555556 0.508594 0.022222 0.007812
47 0.423611 0.555859 0.044444 0.019531
47 0.877778 0.644922 0.061111 0.024219
47 0.822917 0.573828 0.034722 0.014844
47 0.866667 0.704297 0.036111 0.025781
47 0.415278 0.193359 0.013889 0.013281
47 0.947222 0.413672 0.016667 0.010156
47 0.975 0.546094 0.027778 0.01875
47 0.465972 0.574219 0.0375 0.028125
