47 1.114583 0.010937 0.045833 0.021875
47 1.180556 0.080078 0.033333 0.030469
47 1.219444 0.037891 0.05 0.030469
47 1.269444 0.059375 0.038889 0.039062
47 1.205556 0.003516 0.030556 0.007031
47 1.159722 0.252344 0.044444 0.023438
47 1.122222 0.255469 0.027778 0.014063
47 1.124306 0.26875 0.026389 0.0125
47 1.096528 0.275391 0.031944 0.022656
47 1.143056 0.321094 0.033333 0.023438
47 1.034028 0.318359 0.029167 0.024219
47 1.009722 0.360938 0.044444 0.021875
47 0.791667 0.358203 0.047222 0.024219
47 0.810417 0.344531 0.0375 0.025
47 0.764583 0.389062 0.020833 0.010937
47 0.770833 0.415625 0.027778 0.010937
47 0.884028 0.377344 0.031944 0.010937
47 0.949306 0.417187 0.040278 0.017188
47 0.920833 0.444141 0.027778 0.016406
47 0.920833 0.452734 0.022222 0.008594
47 0.984028 0.436328 0.0375 0.025781
47 1.016667 0.381641 0.022222 0.013281
47 1.056944 0.366797 0.038889 0.022656
47 1.089583 0.370312 0.026389 0.01875
47 1.098611 0.4125 0.041667 0.021875
47 1.084722 0.431641 0.047222 0.027344
47 1.143056 0.479297 0.022222 0.025781
47 1.132639 0.429688 0.0375 0.020313
