47 0.116667 0.452734 0.063889 0.038281
47 0.027083 0.453125 0.018056 0.014063
47 0.00625 0.455078 0.009722 0.014844
47 0.025694 0.533594 0.048611 0.026562
47 0.041667 0.497266 0.019444 0.016406
47 0.047917 0.48125 0.029167 0.028125
47 0.076389 0.481641 0.036111 0.030469
47 0.140278 0.373437 0.055556 0.03125
47 0.154167 0.465625 0.025 0.015625
47 0.204167 0.343359 0.052778 0.027344
47 0.272222 0.361328 0.047222 0.028906
47 0.303472 0.397266 0.045833 0.021094
47 0.240278 0.526172 0.038889 0.025781
47 0.298611 0.544922 0.077778 0.033594
47 0.345833 0.480078 0.052778 0.030469
47 0.441667 0.536328 0.027778 0.024219
47 0.380556 0.408203 0.075 0.035156
47 0.45625 0.455859 0.073611 0.030469
47 0.478472 0.501563 0.020833 0.014063
47 0.331944 0.361719 0.055556 0.028125
47 0.428472 0.391406 0.056944 0.028125
47 0.429861 0.339062 0.056944 0.029687
47 0.377083 0.353125 0.031944 0.017188
47 0.557639 0.407031 0.034722 0.023438
47 0.479167 0.027344 0.061111 0.0375
47 0.533333 0.043359 0.055556 0.032031
47 0.53125 0.013672 0.073611 0.025781
47 0.590278 0.003516 0.047222 0.007031
47 0.613889 0.013672 0.022222 0.017969
47 0.54375 0.324219 0.056944 0.029687
47 0.463889 0.324609 0.055556 0.030469
47 0.640278 0.529297 0.063889 0.044531
47 0.654861 0.498437 0.031944 0.0125
47 0.746528 0.026172 0.045833 0.027344
47 0.742361 0.057031 0.048611 0.035937
47 0.880556 0.058984 0.041667 0.030469
47 0.76875 0.254688 0.043056 0.021875
47 0.7625 0.279687 0.044444 0.026562
47 0.7625 0.302734 0.036111 0.021094
47 0.775694 0.352734 0.054167 0.028906
47 0.602083 0.344922 0.040278 0.021094
47 0.75625 0.513281 0.068056 0.0375
47 0.823611 0.489063 0.027778 0.032813
47 0.75625 0.484375 0.020833 0.007812
47 0.854167 0.141797 0.025 0.017969
47 0.836806 0.171484 0.031944 0.014844
47 0.857639 0.260547 0.034722 0.021094
47 0.906944 0.300781 0.052778 0.032813
47 0.863889 0.361719 0.038889 0.029687
47 0.816667 0.396094 0.047222 0.03125
47 1.124306 0.041406 0.048611 0.028125
47 1.020833 0.022266 0.019444 0.013281
47 0.888194 0.450781 0.056944 0.026562
47 0.870139 0.399219 0.023611 0.01875
47 1.079861 0.297656 0.045833 0.026562
47 1.051389 0.318359 0.041667 0.028906
47 1.04375 0.330859 0.051389 0.025781
47 1.048611 0.35 0.025 0.010937
47 1.116667 0.435547 0.047222 0.030469
47 1.05 0.499609 0.05 0.019531
47 1.201389 0.198437 0.036111 0.021875
47 1.211111 0.219922 0.05 0.027344
47 1.230556 0.247656 0.044444 0.03125
47 1.185417 0.262891 0.043056 0.035156
47 1.140278 0.292187 0.05 0.03125
47 1.251389 0.287891 0.063889 0.030469
47 1.175 0.545703 0.094444 0.032031
47 1.335417 0.45625 0.065278 0.0375
47 1.402083 0.303125 0.059722 0.023438
47 1.563194 0.395313 0.0625 0.026562
47 1.50625 0.519922 0.048611 0.027344
47 1.129167 0.513672 0.041667 0.027344
47 0.91875 0.451953 0.026389 0.013281
