47 0.024306 0.198828 0.0375 0.035156
47 0.238194 0.164453 0.070833 0.038281
47 0.181944 0.226953 0.069444 0.035156
47 0.254167 0.239844 0.061111 0.026562
47 0.238194 0.269531 0.054167 0.023438
47 0.313194 0.269922 0.048611 0.021094
47 0.469444 0.296484 0.066667 0.032031
47 0.384722 0.170313 0.063889 0.029687
47 0.50625 0.192188 0.051389 0.03125
47 0.477778 0.080078 0.055556 0.038281
47 0.427083 0.082422 0.040278 0.035156
47 0.494444 0.110937 0.072222 0.0375
47 0.573611 0.058594 0.058333 0.029687
47 0.495833 0.247656 0.058333 0.035937
47 0.450694 0.164844 0.051389 0.026562
47 0.777083 0.201953 0.040278 0.024219
47 0.797917 0.150391 0.054167 0.032031
47 0.8375 0.053125 0.058333 0.026562
47 0.893056 0.103906 0.058333 0.039062
47 0.985417 0.278516 0.056944 0.032031
47 1.095833 0.160938 0.069444 0.042188
47 1.3125 0.314063 0.05 0.028125
47 0.686806 0.488672 0.073611 0.039844
47 0.706944 0.535156 0.061111 0.042188
47 0.485417 0.553906 0.045833 0.014063
47 1.372917 0.357031 0.059722 0.042188
47 0.620139 0.171094 0.026389 0.025
47 0.84375 0.325781 0.059722 0.032813
47 0.884722 0.212109 0.038889 0.021094
47 0.834028 0.24375 0.031944 0.03125
47 0.952083 0.263672 0.020833 0.024219
47 0.815972 0.284766 0.023611 0.021094
47 1.151389 0.190234 0.05 0.016406
47 0.427083 0.547656 0.051389 0.028125
47 0.366667 0.536328 0.019444 0.011719
47 0.401389 0.203906 0.041667 0.014063
47 0.548611 0.220312 0.036111 0.009375
47 0.579861 0.096094 0.0375 0.023438
47 0.553472 0.111328 0.040278 0.032031
47 0.578472 0.128906 0.029167 0.010937
47 0.675 0.285547 0.030556 0.010156
47 0.617361 0.286719 0.0375 0.017188
47 0.843056 0.134375 0.036111 0.010937
47 1.1 0.209375 0.055556 0.034375
47 1.025 0.264453 0.041667 0.016406
47 1.275694 0.273828 0.043056 0.033594
47 1.320833 0.162891 0.027778 0.016406
