47 0.602778 0.601562 0.041667 0.026562
47 0.733333 0.619141 0.044444 0.021094
47 0.865972 0.63125 0.040278 0.021875
47 0.772222 0.513281 0.044444 0.026562
47 0.613889 0.573438 0.022222 0.021875
47 0.950694 0.548438 0.045833 0.025
47 0.881944 0.517578 0.036111 0.022656
47 0.847222 0.527734 0.027778 0.017969
47 0.311111 0.492188 0.038889 0.023438
47 0.634028 0.536328 0.018056 0.024219
47 0.554861 0.507031 0.023611 0.020313
47 0.484028 0.448047 0.029167 0.016406
47 0.191667 0.436719 0.030556 0.010937
47 0.504861 0.460938 0.023611 0.015625
47 0.917361 0.455469 0.029167 0.014063
47 0.988194 0.476562 0.020833 0.021875
47 0.799306 0.445312 0.026389 0.0125
47 0.736111 0.168359 0.038889 0.022656
47 0.760417 0.151953 0.029167 0.019531
47 0.886806 0.290234 0.0375 0.024219
47 0.899306 0.305078 0.043056 0.024219
47 0.843056 0.153125 0.013889 0.0125
47 0.884722 0.351172 0.025 0.008594
47 0.953472 0.505078 0.015278 0.013281
47 0.743056 0.518359 0.027778 0.027344
