47 0.154861 0.060547 0.070833 0.035156
47 0.209722 0.061719 0.041667 0.021875
47 0.217361 0.096484 0.054167 0.025781
47 0.240972 0.079687 0.065278 0.035937
47 0.302083 0.091406 0.034722 0.020313
47 0.384028 0.455859 0.031944 0.016406
47 0.470833 0.11875 0.036111 0.028125
47 0.530556 0.185938 0.038889 0.025
47 0.358333 0.496875 0.05 0.017188
47 0.440972 0.457813 0.040278 0.020313
47 0.438889 0.519531 0.038889 0.025
47 0.392361 0.504297 0.040278 0.016406
47 0.366667 0.46875 0.044444 0.01875
47 0.432639 0.547266 0.056944 0.028906
47 0.577778 0.517578 0.055556 0.032031
47 0.578472 0.544922 0.051389 0.025781
47 0.5375 0.482812 0.044444 0.03125
47 0.817361 0.089453 0.045833 0.033594
47 0.840278 0.1875 0.069444 0.0375
47 0.749306 0.397656 0.056944 0.026562
47 0.661111 0.536719 0.033333 0.025
47 0.704167 0.555469 0.033333 0.0125
47 0.815972 0.430078 0.056944 0.033594
47 0.893056 0.360156 0.033333 0.020313
47 0.888889 0.382812 0.041667 0.021875
47 0.8625 0.369141 0.036111 0.027344
47 0.842361 0.397656 0.045833 0.01875
47 0.854861 0.420703 0.045833 0.027344
47 0.876389 0.522656 0.05 0.023438
47 0.790972 0.551953 0.056944 0.019531
47 0.884028 0.549609 0.045833 0.024219
47 1.211806 0.257031 0.073611 0.042188
47 0.961806 0.530469 0.0375 0.032813
47 0.931944 0.548438 0.052778 0.023438
47 1.011111 0.417969 0.033333 0.023438
47 1.042361 0.44375 0.040278 0.029687
47 1.002083 0.541406 0.048611 0.03125
47 1.040972 0.554297 0.045833 0.014844
47 1.613889 0.059766 0.025 0.025781
47 1.360417 0.25625 0.068056 0.040625
47 1.307639 0.297266 0.034722 0.014844
47 1.315972 0.251953 0.034722 0.024219
47 1.328472 0.443359 0.045833 0.027344
47 0.389583 0.416406 0.040278 0.017188
47 0.529861 0.553906 0.023611 0.014063
47 0.553472 0.052734 0.0375 0.019531
47 0.663889 0.447656 0.036111 0.014063
47 0.683333 0.419531 0.019444 0.015625
47 0.700694 0.436719 0.020833 0.007812
47 0.673611 0.511719 0.044444 0.017188
