47 0.109028 0.210156 0.034722 0.020313
47 0.207639 0.226172 0.040278 0.024219
47 0.267361 0.240234 0.040278 0.022656
47 0.329167 0.200391 0.055556 0.024219
47 0.330556 0.18125 0.047222 0.01875
47 0.402778 0.16875 0.044444 0.028125
47 0.406944 0.219531 0.038889 0.026562
47 0.426389 0.246875 0.030556 0.020313
47 0.588194 0.292578 0.045833 0.028906
47 0.497917 0.332031 0.018056 0.009375
47 0.586806 0.242969 0.034722 0.014063
47 0.553472 0.280078 0.009722 0.011719
47 0.454167 0.210156 0.030556 0.014063
47 0.492361 0.144141 0.018056 0.013281
47 0.473611 0.117969 0.016667 0.004687
47 0.51875 0.097656 0.029167 0.0125
47 0.602778 0.116406 0.022222 0.007812
47 0.648611 0.107031 0.022222 0.010937
47 0.632639 0.192578 0.045833 0.021094
47 0.676389 0.244531 0.041667 0.01875
47 0.69375 0.293359 0.040278 0.019531
47 0.629861 0.269141 0.018056 0.007031
47 0.656944 0.337891 0.027778 0.010156
47 0.76875 0.355469 0.040278 0.025
47 0.809722 0.385547 0.041667 0.027344
47 0.763889 0.171484 0.05 0.025781
47 0.79375 0.127344 0.051389 0.029687
47 0.832639 0.109766 0.040278 0.028906
47 0.943056 0.072656 0.036111 0.014063
47 0.921528 0.155469 0.048611 0.028125
47 0.858333 0.19375 0.052778 0.017188
47 0.8625 0.120703 0.027778 0.010156
47 0.949306 0.152344 0.045833 0.021875
47 0.975 0.134375 0.05 0.028125
47 1.0375 0.108203 0.044444 0.027344
47 1.009028 0.214844 0.045833 0.026562
47 0.979167 0.214453 0.008333 0.008594
47 1.070139 0.088672 0.043056 0.027344
47 1.169444 0.142187 0.036111 0.023438
47 1.288889 0.095703 0.069444 0.039844
47 1.51875 0.432422 0.045833 0.019531
47 1.517361 0.396094 0.045833 0.015625
47 1.48125 0.421484 0.034722 0.024219
47 1.411806 0.503516 0.051389 0.030469
47 1.325 0.541016 0.036111 0.024219
47 1.320833 0.287891 0.055556 0.025781
47 1.265278 0.291016 0.063889 0.024219
47 1.142361 0.208984 0.045833 0.025781
47 1.113194 0.290625 0.045833 0.023438
47 1.102083 0.364063 0.043056 0.01875
47 1.164583 0.360938 0.048611 0.021875
47 1.179861 0.387109 0.043056 0.024219
47 0.883333 0.280078 0.052778 0.025781
47 0.85625 0.313672 0.0375 0.025781
47 0.815972 0.352344 0.020833 0.020313
47 0.873611 0.351562 0.033333 0.009375
47 0.884722 0.498828 0.025 0.017969
47 0.924306 0.551562 0.029167 0.01875
47 0.829167 0.557813 0.025 0.007812
47 0.995139 0.484766 0.023611 0.010156
47 1.059028 0.476953 0.026389 0.017969
47 0.903472 0.523438 0.0125 0.0125
47 0.977778 0.400391 0.019444 0.016406
47 0.685417 0.171484 0.023611 0.011719
