47 1.325694 0.41875 0.073611 0.028125
47 1.076389 0.383203 0.061111 0.033594
47 0.847917 0.103125 0.0375 0.021875
47 1.046528 0.121875 0.026389 0.01875
47 1.320139 0.063672 0.054167 0.033594
47 0.311806 0.415234 0.059722 0.030469
47 0.330556 0.432422 0.058333 0.030469
47 0.307639 0.317969 0.059722 0.03125
47 0.326389 0.305078 0.033333 0.022656
47 0.522222 0.388281 0.072222 0.03125
47 0.51875 0.314844 0.040278 0.03125
47 0.434028 0.290234 0.048611 0.028906
47 0.688889 0.300391 0.047222 0.035156
47 0.736806 0.292578 0.051389 0.025781
47 0.988194 0.479687 0.043056 0.025
47 0.891667 0.469531 0.038889 0.029687
47 0.884722 0.497656 0.033333 0.025
47 0.717361 0.452344 0.031944 0.028125
47 0.654167 0.367969 0.022222 0.020313
47 1.393056 0.328516 0.044444 0.024219
47 0.427778 0.322266 0.033333 0.014844
47 0.990972 0.520703 0.029167 0.014844
47 0.904861 0.109375 0.029167 0.01875
47 1.401389 0.097266 0.055556 0.028906
47 0.438889 0.336719 0.044444 0.014063
47 0.491667 0.053125 0.05 0.028125
47 0.518056 0.069922 0.041667 0.013281
47 0.582639 0.350391 0.034722 0.025781
47 0.747222 0.237891 0.041667 0.022656
47 1.238889 0.233203 0.027778 0.046094
47 1.1375 0.182031 0.038889 0.014063
47 1.225694 0.294531 0.048611 0.023438
47 1.429861 0.289844 0.026389 0.021875
47 1.403472 0.447266 0.045833 0.036719
47 1.23125 0.479297 0.093056 0.033594
47 1.256944 0.406641 0.036111 0.021094
47 0.76875 0.388281 0.040278 0.025
47 0.772917 0.440234 0.026389 0.025781
47 0.870833 0.407813 0.055556 0.028125
47 0.970139 0.546094 0.051389 0.021875
