47 0.022222 0.153906 0.022222 0.01875
47 0.005556 0.171875 0.011111 0.014063
47 0.022222 0.180078 0.022222 0.016406
47 0.038889 0.158984 0.025 0.021094
47 0.06875 0.160547 0.029167 0.016406
47 0.071528 0.176172 0.023611 0.013281
47 0.090972 0.182422 0.026389 0.013281
47 0.103472 0.198437 0.034722 0.017188
47 0.073611 0.219531 0.030556 0.017188
47 0.219444 0.092578 0.025 0.017969
47 0.220139 0.105859 0.026389 0.013281
47 0.270139 0.111328 0.029167 0.016406
47 0.245833 0.15625 0.030556 0.014063
47 0.35625 0.138281 0.029167 0.021875
47 0.370833 0.154297 0.027778 0.017969
47 0.294444 0.169141 0.022222 0.014844
47 0.143056 0.180078 0.022222 0.014844
47 0.150694 0.228906 0.043056 0.025
47 0.192361 0.220703 0.043056 0.027344
47 0.264583 0.229297 0.026389 0.021094
47 0.188889 0.246094 0.038889 0.021875
47 0.351389 0.120703 0.027778 0.016406
47 0.130556 0.248047 0.016667 0.027344
47 0.097917 0.276562 0.040278 0.025
47 0.141667 0.28125 0.038889 0.028125
47 0.198611 0.283203 0.044444 0.022656
47 0.239583 0.291406 0.034722 0.023438
47 0.006944 0.294141 0.013889 0.024219
47 0.0125 0.310937 0.025 0.015625
47 0.034028 0.314844 0.031944 0.017188
47 0.072222 0.299609 0.033333 0.017969
47 0.119444 0.328516 0.033333 0.016406
47 0.188194 0.306641 0.0375 0.021094
47 0.202778 0.323437 0.044444 0.01875
47 0.249306 0.330078 0.029167 0.017969
47 0.282639 0.348828 0.0375 0.019531
47 0.066667 0.422266 0.05 0.022656
47 0.108333 0.450781 0.055556 0.026562
47 0.06875 0.517578 0.043056 0.021094
47 0.175694 0.534766 0.048611 0.025781
47 0.255556 0.530469 0.044444 0.021875
47 0.304167 0.558984 0.044444 0.019531
47 0.203472 0.616016 0.031944 0.014844
47 0.261111 0.458203 0.030556 0.021094
47 0.385417 0.479297 0.029167 0.010156
47 0.3375 0.589063 0.041667 0.01875
47 0.325694 0.610938 0.015278 0.01875
47 0.227083 0.635938 0.015278 0.014063
47 0.322222 0.658594 0.016667 0.014063
47 0.38125 0.732812 0.023611 0.020313
47 0.438194 0.718359 0.026389 0.017969
47 0.477083 0.634766 0.040278 0.019531
47 0.39375 0.747266 0.034722 0.014844
47 0.417361 0.528125 0.040278 0.021875
47 0.386111 0.547656 0.038889 0.017188
47 0.409722 0.560937 0.041667 0.023438
47 0.597917 0.595703 0.026389 0.016406
47 0.639583 0.6125 0.009722 0.017188
47 0.684722 0.620703 0.030556 0.019531
47 0.752778 0.641016 0.044444 0.011719
47 0.484028 0.1875 0.026389 0.020313
47 0.352083 0.245703 0.048611 0.030469
47 0.464583 0.310937 0.045833 0.028125
47 0.532639 0.3 0.040278 0.025
47 0.570833 0.272266 0.038889 0.016406
47 0.534722 0.275391 0.036111 0.019531
47 0.438194 0.349609 0.045833 0.024219
47 0.442361 0.36875 0.034722 0.015625
47 0.532639 0.373047 0.040278 0.024219
47 0.557639 0.373047 0.015278 0.017969
47 0.611111 0.387891 0.027778 0.022656
47 0.642361 0.2125 0.026389 0.017188
47 0.721528 0.221484 0.026389 0.014844
47 0.875694 0.271875 0.031944 0.021875
47 0.838889 0.288672 0.041667 0.021094
47 0.801389 0.299609 0.027778 0.016406
47 0.902083 0.305469 0.031944 0.01875
47 0.7625 0.508203 0.044444 0.022656
47 0.777083 0.527344 0.040278 0.01875
47 0.686806 0.5375 0.034722 0.021875
47 0.834722 0.562109 0.030556 0.013281
47 0.790972 0.569531 0.031944 0.017188
47 0.765278 0.585547 0.033333 0.014844
47 0.267361 0.318359 0.031944 0.021094
47 0.240278 0.185938 0.027778 0.017188
47 0.167361 0.184766 0.023611 0.017969
47 0.069444 0.312109 0.036111 0.014844
47 0.28125 0.374609 0.031944 0.013281
47 0.655556 0.342578 0.030556 0.014844
47 0.872917 0.300391 0.029167 0.016406
47 0.883333 0.532031 0.025 0.007812
47 0.941667 0.621875 0.038889 0.020313
47 0.185417 0.489844 0.020833 0.0125
47 0.130556 0.517969 0.030556 0.015625
47 0.018056 0.550391 0.036111 0.021094
47 0.525694 0.663281 0.0375 0.010937
47 0.558333 0.671484 0.016667 0.011719
47 0.910417 0.677344 0.031944 0.01875
47 0.892361 0.679688 0.015278 0.009375
