47 0.170833 0.2125 0.080556 0.0375
47 0.468056 0.086719 0.044444 0.034375
47 0.516667 0.089063 0.055556 0.029687
47 0.664583 0.103125 0.059722 0.034375
47 0.782639 0.133203 0.051389 0.033594
47 0.825694 0.339844 0.0625 0.03125
47 0.848611 0.366016 0.061111 0.035156
47 0.914583 0.389453 0.043056 0.028906
47 0.959722 0.533594 0.061111 0.035937
47 1.163194 0.1875 0.054167 0.029687
47 1.011806 0.136328 0.051389 0.030469
47 0.956944 0.171484 0.038889 0.030469
47 0.894444 0.116016 0.069444 0.042969
47 0.8625 0.138672 0.061111 0.027344
47 0.852778 0.166016 0.05 0.030469
47 0.825 0.103125 0.055556 0.03125
47 0.514583 0.06875 0.029167 0.015625
47 0.972917 0.341797 0.048611 0.030469
47 1.036111 0.358594 0.075 0.05
