47 0.309028 0.200781 0.026389 0.017188
47 0.332639 0.249609 0.0375 0.019531
47 0.3625 0.282422 0.041667 0.019531
47 0.289583 0.317188 0.051389 0.028125
47 0.260417 0.319922 0.023611 0.024219
47 0.342361 0.359375 0.043056 0.025
47 0.252778 0.361719 0.05 0.020313
47 0.463889 0.460156 0.05 0.026562
47 0.478472 0.523047 0.054167 0.030469
47 0.384722 0.509375 0.036111 0.023438
47 0.265278 0.5625 0.033333 0.025
47 0.256944 0.486328 0.019444 0.017969
47 0.155556 0.58125 0.055556 0.023438
47 0.163889 0.600391 0.05 0.019531
47 0.2125 0.653906 0.047222 0.026562
47 0.213889 0.676172 0.036111 0.017969
47 0.174306 0.683984 0.043056 0.025781
47 0.290972 0.710156 0.051389 0.034375
47 0.13125 0.722656 0.043056 0.023438
47 0.089583 0.741016 0.054167 0.028906
47 0.189583 0.804297 0.051389 0.024219
47 0.059028 0.877734 0.0625 0.038281
47 0.654167 0.819141 0.041667 0.022656
47 0.667361 0.786719 0.040278 0.03125
47 0.722917 0.813672 0.034722 0.017969
47 0.624306 0.76875 0.029167 0.028125
47 0.611806 0.8125 0.023611 0.020313
47 0.475694 0.778125 0.0375 0.015625
47 0.434028 0.628516 0.034722 0.032031
47 0.5375 0.612891 0.041667 0.021094
47 0.601389 0.5625 0.041667 0.028125
47 0.672222 0.586719 0.041667 0.026562
47 0.8875 0.98125 0.063889 0.034375
47 0.310417 0.479687 0.040278 0.026562
47 0.557639 0.496484 0.023611 0.021094
47 0.276389 0.79375 0.033333 0.023438
47 0.45625 0.874609 0.045833 0.033594
47 0.455556 0.908594 0.05 0.035937
47 0.979167 0.920703 0.038889 0.016406
47 0.9625 0.694141 0.033333 0.011719
47 0.91875 0.738281 0.023611 0.0125
47 0.990278 0.660156 0.013889 0.01875
47 0.427778 0.481641 0.022222 0.011719
47 0.990278 0.463672 0.016667 0.011719
