47 0.029167 0.382031 0.055556 0.026562
47 0.03125 0.352734 0.0625 0.035156
47 0.048611 0.324219 0.075 0.034375
47 0.088194 0.277734 0.059722 0.032031
47 0.121528 0.291797 0.054167 0.014844
47 0.173611 0.238672 0.055556 0.017969
47 0.163194 0.204297 0.051389 0.032031
47 0.243056 0.242969 0.047222 0.025
47 0.228472 0.265625 0.031944 0.025
47 0.213889 0.457813 0.047222 0.032813
47 0.255556 0.493359 0.05 0.028906
47 0.505556 0.080078 0.022222 0.022656
47 0.55 0.098047 0.05 0.027344
47 0.579167 0.066016 0.066667 0.024219
47 0.653472 0.182812 0.045833 0.04375
47 0.644444 0.217188 0.033333 0.009375
47 0.748611 0.301172 0.063889 0.039844
47 0.718056 0.450391 0.055556 0.032031
47 0.6875 0.414062 0.052778 0.01875
47 0.773611 0.400391 0.052778 0.050781
47 0.811111 0.346484 0.061111 0.046094
47 0.8625 0.359766 0.036111 0.022656
47 0.883333 0.321875 0.063889 0.03125
47 0.952083 0.194922 0.029167 0.019531
47 0.977083 0.282422 0.0375 0.030469
47 1.009028 0.2875 0.040278 0.025
47 1.138194 0.457813 0.045833 0.026562
47 0.936806 0.357812 0.040278 0.010937
47 0.922917 0.143359 0.029167 0.021094
47 0.838194 0.187109 0.026389 0.011719
47 0.356944 0.185547 0.030556 0.016406
47 0.747222 0.174219 0.038889 0.029687
47 0.529167 0.405078 0.052778 0.013281
47 0.594444 0.010937 0.041667 0.021875
47 0.739583 0.035547 0.045833 0.028906
47 0.767361 0.009766 0.043056 0.017969
47 0.845139 0.298828 0.023611 0.017969
47 1.047222 0.048047 0.041667 0.019531
47 1.129861 0.478516 0.031944 0.014844
47 0.745139 0.231641 0.043056 0.021094
