47 0.179167 0.196094 0.052778 0.015625
47 0.220833 0.173437 0.038889 0.010937
47 0.283333 0.1875 0.036111 0.017188
47 0.259722 0.204687 0.036111 0.015625
47 0.459722 0.219531 0.041667 0.021875
47 0.389583 0.1625 0.023611 0.015625
47 0.422917 0.108594 0.045833 0.023438
47 0.431944 0.092188 0.038889 0.015625
47 0.670139 0.147656 0.031944 0.017188
47 0.670833 0.190625 0.044444 0.020313
47 0.751389 0.204687 0.047222 0.025
47 0.199306 0.557813 0.040278 0.007812
47 0.301389 0.529297 0.038889 0.024219
47 0.369444 0.482422 0.052778 0.024219
47 0.301389 0.557031 0.036111 0.009375
47 0.3625 0.553906 0.030556 0.015625
47 0.577778 0.512891 0.05 0.027344
47 0.581944 0.467969 0.041667 0.01875
47 0.772222 0.514844 0.047222 0.025
47 0.765972 0.53125 0.034722 0.015625
47 0.605556 0.486328 0.038889 0.010156
47 0.869444 0.537109 0.036111 0.028906
47 0.970139 0.506641 0.023611 0.019531
47 1.060417 0.503516 0.023611 0.014844
47 1.147222 0.313281 0.041667 0.021875
47 1.165278 0.332813 0.047222 0.025
47 1.122917 0.485156 0.0375 0.017188
47 0.2375 0.190625 0.055556 0.023438
47 0.502778 0.545312 0.033333 0.01875
47 0.645833 0.543359 0.027778 0.017969
47 0.679861 0.546875 0.040278 0.020313
47 0.770139 0.545312 0.034722 0.014063
47 0.749306 0.006641 0.040278 0.013281
47 1.005556 0.093359 0.038889 0.021094
47 1.138889 0.113672 0.025 0.010156
47 1.047917 0.519141 0.029167 0.016406
47 0.966667 0.536719 0.027778 0.0125
