47 0.732639 0.535156 0.045833 0.026562
47 0.796528 0.49375 0.045833 0.023438
47 0.868056 0.460938 0.055556 0.034375
47 0.695833 0.511719 0.044444 0.025
47 0.531944 0.475781 0.041667 0.023438
47 0.386806 0.464844 0.0375 0.020313
47 0.226389 0.483203 0.033333 0.024219
47 0.361806 0.494531 0.034722 0.020313
47 0.1625 0.469141 0.030556 0.022656
47 0.106944 0.470703 0.038889 0.022656
47 0.181944 0.380078 0.033333 0.017969
47 0.136111 0.326953 0.036111 0.019531
47 0.357639 0.319141 0.031944 0.016406
47 0.753472 0.191797 0.045833 0.024219
47 0.902778 0.311719 0.041667 0.01875
47 0.859722 0.308984 0.041667 0.025781
47 0.765278 0.314063 0.044444 0.026562
47 0.943056 0.171094 0.033333 0.026562
47 0.316667 0.307422 0.033333 0.014844
47 0.095833 0.479687 0.038889 0.023438
47 0.340972 0.474219 0.023611 0.017188
47 0.725694 0.514453 0.034722 0.021094
47 0.759722 0.507422 0.025 0.010156
47 0.943056 0.461719 0.027778 0.010937
47 0.960417 0.482422 0.0375 0.021094
47 0.984028 0.498047 0.029167 0.025781
47 0.96875 0.501953 0.0375 0.022656
47 0.990278 0.560156 0.016667 0.021875
47 0.076389 0.325391 0.025 0.011719
47 0.190972 0.328906 0.031944 0.015625
47 0.165278 0.3625 0.016667 0.010937
47 0.056944 0.272266 0.033333 0.019531
47 0.050694 0.316797 0.026389 0.010156
47 0.067361 0.314063 0.0125 0.0125
47 0.009028 0.278125 0.015278 0.015625
47 0.801389 0.3 0.038889 0.025
47 0.872917 0.320703 0.018056 0.011719
47 0.222222 0.408984 0.030556 0.013281
47 0.713194 0.195312 0.043056 0.028125
47 0.0125 0.151562 0.025 0.020313
47 0.011111 0.208203 0.019444 0.017969
47 0.029861 0.301563 0.018056 0.015625
47 0.979167 0.160156 0.038889 0.025
47 0.988889 0.184375 0.019444 0.014063
47 0.961806 0.197266 0.045833 0.024219
47 0.958333 0.324219 0.027778 0.0125
47 0.391667 0.438281 0.030556 0.0125
47 0.369444 0.392188 0.025 0.010937
47 0.323611 0.392578 0.027778 0.011719
47 0.372222 0.375 0.016667 0.014063
