47 0.922917 0.776563 0.048611 0.025
47 0.147917 0.708203 0.056944 0.035156
47 0.179167 0.735156 0.052778 0.026562
47 0.279861 0.741406 0.031944 0.020313
47 0.240972 0.744922 0.043056 0.022656
47 0.295139 0.670703 0.048611 0.021094
47 0.205556 0.576562 0.041667 0.025
47 0.245833 0.580078 0.041667 0.019531
47 0.522222 0.557813 0.027778 0.017188
47 0.530556 0.532813 0.047222 0.028125
47 0.5875 0.537891 0.038889 0.021094
47 0.353472 0.473828 0.043056 0.024219
47 0.385417 0.452734 0.045833 0.027344
47 0.502778 0.426563 0.041667 0.01875
47 0.581944 0.433203 0.044444 0.025781
47 0.197222 0.41875 0.027778 0.01875
47 0.618056 0.410938 0.033333 0.025
47 0.565972 0.397656 0.026389 0.015625
47 0.540278 0.362891 0.041667 0.021094
47 0.572917 0.364063 0.029167 0.017188
47 0.554167 0.342187 0.038889 0.01875
47 0.311111 0.327734 0.030556 0.008594
47 0.340972 0.353516 0.023611 0.016406
47 0.391667 0.344141 0.030556 0.019531
47 0.423611 0.334766 0.041667 0.030469
47 0.636806 0.285547 0.040278 0.025781
47 0.424306 0.306641 0.031944 0.008594
47 0.392361 0.282813 0.051389 0.03125
47 0.3875 0.257031 0.044444 0.020313
47 0.427083 0.261719 0.0375 0.01875
47 0.422222 0.239453 0.047222 0.025781
47 0.554167 0.238672 0.027778 0.022656
47 0.461111 0.134766 0.038889 0.027344
47 0.632639 0.388281 0.054167 0.025
47 0.621528 0.571094 0.031944 0.01875
47 0.602778 0.4875 0.055556 0.014063
47 0.530556 0.616406 0.022222 0.01875
47 0.593056 0.686328 0.013889 0.022656
47 0.709722 0.626953 0.038889 0.011719
47 0.696528 0.723047 0.020833 0.021094
47 0.745833 0.8125 0.013889 0.01875
47 0.530556 0.508594 0.022222 0.017188
47 0.318056 0.504297 0.022222 0.014844
