47 1.457639 0.496484 0.079167 0.052344
47 1.179167 0.288672 0.063889 0.033594
47 1.107639 0.3125 0.048611 0.0375
47 1.150694 0.319922 0.051389 0.032031
47 1.032639 0.273438 0.056944 0.03125
47 1.072222 0.379297 0.072222 0.042969
47 1.00625 0.430469 0.054167 0.035937
47 1.244444 0.31875 0.047222 0.020313
47 0.861806 0.088281 0.059722 0.029687
47 0.81875 0.073047 0.020833 0.025781
47 0.945139 0.179297 0.040278 0.027344
47 0.976389 0.394531 0.052778 0.0375
47 0.889583 0.455469 0.026389 0.034375
47 0.894444 0.051562 0.044444 0.015625
47 0.693056 0.315234 0.030556 0.022656
47 0.8125 0.412891 0.058333 0.019531
47 0.490972 0.464062 0.051389 0.032813
47 0.523611 0.504297 0.052778 0.032031
47 0.499306 0.204687 0.056944 0.03125
47 0.548611 0.254688 0.025 0.01875
47 0.549306 0.287891 0.043056 0.014844
47 0.045139 0.307031 0.045833 0.023438
47 0.083333 0.345703 0.061111 0.030469
47 0.099306 0.317969 0.056944 0.034375
47 0.142361 0.295312 0.054167 0.032813
47 0.241667 0.310937 0.066667 0.034375
47 0.238194 0.349219 0.031944 0.026562
47 0.329861 0.364844 0.059722 0.045312
47 0.366667 0.348047 0.052778 0.013281
47 0.321528 0.331641 0.048611 0.032031
47 0.014583 0.316797 0.026389 0.028906
47 0.264583 0.280859 0.051389 0.028906
47 0.274306 0.262891 0.040278 0.021094
47 0.342361 0.301172 0.065278 0.033594
47 0.365278 0.316016 0.05 0.028906
47 0.919444 0.017578 0.036111 0.016406
47 1.054167 0.08125 0.030556 0.03125
47 0.995139 0.007812 0.040278 0.014063
47 1.044444 0.174219 0.047222 0.025
47 1.03125 0.21875 0.043056 0.021875
47 0.78125 0.360547 0.034722 0.019531
47 1.077778 0.05 0.041667 0.0125
47 1.248611 0.033203 0.033333 0.021094
47 1.359722 0.078906 0.036111 0.023438
47 1.256944 0.214453 0.033333 0.025781
47 1.290278 0.307812 0.019444 0.017188
47 1.165278 0.271875 0.036111 0.01875
