47 0.276389 0.266797 0.047222 0.022656
47 0.250694 0.279687 0.040278 0.01875
47 0.50625 0.360547 0.040278 0.022656
47 0.53125 0.36875 0.0375 0.023438
47 0.625 0.363672 0.019444 0.019531
47 0.759722 0.3375 0.013889 0.010937
47 0.811806 0.380859 0.023611 0.016406
47 0.832639 0.443359 0.051389 0.024219
47 0.894444 0.399609 0.05 0.019531
47 0.983333 0.403906 0.044444 0.029687
47 0.924306 0.3625 0.043056 0.023438
47 0.949306 0.346094 0.043056 0.025
47 0.921528 0.298828 0.048611 0.032031
47 0.931944 0.283203 0.044444 0.019531
47 0.971528 0.209375 0.051389 0.026562
47 1.117361 0.277734 0.045833 0.027344
47 1.138194 0.353906 0.040278 0.025
47 1.095139 0.198047 0.054167 0.030469
47 1.041667 0.207422 0.022222 0.013281
47 0.88125 0.031641 0.043056 0.022656
47 0.801389 0.131641 0.033333 0.017969
47 0.829861 0.145703 0.026389 0.013281
47 0.934028 0.181641 0.034722 0.016406
