47 0.21875 0.041406 0.031944 0.020313
47 0.271528 0.023828 0.0375 0.019531
47 0.550694 0.010547 0.031944 0.019531
47 0.388194 0.004687 0.034722 0.009375
47 0.375 0.005469 0.022222 0.009375
47 0.36875 0.065234 0.029167 0.016406
47 0.538889 0.047656 0.030556 0.017188
47 0.556944 0.102344 0.030556 0.014063
47 0.376389 0.109375 0.044444 0.01875
47 0.365278 0.133203 0.036111 0.011719
47 0.321528 0.004297 0.043056 0.005469
47 0.274306 0.005078 0.034722 0.008594
47 0.285417 0.046094 0.040278 0.025
47 0.339583 0.086328 0.045833 0.019531
47 0.336806 0.099219 0.045833 0.021875
47 0.499306 0.126172 0.023611 0.019531
47 0.300694 0.080469 0.0375 0.020313
47 0.255556 0.060156 0.030556 0.01875
47 0.263194 0.10625 0.031944 0.020313
47 0.579861 0.131641 0.023611 0.019531
47 0.631944 0.022656 0.033333 0.017188
47 0.609722 0.004297 0.030556 0.007031
47 0.688194 0.065625 0.029167 0.01875
47 0.600694 0.129688 0.023611 0.020313
47 0.760417 0.050391 0.018056 0.011719
47 0.68125 0.005859 0.020833 0.010156
47 0.688889 0.002734 0.022222 0.005469
47 0.709722 0.138281 0.033333 0.0125
47 0.608333 0.207422 0.041667 0.024219
47 0.758333 0.225781 0.033333 0.01875
47 0.710417 0.236719 0.0375 0.023438
47 0.677083 0.225391 0.029167 0.016406
47 0.844444 0.076172 0.041667 0.028906
47 0.888889 0.075781 0.047222 0.026562
47 0.763889 0.214844 0.025 0.009375
47 0.609028 0.237891 0.034722 0.019531
47 0.563194 0.291406 0.029167 0.015625
47 0.588889 0.317188 0.036111 0.020313
47 0.689583 0.301563 0.026389 0.010937
47 0.828472 0.269922 0.034722 0.027344
47 0.900694 0.480078 0.051389 0.027344
47 0.925 0.109766 0.044444 0.032031
47 0.905556 0.198047 0.047222 0.022656
47 0.888889 0.210156 0.041667 0.021875
47 0.888194 0.246484 0.048611 0.028906
47 0.927778 0.288672 0.047222 0.016406
47 0.923611 0.303516 0.047222 0.025781
47 0.875694 0.365234 0.045833 0.025781
47 0.926389 0.548047 0.025 0.017969
47 0.869444 0.489844 0.030556 0.01875
47 0.879861 0.328516 0.029167 0.010156
47 0.725694 0.299609 0.020833 0.014844
47 0.729861 0.310547 0.020833 0.014844
47 0.935417 0.31875 0.018056 0.014063
