47 0.59375 0.458203 0.034722 0.022656
47 0.654861 0.488281 0.048611 0.028125
47 0.593056 0.491797 0.038889 0.017969
47 0.554861 0.519922 0.034722 0.027344
47 0.529861 0.577734 0.048611 0.017969
47 0.614583 0.596875 0.048611 0.025
47 0.504861 0.605469 0.015278 0.009375
47 0.427778 0.614062 0.019444 0.01875
47 0.500694 0.630859 0.023611 0.017969
47 0.946528 0.628906 0.0375 0.01875
47 0.909722 0.657813 0.047222 0.023438
47 0.872917 0.687891 0.029167 0.017969
47 0.734028 0.651563 0.043056 0.01875
47 0.547917 0.626563 0.026389 0.014063
47 0.633333 0.639844 0.047222 0.028125
47 0.65625 0.560937 0.023611 0.017188
