47 0.109722 0.175 0.030556 0.026562
47 0.024306 0.188281 0.043056 0.025
47 0.013194 0.217969 0.023611 0.01875
47 0.173611 0.223047 0.044444 0.021094
47 0.139583 0.255859 0.043056 0.022656
47 0.094444 0.273828 0.036111 0.014844
47 0.104167 0.292969 0.044444 0.015625
47 0.246528 0.285156 0.031944 0.015625
47 0.21875 0.297656 0.029167 0.020313
47 0.283333 0.315234 0.030556 0.014844
47 0.330556 0.338281 0.033333 0.023438
47 0.360417 0.332031 0.034722 0.023438
47 0.425694 0.320703 0.040278 0.022656
47 0.265972 0.334766 0.034722 0.019531
47 0.254861 0.358984 0.031944 0.011719
47 0.841667 0.470313 0.052778 0.03125
47 0.947222 0.503906 0.063889 0.028125
47 0.902083 0.572656 0.065278 0.021875
47 0.579861 0.590625 0.043056 0.023438
47 0.672917 0.471094 0.029167 0.01875
47 0.095833 0.497656 0.055556 0.021875
47 0.260417 0.513281 0.045833 0.020313
47 0.348611 0.560156 0.033333 0.01875
47 0.497917 0.543359 0.029167 0.014844
47 0.131944 0.564063 0.036111 0.021875
47 0.089583 0.551953 0.034722 0.019531
47 0.115972 0.551172 0.040278 0.021094
47 0.100694 0.571484 0.026389 0.019531
47 0.088194 0.587891 0.029167 0.027344
47 0.053472 0.601562 0.029167 0.014063
47 0.022222 0.589844 0.025 0.01875
47 0.148611 0.455859 0.038889 0.016406
