47 0.149306 0.263672 0.040278 0.024219
47 0.132639 0.3 0.054167 0.029687
47 0.204861 0.350781 0.045833 0.029687
47 0.191667 0.301172 0.052778 0.033594
47 0.297222 0.273828 0.061111 0.032031
47 0.452083 0.239453 0.056944 0.022656
47 0.513194 0.222266 0.054167 0.028906
47 0.5125 0.239453 0.052778 0.017969
47 0.529861 0.213672 0.045833 0.025781
47 0.384028 0.341406 0.020833 0.007812
47 0.43125 0.355469 0.034722 0.017188
47 1.318056 0.087891 0.044444 0.030469
47 1.252778 0.164453 0.05 0.027344
47 1.050694 0.194141 0.048611 0.028906
47 0.997222 0.274219 0.058333 0.035937
47 0.954167 0.235156 0.022222 0.0125
47 1.022222 0.369922 0.058333 0.032031
47 1.051389 0.391406 0.05 0.021875
47 1.085417 0.417187 0.040278 0.020313
47 1.128472 0.392969 0.051389 0.025
47 1.164583 0.421094 0.031944 0.023438
47 1.170833 0.447656 0.044444 0.032813
47 1.154861 0.377344 0.059722 0.015625
47 1.106944 0.275391 0.025 0.019531
47 1.104167 0.313281 0.030556 0.025
47 1.340278 0.391406 0.041667 0.025
47 1.370833 0.412109 0.052778 0.025781
47 1.213194 0.479297 0.026389 0.022656
47 1.369444 0.498828 0.061111 0.025781
47 0.9375 0.456641 0.055556 0.025781
47 0.857639 0.282422 0.040278 0.030469
47 0.891667 0.307422 0.05 0.030469
47 0.925 0.325781 0.044444 0.021875
47 0.970833 0.40625 0.019444 0.01875
47 0.838194 0.405078 0.056944 0.036719
47 0.877083 0.389062 0.040278 0.029687
47 0.783333 0.289062 0.044444 0.023438
47 0.80625 0.305078 0.043056 0.022656
47 0.779861 0.275781 0.040278 0.010937
47 0.786806 0.260547 0.0375 0.019531
47 0.717361 0.28125 0.026389 0.014063
47 1.273611 0.542578 0.030556 0.027344
47 1.279167 0.555469 0.033333 0.0125
47 0.7125 0.429688 0.058333 0.032813
47 0.718056 0.298047 0.013889 0.010156
47 0.840972 0.235156 0.026389 0.023438
47 0.819444 0.246484 0.038889 0.011719
47 0.270833 0.365625 0.025 0.0125
47 0.452083 0.381641 0.034722 0.011719
47 0.928472 0.49375 0.043056 0.023438
47 0.545833 0.380859 0.016667 0.008594
47 0.263194 0.254688 0.018056 0.01875
