47 0.00625 0.222266 0.0125 0.021094
47 0.027083 0.230469 0.029167 0.01875
47 0.029167 0.262891 0.05 0.033594
47 0.010417 0.317969 0.018056 0.020313
47 0.072917 0.289062 0.054167 0.03125
47 0.072222 0.316797 0.055556 0.025781
47 0.154167 0.366016 0.058333 0.033594
47 0.052083 0.4625 0.034722 0.017188
47 0.015972 0.527734 0.029167 0.021094
47 0.048611 0.492969 0.022222 0.0125
47 0.090278 0.427734 0.025 0.011719
47 0.059722 0.634766 0.027778 0.013281
47 0.185417 0.530469 0.026389 0.017188
47 0.211806 0.526172 0.026389 0.016406
47 0.236111 0.520703 0.022222 0.013281
47 0.273611 0.516406 0.019444 0.014063
47 0.294444 0.515625 0.025 0.014063
47 0.281944 0.544141 0.027778 0.017969
47 0.301389 0.579688 0.027778 0.014063
47 0.245833 0.254688 0.027778 0.014063
47 0.450694 0.328906 0.023611 0.009375
47 0.538889 0.353516 0.036111 0.019531
47 0.902083 0.009766 0.020833 0.013281
47 0.959028 0.03125 0.026389 0.01875
47 0.891667 0.03125 0.033333 0.014063
47 0.744444 0.074609 0.025 0.016406
47 0.586111 0.116016 0.030556 0.021094
47 0.615278 0.118359 0.022222 0.019531
47 0.681944 0.105078 0.033333 0.019531
47 0.714583 0.099219 0.034722 0.023438
47 0.635417 0.119922 0.018056 0.014844
47 0.656944 0.128906 0.027778 0.015625
47 0.719444 0.121875 0.030556 0.014063
47 0.745833 0.125391 0.019444 0.017969
47 0.800694 0.121875 0.031944 0.020313
47 0.720833 0.171484 0.030556 0.017969
47 0.756944 0.145703 0.036111 0.022656
47 0.826389 0.160938 0.022222 0.014063
47 0.836806 0.123438 0.034722 0.0125
47 0.910417 0.164844 0.051389 0.0375
47 0.966667 0.151172 0.061111 0.035156
47 0.952778 0.185547 0.044444 0.027344
47 0.84375 0.229297 0.054167 0.030469
47 0.892361 0.233594 0.059722 0.032813
47 0.951389 0.233984 0.05 0.027344
47 0.99375 0.241406 0.009722 0.021875
47 0.889583 0.274609 0.031944 0.024219
47 0.933333 0.262891 0.05 0.027344
47 0.940972 0.282422 0.054167 0.024219
47 0.984028 0.285938 0.029167 0.020313
47 0.602083 0.276562 0.009722 0.015625
47 0.621528 0.276562 0.031944 0.020313
47 0.650694 0.261719 0.043056 0.020313
47 0.665972 0.283984 0.026389 0.008594
47 0.694444 0.280078 0.027778 0.017969
47 0.731944 0.276953 0.033333 0.019531
47 0.745833 0.262891 0.036111 0.019531
47 0.801389 0.292578 0.033333 0.021094
47 0.8 0.311328 0.033333 0.016406
47 0.897222 0.655078 0.011111 0.014844
47 0.909028 0.639844 0.029167 0.014063
47 0.814583 0.529687 0.051389 0.023438
47 0.942361 0.554688 0.056944 0.029687
47 0.880556 0.529687 0.027778 0.017188
47 0.673611 0.555469 0.033333 0.021875
47 0.549306 0.565234 0.026389 0.016406
47 0.50625 0.545312 0.031944 0.015625
47 0.389583 0.516797 0.054167 0.030469
47 0.429167 0.535547 0.044444 0.022656
47 0.384722 0.417187 0.030556 0.021875
47 0.383333 0.451953 0.025 0.021094
47 0.410417 0.425 0.0375 0.023438
47 0.459722 0.443359 0.047222 0.025781
47 0.54375 0.45625 0.0375 0.023438
47 0.559028 0.392188 0.034722 0.01875
47 0.634722 0.38125 0.036111 0.015625
47 0.596528 0.419922 0.048611 0.017969
47 0.600694 0.4875 0.040278 0.026562
47 0.641667 0.479687 0.044444 0.021875
47 0.700694 0.465234 0.048611 0.028906
47 0.739583 0.413672 0.0375 0.010156
47 0.819444 0.46875 0.05 0.032813
47 0.809722 0.436328 0.027778 0.024219
47 0.846528 0.414453 0.059722 0.030469
47 0.897917 0.449609 0.0625 0.035156
47 0.949306 0.494922 0.018056 0.017969
47 0.879167 0.321094 0.038889 0.01875
47 0.238194 0.414062 0.031944 0.01875
47 0.654861 0.09375 0.023611 0.010937
47 0.986111 0.100391 0.025 0.014844
47 0.864583 0.127344 0.026389 0.014063
47 0.273611 0.332031 0.038889 0.021875
47 0.092361 0.477734 0.023611 0.011719
47 0.029861 0.404687 0.026389 0.010937
47 0.363889 0.308203 0.038889 0.019531
47 0.9875 0.260547 0.022222 0.021094
47 0.477778 0.534766 0.038889 0.019531
47 0.013194 0.575781 0.026389 0.021875
47 0.1 0.525391 0.030556 0.017969
47 0.65 0.521875 0.036111 0.01875
47 0.472917 0.365234 0.023611 0.016406
47 0.475694 0.348047 0.018056 0.011719
47 0.188889 0.360156 0.019444 0.017188
47 0.364583 0.360938 0.023611 0.015625
