47 0.234028 0.222266 0.0375 0.022656
47 0.202778 0.234766 0.033333 0.019531
47 0.209722 0.282813 0.030556 0.017188
47 0.465278 0.320703 0.044444 0.021094
47 0.491667 0.331641 0.047222 0.022656
47 0.483333 0.307422 0.022222 0.014844
47 0.577778 0.319141 0.016667 0.022656
47 0.73125 0.285156 0.031944 0.020313
47 0.771528 0.336328 0.026389 0.021094
47 0.8125 0.355859 0.052778 0.027344
47 0.865278 0.350781 0.055556 0.023438
47 0.95 0.350391 0.044444 0.025781
47 0.890278 0.313281 0.044444 0.026562
47 0.915972 0.294531 0.034722 0.015625
47 0.883333 0.249219 0.052778 0.028125
47 0.896528 0.234766 0.043056 0.016406
47 1.08125 0.226953 0.043056 0.025781
47 1.103472 0.304688 0.040278 0.023438
47 1.056944 0.138672 0.05 0.030469
47 1.000694 0.147656 0.040278 0.017188
47 0.93125 0.158203 0.048611 0.016406
47 0.790972 0.101562 0.023611 0.017188
47 0.765278 0.087891 0.030556 0.019531
