47 0.314583 0.311328 0.054167 0.025781
47 0.539583 0.507422 0.0375 0.017969
47 0.54375 0.269531 0.0375 0.025
47 0.735417 0.284766 0.043056 0.035156
47 0.713194 0.161719 0.045833 0.021875
47 0.635417 0.129688 0.054167 0.034375
47 0.901389 0.283984 0.036111 0.030469
47 0.98125 0.274609 0.056944 0.028906
47 0.9875 0.352344 0.027778 0.023438
47 1.027778 0.443359 0.036111 0.027344
47 1.09375 0.322266 0.023611 0.014844
47 1.121528 0.2875 0.0375 0.015625
47 1.083333 0.039844 0.033333 0.01875
47 1.129861 0.044922 0.026389 0.014844
47 1.238194 0.245703 0.054167 0.033594
47 1.227083 0.3625 0.034722 0.026562
47 1.227778 0.399219 0.036111 0.028125
47 1.179861 0.397656 0.026389 0.01875
47 0.6875 0.130859 0.05 0.014844
47 0.739583 0.120313 0.026389 0.01875
47 0.840972 0.034766 0.031944 0.014844
47 0.634028 0.009375 0.023611 0.01875
47 1.261111 0.128125 0.038889 0.017188
47 1.039583 0.426172 0.023611 0.019531
