47 0.490972 0.106641 0.048611 0.027344
47 0.5125 0.094531 0.044444 0.029687
47 0.4875 0.129297 0.038889 0.017969
47 0.360417 0.171484 0.034722 0.021094
47 0.536806 0.210547 0.051389 0.032031
47 0.456944 0.238672 0.052778 0.028906
47 0.586806 0.25 0.051389 0.025
47 0.314583 0.339062 0.059722 0.025
47 0.317361 0.365625 0.056944 0.03125
47 0.366667 0.378906 0.052778 0.032813
47 0.533333 0.280078 0.041667 0.030469
47 0.285417 0.419141 0.054167 0.028906
47 0.423611 0.433203 0.058333 0.027344
47 0.322222 0.407422 0.036111 0.021094
47 0.443056 0.312891 0.025 0.021094
47 0.497222 0.294531 0.022222 0.029687
47 0.581944 0.377734 0.055556 0.027344
47 0.658333 0.358203 0.052778 0.032031
47 0.422222 0.455078 0.025 0.016406
47 0.215278 0.564453 0.047222 0.021094
47 0.379861 0.592969 0.0625 0.03125
47 0.407639 0.539062 0.051389 0.03125
47 0.459722 0.539453 0.058333 0.027344
47 0.538889 0.528516 0.058333 0.022656
47 0.539583 0.715625 0.029167 0.035937
47 0.6625 0.641797 0.044444 0.024219
47 0.590278 0.5875 0.030556 0.023438
47 0.631944 0.559766 0.047222 0.028906
47 0.632639 0.616016 0.051389 0.021094
47 0.128472 0.788672 0.095833 0.053906
47 0.505556 0.826562 0.027778 0.03125
47 0.772222 0.833984 0.058333 0.027344
47 0.85 0.867969 0.063889 0.029687
47 0.230556 0.365625 0.041667 0.0125
47 0.586111 0.274219 0.027778 0.0125
47 0.525694 0.378516 0.029167 0.011719
47 0.338194 0.416406 0.034722 0.017188
47 0.55 0.234766 0.033333 0.010156
47 0.45 0.297266 0.027778 0.016406
47 0.417361 0.35625 0.026389 0.0125
47 0.39375 0.569141 0.020833 0.016406
47 0.285417 0.814844 0.040278 0.026562
47 0.344444 0.816016 0.025 0.027344
47 0.227083 0.842187 0.056944 0.017188
47 0.275694 0.855078 0.0625 0.024219
