47 0.838889 0.433984 0.05 0.027344
47 0.270833 0.273828 0.044444 0.025781
47 0.239583 0.287891 0.048611 0.022656
47 0.495833 0.362891 0.047222 0.027344
47 0.53125 0.370703 0.031944 0.022656
47 0.914583 0.310937 0.056944 0.026562
47 0.619444 0.368359 0.033333 0.022656
47 0.78125 0.329297 0.043056 0.025781
47 0.248611 0.334766 0.030556 0.019531
47 0.802083 0.140234 0.043056 0.027344
47 0.890972 0.042578 0.059722 0.036719
47 0.972917 0.219531 0.051389 0.03125
47 1.095833 0.211328 0.047222 0.028906
47 1.1125 0.292578 0.044444 0.025781
47 0.830556 0.157031 0.041667 0.025
47 0.935417 0.2 0.0375 0.026562
47 1.040278 0.211328 0.047222 0.027344
47 0.929861 0.294922 0.045833 0.022656
47 0.767361 0.192188 0.031944 0.014063
47 0.938889 0.357422 0.044444 0.022656
47 0.919444 0.376563 0.041667 0.026562
47 0.970139 0.416016 0.045833 0.027344
47 0.891667 0.409766 0.038889 0.021094
47 0.802778 0.389453 0.044444 0.024219
47 1.128472 0.370312 0.0375 0.023438
47 0.691667 0.096875 0.033333 0.01875
