47 0.720139 0.194531 0.043056 0.03125
47 0.745139 0.196094 0.026389 0.023438
47 0.511111 0.326953 0.030556 0.017969
47 0.50625 0.342969 0.040278 0.017188
47 0.80625 0.270703 0.034722 0.022656
47 0.772222 0.265625 0.022222 0.0125
47 0.779861 0.292578 0.031944 0.021094
47 0.752778 0.316797 0.036111 0.022656
47 0.728472 0.327344 0.031944 0.017188
47 0.195833 0.298047 0.027778 0.021094
47 0.726389 0.308594 0.027778 0.017188
47 0.947222 0.255469 0.041667 0.023438
47 0.959028 0.287109 0.048611 0.019531
47 0.911806 0.221484 0.051389 0.028906
47 0.878472 0.224219 0.023611 0.023438
47 0.877778 0.111328 0.055556 0.039844
47 0.689583 0.411328 0.045833 0.022656
47 0.856944 0.528125 0.044444 0.023438
47 0.845139 0.544141 0.048611 0.028906
47 0.790972 0.589844 0.056944 0.032813
47 0.74375 0.6 0.056944 0.03125
47 0.824306 0.611328 0.0625 0.028906
47 0.954167 0.430859 0.036111 0.016406
47 0.936111 0.414062 0.022222 0.015625
47 0.959722 0.412109 0.022222 0.007031
47 0.988889 0.255859 0.019444 0.013281
47 0.744444 0.291016 0.027778 0.013281
47 0.74375 0.284766 0.026389 0.000781
47 0.985417 0.246484 0.015278 0.014844
47 0.754167 0.276562 0.027778 0.009375
