47 0.340972 0.713672 0.056944 0.033594
47 0.255556 0.659766 0.052778 0.030469
47 0.220139 0.691406 0.051389 0.029687
47 0.259722 0.681641 0.036111 0.016406
47 0.179167 0.732812 0.044444 0.028125
47 0.136806 0.753125 0.059722 0.028125
47 0.479167 0.629687 0.061111 0.034375
47 0.192361 0.585938 0.056944 0.025
47 0.191667 0.606641 0.05 0.019531
47 0.364583 0.239844 0.043056 0.025
47 0.334722 0.190234 0.027778 0.011719
47 0.323611 0.312109 0.047222 0.030469
47 0.292361 0.314063 0.029167 0.021875
47 0.372222 0.353516 0.05 0.025781
47 0.283333 0.353906 0.044444 0.028125
47 0.421528 0.362891 0.034722 0.017969
47 0.534028 0.452734 0.048611 0.028906
47 0.575694 0.517188 0.059722 0.032813
47 0.520139 0.505859 0.043056 0.019531
47 0.649306 0.55625 0.045833 0.023438
47 0.721528 0.578906 0.048611 0.028125
47 0.582639 0.607812 0.0375 0.020313
47 0.340972 0.480078 0.045833 0.027344
47 0.420139 0.507031 0.045833 0.020313
47 0.288889 0.558984 0.022222 0.022656
47 0.721528 0.815234 0.045833 0.027344
47 0.670833 0.810547 0.044444 0.027344
47 0.33125 0.800391 0.045833 0.024219
47 0.110417 0.894922 0.073611 0.041406
47 0.235417 0.815625 0.051389 0.026562
47 0.507639 0.914062 0.054167 0.034375
47 0.519444 0.88125 0.055556 0.034375
47 0.505556 0.521875 0.038889 0.021875
47 0.611111 0.537891 0.05 0.014844
47 0.422917 0.453125 0.034722 0.01875
47 0.665278 0.585938 0.036111 0.023438
47 0.651389 0.6125 0.025 0.014063
47 0.793056 0.808594 0.030556 0.023438
47 0.670139 0.76875 0.068056 0.025
47 0.531944 0.776953 0.061111 0.028906
47 0.739583 0.838672 0.051389 0.025781
47 0.400694 0.272656 0.029167 0.023438
47 0.972917 0.729688 0.034722 0.017188
47 0.966667 0.972656 0.05 0.025
