47 0.229861 0.083203 0.051389 0.028906
47 0.205556 0.057813 0.041667 0.021875
47 0.253472 0.055078 0.051389 0.027344
47 0.253472 0.078125 0.0375 0.020313
47 0.346528 0.185938 0.0375 0.023438
47 0.463889 0.196094 0.041667 0.021875
47 0.48125 0.216797 0.0375 0.022656
47 0.332639 0.518359 0.040278 0.019531
47 0.488194 0.494531 0.051389 0.025
47 0.494444 0.513281 0.041667 0.025
47 0.534028 0.523438 0.056944 0.029687
47 0.479167 0.541797 0.047222 0.024219
47 0.625694 0.480859 0.045833 0.028906
47 0.657639 0.507812 0.040278 0.028125
47 0.743056 0.496875 0.030556 0.023438
47 0.857639 0.507422 0.031944 0.021094
47 0.763194 0.446094 0.034722 0.025
47 0.867361 0.185547 0.048611 0.030469
47 0.874306 0.484766 0.0375 0.022656
47 0.891667 0.517969 0.038889 0.028125
47 1.034722 0.489844 0.047222 0.025
47 0.925 0.505078 0.038889 0.017969
47 1.15 0.411328 0.041667 0.025781
47 0.757639 0.527344 0.040278 0.020313
47 0.775 0.490625 0.041667 0.032813
47 0.333333 0.532031 0.061111 0.01875
47 0.413889 0.481641 0.044444 0.024219
47 0.317361 0.075391 0.048611 0.027344
47 1.265278 0.05 0.05 0.01875
47 0.940972 0.477734 0.034722 0.017969
47 0.477778 0.557031 0.05 0.009375
