47 0.925694 0.295312 0.040278 0.021875
47 0.875694 0.295312 0.054167 0.023438
47 0.972222 0.336719 0.044444 0.028125
47 0.9375 0.397266 0.030556 0.019531
47 0.977778 0.414062 0.038889 0.023438
47 0.141667 0.301953 0.061111 0.028906
47 0.015972 0.286328 0.026389 0.019531
47 0.171528 0.415234 0.040278 0.016406
47 0.292361 0.425391 0.023611 0.017969
47 0.377083 0.45 0.040278 0.020313
47 0.425 0.451562 0.027778 0.009375
47 0.470139 0.433594 0.040278 0.020313
47 0.731944 0.419531 0.033333 0.014063
47 0.884028 0.432031 0.026389 0.023438
47 0.89375 0.480859 0.043056 0.021094
47 0.953472 0.713672 0.070833 0.033594
47 0.944444 0.740625 0.072222 0.046875
47 0.983333 0.75 0.030556 0.039062
47 0.204167 0.41875 0.036111 0.017188
47 0.525 0.432422 0.030556 0.017969
