47 0.449306 0.107031 0.051389 0.029687
47 0.439583 0.126562 0.045833 0.01875
47 0.423611 0.494531 0.047222 0.023438
47 0.797917 0.507422 0.043056 0.011719
47 0.488889 0.384766 0.052778 0.016406
47 0.186806 0.54375 0.048611 0.01875
47 0.245833 0.584766 0.036111 0.021094
47 0.442361 0.596875 0.0375 0.029687
47 0.536806 0.741406 0.034722 0.017188
47 0.709028 0.775781 0.048611 0.017188
47 0.841667 0.732812 0.041667 0.017188
47 0.380556 0.741406 0.041667 0.03125
47 0.384722 0.819922 0.041667 0.024219
47 0.014583 0.788672 0.023611 0.021094
47 0.020833 0.814844 0.036111 0.021875
47 0.294444 0.894531 0.063889 0.035937
47 0.586806 0.891406 0.045833 0.021875
47 0.527083 0.884766 0.045833 0.019531
47 0.202778 0.571094 0.019444 0.0125
47 0.183333 0.597266 0.033333 0.022656
47 0.029861 0.651563 0.023611 0.017188
47 0.020139 0.721484 0.034722 0.019531
47 0.413194 0.692578 0.040278 0.021094
47 0.444444 0.696094 0.036111 0.010937
47 0.688889 0.658984 0.013889 0.011719
47 0.683333 0.778516 0.038889 0.014844
