47 0.268056 0.023047 0.033333 0.019531
47 0.275694 0.038281 0.034722 0.014063
47 0.277778 0.050781 0.025 0.010937
47 0.291667 0.061328 0.027778 0.014844
47 0.255556 0.070703 0.036111 0.016406
47 0.252083 0.087109 0.026389 0.016406
47 0.286111 0.089844 0.027778 0.017188
47 0.364583 0.092188 0.031944 0.015625
47 0.329167 0.110547 0.033333 0.017969
47 0.528472 0.040234 0.040278 0.024219
47 0.509028 0.060156 0.034722 0.0125
47 0.506944 0.049219 0.022222 0.010937
47 0.5375 0.063672 0.027778 0.013281
47 0.540972 0.077344 0.034722 0.017188
47 0.513194 0.101172 0.034722 0.019531
47 0.538194 0.099609 0.029167 0.019531
47 0.564583 0.130078 0.031944 0.017969
47 0.472917 0.123438 0.045833 0.025
47 0.479167 0.147266 0.05 0.027344
47 0.414583 0.143359 0.043056 0.008594
47 0.377778 0.153125 0.05 0.026562
47 0.361806 0.178516 0.054167 0.024219
47 0.411111 0.176953 0.038889 0.022656
47 0.479167 0.180469 0.038889 0.021875
47 0.379861 0.219531 0.040278 0.021875
47 0.488194 0.20625 0.0375 0.023438
47 0.122917 0.172656 0.031944 0.015625
47 0.148611 0.172656 0.033333 0.017188
47 0.159028 0.203516 0.029167 0.014844
47 0.20625 0.255078 0.034722 0.021094
47 0.229167 0.263672 0.036111 0.014844
47 0.16875 0.252344 0.031944 0.017188
47 0.239583 0.284766 0.020833 0.013281
47 0.521528 0.175391 0.040278 0.022656
47 0.534722 0.163672 0.033333 0.010156
47 0.55 0.182031 0.038889 0.023438
47 0.566667 0.206641 0.038889 0.021094
47 0.598611 0.226953 0.036111 0.021094
47 0.859722 0.011719 0.036111 0.020313
47 0.848611 0.030469 0.030556 0.023438
47 0.825694 0.058984 0.051389 0.025781
47 0.756944 0.077344 0.047222 0.017188
47 0.697222 0.040234 0.030556 0.013281
47 0.746528 0.019531 0.031944 0.028125
47 0.745139 0.119531 0.045833 0.03125
47 0.797917 0.144531 0.048611 0.028125
47 0.919444 0.119141 0.041667 0.022656
47 0.404861 0.267969 0.059722 0.028125
47 0.288194 0.323828 0.043056 0.019531
47 0.305556 0.344141 0.019444 0.014844
47 0.344444 0.465625 0.027778 0.014063
47 0.45 0.397266 0.038889 0.022656
47 0.454167 0.374609 0.038889 0.019531
47 0.5 0.374609 0.044444 0.022656
47 0.525694 0.337891 0.045833 0.028906
47 0.91875 0.153125 0.034722 0.015625
47 0.490278 0.523828 0.027778 0.017969
47 0.469444 0.546094 0.047222 0.025
47 0.599306 0.323437 0.040278 0.026562
47 0.631944 0.319531 0.030556 0.020313
47 0.635417 0.375 0.048611 0.021875
47 0.950694 0.179297 0.048611 0.025781
47 0.938194 0.222266 0.040278 0.024219
47 1.093056 0.188672 0.025 0.014844
47 1.122222 0.197266 0.025 0.005469
47 0.80625 0.221094 0.029167 0.017188
47 0.835417 0.277344 0.020833 0.0125
47 1.156944 0.250391 0.027778 0.008594
47 0.988194 0.251563 0.045833 0.023438
47 1.08125 0.258594 0.029167 0.014063
47 1.042361 0.264844 0.034722 0.023438
47 0.927778 0.317188 0.041667 0.023438
47 0.968056 0.298438 0.038889 0.020313
47 0.991667 0.311719 0.047222 0.025
47 1.123611 0.350391 0.038889 0.022656
47 1.3 0.288672 0.036111 0.014844
47 1.275 0.323828 0.030556 0.014844
47 1.181944 0.389844 0.019444 0.0125
47 1.047917 0.41875 0.031944 0.015625
47 1.088194 0.4625 0.034722 0.020313
47 0.663194 0.391797 0.048611 0.017969
47 0.934028 0.470703 0.031944 0.021094
47 0.883333 0.514062 0.041667 0.021875
47 0.915278 0.519922 0.038889 0.027344
47 0.995139 0.534375 0.029167 0.015625
47 1.021528 0.520312 0.023611 0.017188
47 0.839583 0.326172 0.018056 0.014844
47 1.323611 0.298828 0.030556 0.019531
47 0.272222 0.2125 0.022222 0.009375
47 0.241667 0.189062 0.025 0.015625
47 0.291667 0.149609 0.025 0.025781
47 0.977778 0.078516 0.041667 0.019531
47 1.001389 0.016406 0.030556 0.021875
47 0.89375 0.233594 0.018056 0.010937
47 0.864583 0.185547 0.020833 0.008594
47 0.975694 0.548828 0.0125 0.008594
47 0.399306 0.489844 0.0125 0.014063
