47 0.870833 0.20625 0.044444 0.026562
47 0.902083 0.209375 0.026389 0.025
47 0.622222 0.339453 0.030556 0.019531
47 0.613194 0.356641 0.040278 0.017969
47 0.886806 0.332813 0.043056 0.01875
47 0.853472 0.341797 0.031944 0.014844
47 0.94375 0.285547 0.045833 0.021094
47 0.913889 0.308594 0.027778 0.014063
47 0.951389 0.611719 0.058333 0.028125
47 0.888194 0.624609 0.045833 0.038281
47 0.976389 0.636328 0.044444 0.035156
47 0.898611 0.284375 0.033333 0.021875
47 0.857639 0.327734 0.023611 0.013281
47 0.870833 0.305859 0.025 0.014844
47 0.295139 0.308203 0.015278 0.014844
47 0.9875 0.548828 0.022222 0.022656
47 0.981944 0.565625 0.033333 0.025
