47 0.938194 0.158594 0.043056 0.023438
47 0.643056 0.314063 0.047222 0.017188
47 0.652083 0.358984 0.034722 0.019531
47 0.872222 0.346094 0.030556 0.020313
47 0.782639 0.314063 0.031944 0.020313
47 0.825694 0.310156 0.034722 0.023438
47 0.757639 0.290234 0.026389 0.014844
47 0.969444 0.112891 0.038889 0.027344
47 1.178472 0.223047 0.040278 0.019531
47 1.171528 0.239844 0.040278 0.01875
47 1.213194 0.226562 0.029167 0.017188
47 1.1625 0.207422 0.030556 0.014844
47 0.989583 0.098047 0.0375 0.019531
47 0.636111 0.29375 0.027778 0.017188
47 1.113889 0.340234 0.036111 0.016406
47 1.111806 0.358203 0.0375 0.013281
47 0.658333 0.344922 0.041667 0.017969
47 0.943056 0.253516 0.027778 0.008594
47 1.211806 0.430859 0.051389 0.025781
47 1.049306 0.144531 0.023611 0.009375
47 1.004167 0.120313 0.027778 0.021875
47 1.048611 0.020313 0.027778 0.01875
47 1.040972 0.049609 0.015278 0.011719
47 1.007639 0.236328 0.026389 0.014844
