47 0.423611 0.166406 0.044444 0.026562
47 0.482639 0.195703 0.045833 0.032031
47 0.477778 0.163672 0.041667 0.025781
47 0.58125 0.099609 0.056944 0.032031
47 0.782639 0.1125 0.054167 0.025
47 0.774306 0.135937 0.048611 0.017188
47 0.958333 0.239844 0.055556 0.032813
47 0.968056 0.328125 0.030556 0.023438
47 0.992361 0.297656 0.026389 0.021875
47 1.029861 0.184766 0.043056 0.019531
47 1.083333 0.214844 0.055556 0.023438
47 1.109722 0.170313 0.052778 0.034375
47 1.141667 0.181641 0.05 0.030469
47 1.184722 0.326172 0.044444 0.017969
47 1.195139 0.245312 0.054167 0.020313
47 1.252083 0.108594 0.0625 0.032813
47 1.299306 0.2 0.070833 0.042188
47 1.357639 0.201172 0.034722 0.014844
47 1.390972 0.208203 0.023611 0.008594
47 1.488889 0.292578 0.033333 0.025781
47 1.29375 0.227344 0.0375 0.020313
47 1.470139 0.253125 0.026389 0.025
47 1.647917 0.228125 0.090278 0.051562
47 1.290278 0.325391 0.047222 0.016406
47 1.318056 0.025 0.044444 0.03125
47 0.697917 0.249219 0.0375 0.026562
47 1.357639 0.134375 0.043056 0.020313
47 1.508333 0.009766 0.044444 0.017969
47 1.5875 0.444141 0.055556 0.050781
47 1.646528 0.314063 0.0375 0.009375
