47 0.130556 0.754687 0.027778 0.021875
47 0.048611 0.616016 0.030556 0.014844
47 0.593056 0.579297 0.038889 0.013281
47 0.577083 0.567578 0.031944 0.011719
47 0.095139 0.519141 0.040278 0.021094
47 0.066667 0.526563 0.019444 0.015625
47 0.090972 0.474609 0.0375 0.019531
47 0.0625 0.458984 0.038889 0.019531
47 0.0125 0.459766 0.022222 0.022656
47 0.020833 0.471484 0.016667 0.008594
47 0.082639 0.437109 0.031944 0.021094
47 0.014583 0.390625 0.029167 0.014063
47 0.013889 0.412109 0.025 0.017969
47 0.083333 0.338281 0.038889 0.023438
47 0.006944 0.295312 0.011111 0.020313
47 0.621528 0.35 0.0375 0.021875
47 0.580556 0.342969 0.041667 0.023438
47 0.567361 0.275 0.029167 0.01875
47 0.440972 0.209766 0.045833 0.030469
47 0.372222 0.226953 0.044444 0.022656
47 0.415278 0.226562 0.047222 0.01875
47 0.430556 0.254688 0.038889 0.017188
47 0.095139 0.453906 0.026389 0.017188
47 0.094444 0.768359 0.019444 0.013281
47 0.390278 0.196484 0.016667 0.022656
47 0.36875 0.195703 0.023611 0.010156
47 0.036111 0.439453 0.030556 0.016406
47 0.144444 0.848047 0.05 0.032031
47 0.313889 0.814844 0.047222 0.026562
47 0.988889 0.743359 0.016667 0.014844
