47 0.09375 0.075781 0.054167 0.03125
47 0.439583 0.05 0.079167 0.051562
47 0.489583 0.067969 0.068056 0.045312
47 0.699306 0.028906 0.073611 0.040625
47 0.673611 0.088672 0.066667 0.033594
47 0.575694 0.101953 0.068056 0.041406
47 0.525694 0.138281 0.068056 0.048438
47 0.5625 0.140625 0.027778 0.0375
47 0.929861 0.166406 0.059722 0.03125
47 0.915278 0.117578 0.047222 0.025781
47 0.953472 0.025 0.068056 0.04375
47 0.970833 0.074609 0.055556 0.038281
47 0.965278 0.094141 0.061111 0.025781
47 0.913194 0.189453 0.048611 0.035156
47 0.973611 0.241016 0.05 0.035156
47 0.844444 0.274609 0.044444 0.028906
47 0.861111 0.278125 0.038889 0.028125
47 0.446528 0.112891 0.059722 0.039844
47 0.364583 0.086328 0.056944 0.025781
47 0.381944 0.180078 0.05 0.027344
47 0.346528 0.194922 0.045833 0.036719
47 0.288889 0.196875 0.047222 0.040625
47 0.225 0.215234 0.063889 0.035156
47 0.167361 0.227734 0.059722 0.030469
47 0.159722 0.246484 0.041667 0.019531
47 0.380556 0.336719 0.041667 0.025
47 0.724306 0.318359 0.076389 0.053906
47 0.790972 0.330078 0.059722 0.030469
47 0.986111 0.456641 0.025 0.044531
47 0.93125 0.403906 0.034722 0.020313
47 0.844444 0.19375 0.041667 0.021875
47 0.889583 0.045703 0.026389 0.014844
47 0.040972 0.101953 0.048611 0.030469
47 0.019444 0.080859 0.027778 0.027344
47 0.350694 0.021875 0.031944 0.025
47 0.311806 0.135937 0.059722 0.01875
47 0.420833 0.139063 0.052778 0.028125
47 0.480556 0.189453 0.061111 0.028906
47 0.338194 0.161719 0.048611 0.029687
47 0.276389 0.080469 0.044444 0.014063
47 0.129167 0.046875 0.030556 0.014063
47 0.523611 0.439063 0.055556 0.029687
47 0.935417 0.278516 0.0375 0.019531
47 0.954861 0.266406 0.029167 0.01875
47 0.54375 0.227344 0.056944 0.028125
47 0.336806 0.041406 0.0375 0.017188
47 0.015278 0.147266 0.027778 0.017969
47 0.139583 0.173828 0.068056 0.032031
47 0.109028 0.304297 0.045833 0.021094
47 0.124306 0.313281 0.026389 0.014063
47 0.152083 0.394141 0.034722 0.021094
47 0.245833 0.423438 0.038889 0.01875
47 0.025694 0.323047 0.034722 0.019531
47 0.038194 0.294531 0.043056 0.014063
47 0.090972 0.273438 0.040278 0.029687
47 0.081944 0.341016 0.019444 0.011719
47 0.083333 0.353125 0.022222 0.0125
47 0.228472 0.455469 0.040278 0.015625
47 0.242361 0.483203 0.043056 0.025781
47 0.349306 0.513672 0.045833 0.022656
47 0.596528 0.584766 0.051389 0.027344
47 0.720833 0.568359 0.061111 0.028906
47 0.845139 0.659766 0.070833 0.039844
47 0.986111 0.652344 0.022222 0.0375
47 0.822222 0.698438 0.058333 0.035937
47 0.985417 0.730078 0.026389 0.028906
47 0.273611 0.683984 0.055556 0.032031
47 0.325694 0.636719 0.043056 0.026562
47 0.404167 0.590234 0.030556 0.017969
47 0.784028 0.696094 0.0375 0.029687
47 0.028472 0.680078 0.043056 0.021094
47 0.470139 0.467969 0.029167 0.01875
47 0.994444 0.051562 0.008333 0.017188
