47 0.771528 0.648438 0.034722 0.010937
47 0.920139 0.579297 0.040278 0.021094
47 0.951389 0.516797 0.019444 0.016406
47 0.898611 0.526563 0.030556 0.007812
47 0.973611 0.495312 0.041667 0.021875
47 0.950694 0.477734 0.034722 0.013281
47 0.911806 0.487109 0.045833 0.017969
47 0.372917 0.485547 0.051389 0.019531
47 0.297917 0.454297 0.020833 0.007031
47 0.988194 0.426172 0.018056 0.014844
47 0.840972 0.426953 0.029167 0.014844
47 0.931944 0.410156 0.033333 0.0125
47 0.930556 0.426953 0.030556 0.016406
47 0.904167 0.429297 0.022222 0.010156
47 0.952778 0.365625 0.061111 0.025
47 0.9125 0.348047 0.047222 0.022656
47 0.939583 0.270313 0.051389 0.026562
47 0.973611 0.279297 0.033333 0.022656
47 0.98125 0.299219 0.029167 0.029687
47 0.910417 0.227344 0.045833 0.025
47 0.391667 0.260547 0.038889 0.024219
47 0.429167 0.269141 0.041667 0.019531
47 0.977083 0.180469 0.029167 0.021875
47 0.991667 0.180078 0.011111 0.028906
47 0.370833 0.192188 0.027778 0.023438
47 0.188889 0.176563 0.041667 0.023438
47 0.203472 0.129297 0.045833 0.027344
47 0.152778 0.117578 0.033333 0.019531
47 0.154861 0.144141 0.048611 0.022656
47 0.192361 0.146094 0.034722 0.017188
47 0.129167 0.705078 0.033333 0.025781
47 0.027778 0.729688 0.022222 0.014063
