47 0.05 0.724219 0.069444 0.021875
47 0.433333 0.640625 0.025 0.015625
47 0.456944 0.644531 0.022222 0.015625
47 0.460417 0.626953 0.040278 0.017969
47 0.540278 0.653906 0.041667 0.01875
47 0.532639 0.594922 0.043056 0.016406
47 0.611806 0.582031 0.0375 0.025
47 0.602083 0.457813 0.043056 0.026562
47 0.572917 0.466016 0.040278 0.021094
47 0.655556 0.439453 0.019444 0.011719
47 0.701389 0.446875 0.019444 0.015625
47 0.636111 0.509766 0.019444 0.017969
47 0.698611 0.545703 0.030556 0.021094
47 0.745833 0.529687 0.027778 0.015625
47 0.7625 0.529297 0.019444 0.014844
47 0.738194 0.567578 0.045833 0.021094
47 0.64375 0.584375 0.023611 0.0125
47 0.61875 0.607812 0.040278 0.021875
47 0.625 0.625391 0.033333 0.014844
47 0.692361 0.629687 0.0375 0.023438
47 0.725694 0.623437 0.048611 0.026562
47 0.815972 0.655469 0.045833 0.0125
47 0.715278 0.649609 0.036111 0.021094
47 0.409028 0.66875 0.031944 0.01875
47 0.429167 0.656641 0.036111 0.016406
47 0.106944 0.675391 0.025 0.017969
47 0.022222 0.696094 0.041667 0.03125
