47 0.019444 0.291016 0.025 0.014844
47 0.015972 0.313672 0.023611 0.017969
47 0.046528 0.291016 0.018056 0.011719
47 0.159722 0.370703 0.022222 0.011719
47 0.094444 0.410156 0.022222 0.0125
47 0.05 0.369922 0.022222 0.010156
47 0.033333 0.360938 0.019444 0.010937
47 0.136111 0.304297 0.019444 0.010156
47 0.270833 0.341406 0.025 0.009375
47 0.125 0.386719 0.025 0.010937
47 0.035417 0.268359 0.020833 0.010156
47 0.135417 0.394141 0.031944 0.014844
47 0.164583 0.301172 0.018056 0.010156
47 0.66875 0.405078 0.031944 0.014844
