47 0.031944 0.324609 0.041667 0.019531
47 0.066667 0.322656 0.033333 0.01875
47 0.045139 0.334375 0.040278 0.017188
47 0.034028 0.365234 0.040278 0.013281
47 0.079861 0.379297 0.026389 0.022656
47 0.111111 0.341797 0.05 0.021094
47 0.097917 0.366016 0.031944 0.011719
47 0.135417 0.348047 0.040278 0.021094
47 0.127778 0.376953 0.036111 0.013281
47 0.171528 0.364063 0.040278 0.021875
47 0.197917 0.323437 0.043056 0.020313
47 0.20625 0.394922 0.045833 0.024219
47 0.230556 0.38125 0.038889 0.020313
47 0.277083 0.381641 0.0375 0.019531
47 0.277083 0.355078 0.048611 0.022656
47 0.303472 0.385547 0.026389 0.011719
47 0.300694 0.349609 0.045833 0.014844
47 0.285417 0.309375 0.031944 0.020313
47 0.314583 0.325 0.045833 0.021875
47 0.361806 0.340234 0.034722 0.016406
47 0.383333 0.305078 0.041667 0.019531
47 0.373611 0.276562 0.041667 0.021875
47 0.401389 0.392188 0.036111 0.017188
47 0.410417 0.403516 0.0375 0.021094
47 0.442361 0.227344 0.048611 0.026562
47 0.458333 0.350781 0.041667 0.014063
47 0.4375 0.351953 0.030556 0.008594
47 0.459722 0.320703 0.025 0.014844
47 0.443056 0.309375 0.033333 0.015625
47 0.541667 0.326953 0.025 0.008594
47 0.525694 0.476953 0.023611 0.016406
47 0.625694 0.414062 0.045833 0.026562
47 0.6625 0.414844 0.033333 0.023438
47 0.645139 0.342578 0.018056 0.013281
47 0.663194 0.34375 0.018056 0.009375
47 0.569444 0.292969 0.030556 0.010937
47 0.638889 0.26875 0.036111 0.025
47 0.644444 0.230469 0.044444 0.017188
47 0.695833 0.459375 0.058333 0.032813
47 0.680556 0.445312 0.047222 0.021875
47 0.6875 0.428906 0.055556 0.017188
47 0.716667 0.446484 0.036111 0.013281
47 0.743056 0.426172 0.030556 0.017969
47 0.773611 0.421875 0.047222 0.026562
47 0.813889 0.398047 0.030556 0.014844
47 0.852778 0.392188 0.022222 0.010937
47 0.740278 0.3125 0.036111 0.020313
47 0.842361 0.351562 0.043056 0.025
47 0.826389 0.273828 0.047222 0.024219
47 0.822917 0.292187 0.029167 0.0125
47 0.902778 0.411328 0.047222 0.019531
47 0.774306 0.077344 0.031944 0.035937
47 1.032639 0.4125 0.048611 0.021875
47 1.113194 0.403516 0.051389 0.030469
47 1.216667 0.416016 0.047222 0.024219
47 1.222917 0.393359 0.048611 0.024219
47 1.113889 0.342578 0.030556 0.021094
47 1.094444 0.296094 0.033333 0.020313
47 1.174306 0.276562 0.026389 0.021875
47 1.21875 0.113281 0.043056 0.025
47 1.206944 0.091797 0.041667 0.019531
47 0.93125 0.466016 0.043056 0.030469
47 0.222222 0.338281 0.063889 0.026562
47 0.320139 0.316016 0.054167 0.014844
47 0.815278 0.316016 0.027778 0.017969
47 0.879167 0.41875 0.019444 0.009375
47 0.730556 0.471484 0.044444 0.021094
47 0.324306 0.303906 0.023611 0.009375
47 0.853472 0.375391 0.023611 0.019531
47 0.598611 0.501953 0.022222 0.011719
47 0.65 0.252734 0.044444 0.008594
