47 0.370139 0.677734 0.054167 0.030469
47 0.33125 0.649609 0.059722 0.033594
47 0.464583 0.609375 0.043056 0.026562
47 0.329861 0.514844 0.043056 0.028125
47 0.377083 0.519922 0.045833 0.024219
47 0.434028 0.439844 0.031944 0.026562
47 0.465278 0.407422 0.047222 0.024219
47 0.288889 0.348047 0.033333 0.021094
47 0.398611 0.249609 0.027778 0.010156
47 0.429167 0.277344 0.038889 0.020313
47 0.499306 0.269141 0.031944 0.019531
47 0.534028 0.252734 0.043056 0.027344
47 0.513194 0.229687 0.051389 0.0125
47 0.483333 0.203125 0.052778 0.029687
47 0.473611 0.172656 0.036111 0.015625
47 0.528472 0.180469 0.043056 0.026562
47 0.536806 0.155078 0.045833 0.025781
47 0.572222 0.046484 0.047222 0.033594
47 0.677778 0.158594 0.025 0.021875
47 0.746528 0.208594 0.034722 0.026562
47 0.5125 0.382422 0.05 0.028906
47 0.625694 0.35625 0.043056 0.020313
47 0.745139 0.361719 0.056944 0.023438
47 0.707639 0.357812 0.029167 0.020313
47 0.683333 0.346484 0.022222 0.010156
47 0.7125 0.405859 0.038889 0.024219
47 0.601389 0.430078 0.047222 0.025781
47 0.691667 0.464453 0.055556 0.033594
47 0.738194 0.466797 0.043056 0.027344
47 0.61875 0.503906 0.048611 0.029687
47 0.643056 0.550391 0.047222 0.024219
47 0.336111 0.336719 0.038889 0.014063
47 0.445139 0.382812 0.029167 0.0125
47 0.595833 0.326562 0.027778 0.009375
47 0.538194 0.196484 0.054167 0.030469
47 0.633333 0.125 0.033333 0.014063
47 0.315278 0.680859 0.055556 0.019531
47 0.8875 0.732422 0.05 0.025781
47 0.844444 0.555859 0.022222 0.013281
