47 0.663194 0.158594 0.059722 0.032813
47 0.623611 0.185547 0.044444 0.027344
47 0.713194 0.202344 0.054167 0.03125
47 0.711111 0.242969 0.05 0.028125
47 0.633333 0.285156 0.041667 0.028125
47 0.690278 0.313672 0.058333 0.028906
47 0.652083 0.332031 0.054167 0.028125
47 0.513194 0.301172 0.0375 0.027344
47 0.492361 0.259375 0.048611 0.01875
47 0.452778 0.274219 0.044444 0.025
47 0.388889 0.335547 0.027778 0.022656
47 0.585417 0.352344 0.031944 0.015625
47 0.464583 0.371484 0.054167 0.027344
47 0.298611 0.394531 0.044444 0.023438
47 0.201389 0.376953 0.036111 0.019531
47 0.482639 0.408594 0.056944 0.03125
47 0.529167 0.406641 0.036111 0.017969
47 0.577083 0.375 0.015278 0.017188
47 0.578472 0.417578 0.018056 0.022656
47 0.672917 0.410938 0.059722 0.026562
47 0.747222 0.431641 0.05 0.028906
47 0.770833 0.407031 0.041667 0.015625
47 0.809028 0.405078 0.026389 0.017969
47 0.943056 0.417969 0.044444 0.023438
47 0.981944 0.420312 0.033333 0.03125
47 0.772917 0.478125 0.043056 0.026562
47 0.69375 0.434375 0.040278 0.023438
47 0.683333 0.450391 0.038889 0.014844
47 0.634722 0.432031 0.061111 0.020313
47 0.535417 0.483984 0.034722 0.016406
47 0.422917 0.475781 0.043056 0.028125
47 0.373611 0.475391 0.033333 0.019531
47 0.402083 0.4875 0.043056 0.023438
47 0.3125 0.526563 0.038889 0.025
47 0.361806 0.523438 0.059722 0.026562
47 0.288194 0.553125 0.045833 0.025
47 0.18125 0.556641 0.043056 0.027344
47 0.099306 0.577344 0.026389 0.020313
47 0.200694 0.619922 0.043056 0.025781
47 0.279861 0.603906 0.020833 0.020313
47 0.327778 0.550391 0.030556 0.025781
47 0.528472 0.569531 0.031944 0.020313
47 0.628472 0.530859 0.040278 0.028906
47 0.640972 0.578906 0.048611 0.025
47 0.68125 0.583984 0.043056 0.022656
47 0.697917 0.607031 0.048611 0.029687
47 0.754861 0.575 0.040278 0.017188
47 0.753472 0.594922 0.045833 0.024219
47 0.849306 0.580859 0.054167 0.022656
47 0.810417 0.587109 0.045833 0.024219
47 0.736111 0.633203 0.047222 0.017969
47 0.569444 0.681641 0.041667 0.019531
47 0.622917 0.703125 0.051389 0.034375
47 0.986806 0.742969 0.018056 0.015625
47 0.774306 0.721484 0.023611 0.019531
47 0.815278 0.753125 0.058333 0.025
47 0.811111 0.730859 0.022222 0.013281
47 0.891667 0.784766 0.066667 0.028906
47 0.702778 0.821875 0.094444 0.045312
47 0.81875 0.804688 0.056944 0.04375
47 0.878472 0.824219 0.040278 0.026562
47 0.270139 0.882031 0.065278 0.042188
47 0.140278 0.828906 0.052778 0.032813
47 0.083333 0.789062 0.036111 0.028125
47 0.654861 0.815625 0.026389 0.0375
47 0.525694 0.86875 0.034722 0.028125
47 0.741667 0.473047 0.027778 0.017969
47 0.770139 0.516406 0.051389 0.021875
47 0.340278 0.7625 0.030556 0.025
47 0.509028 0.798438 0.026389 0.01875
47 0.61875 0.944531 0.048611 0.026562
47 0.725 0.680469 0.036111 0.028125
