47 0.126389 0.178906 0.038889 0.020313
47 0.1625 0.177734 0.027778 0.014844
47 0.085417 0.255469 0.029167 0.017188
47 0.022222 0.268359 0.019444 0.021094
47 0.166667 0.258594 0.036111 0.021875
47 0.209722 0.382422 0.033333 0.019531
47 0.079861 0.066797 0.0375 0.025781
47 0.068056 0.046484 0.025 0.016406
47 0.011111 0.037109 0.022222 0.024219
47 0.032639 0.077734 0.034722 0.022656
47 0.009722 0.079297 0.019444 0.017969
47 0.089583 0.239063 0.031944 0.015625
47 0.254861 0.354687 0.029167 0.01875
47 0.297917 0.414062 0.034722 0.023438
47 0.28125 0.456641 0.031944 0.021094
47 0.235417 0.4375 0.031944 0.017188
47 0.239583 0.466406 0.040278 0.021875
47 0.261111 0.497656 0.036111 0.01875
47 0.263889 0.514062 0.025 0.015625
47 0.372222 0.508203 0.044444 0.017969
47 0.425694 0.507422 0.020833 0.013281
47 0.230556 0.278516 0.019444 0.013281
47 0.136806 0.336328 0.0125 0.014844
47 0.048611 0.623828 0.033333 0.019531
47 0.059722 0.596484 0.030556 0.016406
47 0.147222 0.639453 0.036111 0.016406
47 0.150694 0.656641 0.040278 0.013281
47 0.554861 0.542578 0.040278 0.019531
47 0.579167 0.555078 0.041667 0.017969
47 0.746528 0.576953 0.045833 0.025781
47 0.810417 0.455469 0.043056 0.025
47 0.851389 0.455469 0.041667 0.026562
47 0.795833 0.4 0.033333 0.021875
47 0.642361 0.551562 0.018056 0.020313
47 0.922222 0.603516 0.036111 0.021094
47 0.71875 0.7625 0.056944 0.032813
47 0.672222 0.257422 0.041667 0.019531
47 0.674306 0.237109 0.031944 0.024219
47 0.588194 0.092188 0.048611 0.026562
47 0.586806 0.114062 0.048611 0.020313
47 0.654861 0.134766 0.034722 0.013281
47 0.50625 0.088281 0.048611 0.034375
47 0.442361 0.391797 0.031944 0.017969
47 0.647917 0.154297 0.043056 0.017969
47 0.30625 0.587109 0.026389 0.013281
47 0.977778 0.620703 0.038889 0.017969
47 0.508333 0.353906 0.019444 0.0125
47 0.773611 0.779687 0.030556 0.015625
47 0.889583 0.739844 0.031944 0.025
47 0.941667 0.75625 0.036111 0.015625
47 0.746528 0.749219 0.0375 0.020313
47 0.06875 0.269922 0.023611 0.014844
47 0.063194 0.257422 0.020833 0.011719
