47 0.691667 0.297656 0.044444 0.025
47 0.834028 0.317578 0.043056 0.025781
47 0.827778 0.439453 0.055556 0.019531
47 0.849306 0.270703 0.031944 0.024219
47 0.866667 0.292969 0.047222 0.025
47 0.578472 0.508594 0.045833 0.025
47 0.541667 0.487109 0.041667 0.014844
47 0.531944 0.508594 0.041667 0.026562
47 0.432639 0.520703 0.031944 0.022656
47 0.534028 0.442969 0.043056 0.01875
47 0.46875 0.566797 0.043056 0.028906
47 0.904861 0.308984 0.051389 0.025781
47 0.772222 0.284766 0.025 0.025781
47 0.722222 0.339844 0.041667 0.028125
47 0.752083 0.346875 0.040278 0.021875
47 0.819444 0.410156 0.036111 0.021875
47 0.915972 0.442969 0.029167 0.01875
47 0.957639 0.413672 0.048611 0.028906
47 0.349306 0.516406 0.0375 0.021875
47 0.410417 0.6 0.040278 0.020313
47 0.43125 0.618359 0.045833 0.022656
47 0.440972 0.643359 0.045833 0.030469
47 0.529167 0.553125 0.044444 0.026562
47 0.309722 0.567969 0.030556 0.014063
47 0.047222 0.384766 0.033333 0.017969
47 0.46875 0.455469 0.0375 0.020313
47 0.953472 0.44375 0.0375 0.020313
47 0.920139 0.495703 0.031944 0.019531
47 0.956944 0.562109 0.05 0.016406
47 0.529167 0.46875 0.027778 0.015625
47 0.990972 0.434375 0.015278 0.0125
47 0.763889 0.306641 0.033333 0.022656
47 0.225 0.464453 0.041667 0.016406
47 0.271528 0.470703 0.026389 0.014844
47 0.250694 0.550781 0.056944 0.020313
47 0.153472 0.450391 0.023611 0.021094
47 0.139583 0.440625 0.015278 0.009375
