47 0.308333 0.315625 0.055556 0.034375
47 0.350694 0.411719 0.048611 0.034375
47 0.270139 0.420703 0.048611 0.024219
47 0.28125 0.403906 0.048611 0.020313
47 0.442361 0.310937 0.065278 0.025
47 0.476389 0.275781 0.038889 0.03125
47 0.4875 0.011328 0.066667 0.016406
47 0.415972 0.020703 0.034722 0.014844
47 0.622222 0.021094 0.044444 0.017188
47 0.627083 0.00625 0.043056 0.0125
47 0.765278 0.047266 0.033333 0.025781
47 0.954861 0.099219 0.043056 0.021875
47 0.966667 0.116406 0.030556 0.01875
47 0.848611 0.031641 0.016667 0.016406
47 0.884028 0.51875 0.040278 0.017188
47 1.110417 0.55625 0.018056 0.007812
47 1.21875 0.551172 0.040278 0.021094
