47 0.7 0.55625 0.061111 0.0375
47 0.842361 0.498437 0.070833 0.039062
47 0.699306 0.51875 0.0375 0.034375
47 0.890278 0.301563 0.047222 0.026562
47 0.842361 0.123047 0.045833 0.021094
47 0.902778 0.080469 0.047222 0.026562
47 0.741667 0.014453 0.041667 0.024219
47 0.980556 0.138672 0.033333 0.021094
47 0.750694 0.167578 0.045833 0.024219
47 0.765972 0.545312 0.045833 0.025
47 0.963889 0.546875 0.047222 0.026562
47 0.41875 0.470313 0.0375 0.01875
47 0.225 0.542578 0.038889 0.021094
47 0.429167 0.425781 0.033333 0.01875
47 0.394444 0.351172 0.036111 0.016406
47 0.381944 0.363672 0.030556 0.013281
47 0.602778 0.271484 0.036111 0.021094
47 0.640972 0.284375 0.031944 0.015625
47 0.688889 0.211328 0.038889 0.021094
47 0.623611 0.244141 0.044444 0.021094
47 0.635417 0.537891 0.0375 0.022656
47 0.646528 0.557813 0.045833 0.021875
47 0.468056 0.5375 0.033333 0.017188
47 0.465972 0.551562 0.031944 0.014063
47 0.447222 0.564453 0.027778 0.016406
47 0.784028 0.141797 0.045833 0.021094
47 0.791667 0.081641 0.030556 0.024219
47 0.755556 0.080469 0.044444 0.021875
47 0.282639 0.403906 0.026389 0.015625
47 0.203472 0.457031 0.026389 0.01875
47 0.208333 0.517969 0.027778 0.014063
47 0.1125 0.379297 0.033333 0.014844
47 0.845833 0.065625 0.030556 0.015625
47 0.533333 0.298828 0.038889 0.016406
47 0.51875 0.286328 0.031944 0.011719
47 0.706944 0.166797 0.022222 0.014844
47 0.640972 0.194141 0.048611 0.017969
47 0.988889 0.198437 0.019444 0.0125
47 0.977778 0.237109 0.019444 0.013281
47 0.974306 0.214844 0.020833 0.0125
47 0.635417 0.334766 0.0375 0.021094
47 0.622222 0.351172 0.025 0.013281
47 0.334028 0.431641 0.029167 0.016406
47 0.279861 0.462109 0.026389 0.016406
47 0.10625 0.482031 0.026389 0.014063
47 0.007639 0.476562 0.0125 0.0125
47 0.113194 0.572266 0.026389 0.016406
47 0.141667 0.572266 0.030556 0.016406
47 0.146528 0.516406 0.029167 0.017188
47 0.122917 0.500391 0.023611 0.016406
47 0.149306 0.528516 0.020833 0.007031
47 0.438194 0.583984 0.031944 0.017969
47 0.466667 0.575 0.030556 0.0125
47 0.497222 0.546484 0.030556 0.014844
47 0.523611 0.517578 0.027778 0.016406
47 0.511806 0.532422 0.029167 0.013281
47 0.611806 0.542188 0.026389 0.020313
47 0.972222 0.584766 0.044444 0.021094
47 0.979861 0.612109 0.0375 0.025781
47 0.777083 0.512109 0.029167 0.017969
47 0.696528 0.470313 0.059722 0.03125
47 0.827778 0.436328 0.033333 0.017969
47 0.854861 0.456641 0.023611 0.014844
47 0.761111 0.467578 0.025 0.016406
47 0.493056 0.448828 0.025 0.013281
47 0.545833 0.448437 0.036111 0.026562
47 0.499306 0.399609 0.029167 0.021094
47 0.325 0.517969 0.044444 0.020313
47 0.101389 0.364063 0.030556 0.017188
47 0.009028 0.288672 0.015278 0.010156
47 0.009028 0.326172 0.015278 0.011719
47 0.71875 0.317188 0.029167 0.015625
47 0.69375 0.310547 0.029167 0.017969
47 0.759722 0.212109 0.027778 0.016406
47 0.732639 0.242188 0.026389 0.014063
47 0.860417 0.305859 0.020833 0.022656
47 0.834028 0.389453 0.031944 0.017969
47 0.935417 0.380859 0.029167 0.013281
47 0.652083 0.517188 0.029167 0.021875
47 0.9 0.473438 0.036111 0.01875
47 0.3375 0.471875 0.025 0.015625
47 0.560417 0.393359 0.029167 0.013281
47 0.527083 0.360156 0.023611 0.0125
47 0.507639 0.309375 0.023611 0.009375
47 0.284722 0.375 0.036111 0.014063
47 0.644444 0.223047 0.038889 0.022656
47 0.159028 0.327344 0.023611 0.014063
47 0.013194 0.553125 0.018056 0.007812
