47 0.33125 0.225391 0.056944 0.027344
47 0.447917 0.286328 0.045833 0.028906
47 0.514583 0.273438 0.043056 0.023438
47 0.5125 0.249219 0.036111 0.021875
47 0.548611 0.247266 0.041667 0.021094
47 0.364583 0.189062 0.031944 0.015625
47 0.486111 0.163281 0.038889 0.021875
47 0.368056 0.132031 0.038889 0.020313
47 0.352083 0.119922 0.0375 0.024219
47 0.267361 0.094922 0.029167 0.014844
47 0.218056 0.076563 0.033333 0.020313
47 0.220139 0.091797 0.034722 0.016406
47 0.2875 0.151953 0.033333 0.016406
47 0.640972 0.184375 0.029167 0.020313
47 0.721528 0.188281 0.034722 0.010937
47 0.869444 0.237109 0.041667 0.022656
47 0.896528 0.270313 0.040278 0.021875
47 0.175694 0.200781 0.048611 0.028125
47 0.165278 0.226953 0.030556 0.024219
47 0.134028 0.2125 0.054167 0.029687
47 0.109722 0.232031 0.038889 0.028125
47 0.081944 0.205469 0.027778 0.023438
47 0.113889 0.186328 0.047222 0.024219
47 0.224306 0.271094 0.051389 0.023438
47 0.185417 0.262109 0.043056 0.025781
47 0.175 0.285938 0.030556 0.028125
47 0.130556 0.2625 0.047222 0.029687
47 0.086111 0.260156 0.047222 0.028125
47 0.247917 0.211719 0.045833 0.023438
47 0.045139 0.149609 0.031944 0.019531
47 0.422917 0.325781 0.054167 0.028125
47 0.520139 0.344922 0.040278 0.027344
47 0.436111 0.342969 0.044444 0.015625
47 0.277083 0.327734 0.045833 0.021094
47 0.791667 0.265625 0.036111 0.020313
47 0.829861 0.25625 0.045833 0.028125
47 0.032639 0.169141 0.026389 0.017969
47 0.236111 0.308984 0.044444 0.022656
47 0.260417 0.297266 0.031944 0.021094
47 0.670833 0.314063 0.030556 0.017188
47 0.077778 0.284375 0.038889 0.01875
47 0.129167 0.309375 0.038889 0.021875
47 0.042361 0.299219 0.031944 0.020313
47 0.074306 0.295703 0.031944 0.014844
47 0.021528 0.296875 0.023611 0.017188
47 0.015278 0.282031 0.030556 0.035937
47 0.010417 0.161719 0.018056 0.017188
47 0.549306 0.344531 0.031944 0.020313
47 0.255556 0.430859 0.036111 0.022656
47 0.186806 0.139844 0.018056 0.017188
47 0.092361 0.428125 0.054167 0.03125
47 0.052778 0.398047 0.052778 0.027344
47 0.401389 0.452344 0.038889 0.020313
47 0.413889 0.497656 0.047222 0.023438
47 0.382639 0.51875 0.0375 0.020313
47 0.407639 0.530859 0.045833 0.028906
47 0.754167 0.471875 0.047222 0.023438
47 0.610417 0.361719 0.034722 0.023438
47 0.170833 0.507812 0.05 0.025
47 0.064583 0.491797 0.048611 0.024219
47 0.254861 0.504687 0.051389 0.023438
47 0.305556 0.488281 0.033333 0.014063
47 0.295139 0.53125 0.040278 0.026562
47 0.342361 0.560547 0.040278 0.019531
47 0.334028 0.584375 0.034722 0.017188
47 0.479861 0.600391 0.048611 0.027344
47 0.594444 0.562109 0.036111 0.019531
47 0.213889 0.587891 0.030556 0.017969
47 0.347222 0.628906 0.027778 0.015625
47 0.768056 0.493359 0.052778 0.021094
47 0.681944 0.503516 0.044444 0.024219
47 0.695139 0.586719 0.0375 0.023438
47 0.666667 0.5875 0.019444 0.0125
47 0.825 0.521094 0.033333 0.017188
47 0.853472 0.526563 0.031944 0.017188
47 0.966667 0.585156 0.036111 0.020313
47 0.930556 0.637891 0.033333 0.025781
47 0.94375 0.646875 0.020833 0.014063
47 0.585417 0.635938 0.026389 0.01875
47 0.400694 0.700781 0.029167 0.021875
47 0.460417 0.687109 0.0375 0.021094
47 0.417361 0.712891 0.0375 0.017969
47 0.766667 0.603906 0.030556 0.014063
47 0.786111 0.532031 0.033333 0.017188
47 0.911111 0.396484 0.022222 0.013281
47 0.983333 0.428125 0.022222 0.010937
47 0.988194 0.437891 0.015278 0.014844
47 0.975694 0.470313 0.026389 0.010937
47 0.286111 0.353516 0.038889 0.014844
47 0.075 0.163281 0.036111 0.014063
47 0.354167 0.099609 0.030556 0.019531
47 0.231944 0.346094 0.044444 0.021875
47 0.079167 0.449609 0.027778 0.019531
47 0.121528 0.489453 0.045833 0.016406
47 0.175694 0.464844 0.029167 0.014063
47 0.254167 0.608594 0.022222 0.017188
47 0.760417 0.548047 0.043056 0.019531
47 0.647222 0.580859 0.022222 0.016406
47 0.623611 0.536719 0.036111 0.010937
47 0.986806 0.232031 0.023611 0.014063
