47 0.100694 0.236719 0.043056 0.023438
47 0.127083 0.252344 0.056944 0.026562
47 0.153472 0.240625 0.029167 0.025
47 0.167361 0.217969 0.045833 0.025
47 0.2 0.188281 0.044444 0.014063
47 0.248611 0.228906 0.041667 0.026562
47 0.250694 0.242969 0.048611 0.014063
47 0.303472 0.216016 0.029167 0.019531
47 0.327083 0.180859 0.045833 0.024219
47 0.323611 0.254297 0.047222 0.019531
47 0.354167 0.238281 0.044444 0.025
47 0.386111 0.217188 0.05 0.028125
47 0.404167 0.264062 0.036111 0.01875
47 0.456944 0.248828 0.038889 0.024219
47 0.505556 0.153906 0.036111 0.025
47 0.521528 0.14375 0.029167 0.021875
47 0.529861 0.307031 0.040278 0.021875
47 0.583333 0.346875 0.036111 0.021875
47 0.607639 0.353906 0.034722 0.021875
47 0.570833 0.257812 0.027778 0.026562
47 0.615972 0.257031 0.026389 0.014063
47 0.675 0.224219 0.044444 0.025
47 0.663194 0.074609 0.023611 0.019531
47 0.79375 0.176953 0.0375 0.024219
47 0.766667 0.325781 0.041667 0.017188
47 0.799306 0.356641 0.043056 0.016406
47 0.808333 0.309375 0.058333 0.032813
47 0.8125 0.333203 0.044444 0.014844
47 0.877778 0.250391 0.036111 0.025781
47 0.911111 0.262109 0.038889 0.022656
47 0.959028 0.294922 0.029167 0.013281
47 0.984722 0.263672 0.041667 0.019531
47 0.9125 0.138672 0.052778 0.025781
47 0.899306 0.109375 0.045833 0.029687
47 1.03125 0.147266 0.051389 0.028906
47 1.088194 0.124219 0.034722 0.021875
47 1.063889 0.160938 0.036111 0.023438
47 1.002778 0.181641 0.036111 0.016406
47 1.029167 0.248438 0.027778 0.021875
47 1.168056 0.241797 0.05 0.025781
47 1.138194 0.249219 0.026389 0.017188
47 1.147222 0.268359 0.030556 0.019531
47 1.308333 0.228516 0.052778 0.022656
47 1.395833 0.241406 0.055556 0.023438
47 1.54375 0.275 0.054167 0.023438
47 0.596528 0.244141 0.043056 0.013281
47 0.234028 0.201563 0.056944 0.028125
47 0.428472 0.186719 0.040278 0.014063
47 0.496528 0.163281 0.034722 0.017188
47 0.839583 0.123828 0.0375 0.030469
47 1.03125 0.081641 0.034722 0.019531
47 1.027083 0.183984 0.0375 0.017969
47 1.171528 0.226172 0.0375 0.013281
47 1.291667 0.287891 0.058333 0.028906
47 1.536806 0.309375 0.056944 0.025
47 1.456944 0.496484 0.036111 0.027344
47 1.453472 0.525391 0.023611 0.017969
47 1.39375 0.184375 0.040278 0.0125
47 1.359028 0.252734 0.023611 0.019531
47 0.924306 0.550781 0.048611 0.017188
