47 0.494444 0.332813 0.055556 0.029687
47 0.865278 0.18125 0.044444 0.026562
47 0.91875 0.339453 0.045833 0.027344
47 0.995139 0.205078 0.048611 0.030469
47 1.079861 0.289844 0.040278 0.020313
47 1.121528 0.141797 0.031944 0.032031
47 1.104167 0.128906 0.030556 0.020313
47 1.10625 0.016797 0.023611 0.017969
47 0.95 0.517969 0.052778 0.026562
47 0.96875 0.472266 0.034722 0.014844
47 0.986806 0.487891 0.040278 0.022656
47 0.985417 0.500391 0.031944 0.017969
47 1.061111 0.429297 0.038889 0.024219
47 1.103472 0.482031 0.054167 0.028125
47 1.130556 0.504297 0.05 0.022656
47 1.102778 0.549219 0.038889 0.025
47 1.122222 0.448828 0.047222 0.025781
47 1.253472 0.351953 0.043056 0.027344
47 1.296528 0.360938 0.045833 0.028125
47 1.301389 0.334766 0.041667 0.024219
47 1.322222 0.150391 0.055556 0.030469
47 1.24375 0.154688 0.031944 0.01875
47 1.463194 0.325 0.043056 0.021875
47 0.960417 0.498437 0.023611 0.015625
47 1.140972 0.283984 0.020833 0.017969
47 1.230556 0.376563 0.044444 0.028125
47 0.834722 0.326172 0.041667 0.025781
47 0.739583 0.36875 0.018056 0.015625
47 0.83125 0.371875 0.034722 0.01875
47 0.916667 0.229297 0.027778 0.021094
47 1.094444 0.283984 0.041667 0.021094
47 0.938889 0.394141 0.063889 0.027344
47 1.144444 0.472656 0.030556 0.039062
47 1.179167 0.478516 0.047222 0.032031
47 1.490278 0.060156 0.036111 0.014063
47 1.261111 0.469141 0.044444 0.028906
47 1.2 0.33125 0.044444 0.020313
