47 0.275 0.316016 0.038889 0.019531
47 0.246528 0.330078 0.0375 0.022656
47 0.245833 0.377734 0.025 0.011719
47 0.500694 0.410547 0.040278 0.021094
47 0.525 0.416016 0.038889 0.027344
47 0.609028 0.405078 0.026389 0.019531
47 0.777083 0.358594 0.031944 0.017188
47 0.797222 0.422656 0.027778 0.020313
47 0.829167 0.471094 0.047222 0.023438
47 0.890278 0.441406 0.027778 0.017188
47 0.9125 0.403516 0.038889 0.027344
47 0.936111 0.386328 0.036111 0.019531
47 0.966667 0.444531 0.044444 0.028125
47 0.904167 0.341797 0.047222 0.028906
47 0.920139 0.327344 0.031944 0.017188
47 1.095833 0.319141 0.047222 0.024219
47 1.120833 0.391797 0.038889 0.024219
47 1.070833 0.236719 0.044444 0.025
47 1.014583 0.242188 0.0375 0.015625
47 0.946528 0.257031 0.045833 0.014063
47 0.658333 0.466797 0.016667 0.013281
47 0.785417 0.178125 0.0375 0.020313
47 0.807639 0.191797 0.023611 0.013281
47 0.86875 0.072656 0.043056 0.023438
47 0.769444 0.00625 0.025 0.010937
