47 0.552083 0.446875 0.031944 0.023438
47 0.6125 0.475 0.044444 0.020313
47 0.557639 0.479297 0.034722 0.016406
47 0.516667 0.509766 0.038889 0.021094
47 0.492361 0.567969 0.043056 0.014063
47 0.578472 0.588672 0.056944 0.017969
47 0.463889 0.621484 0.030556 0.016406
47 0.470833 0.594531 0.022222 0.007812
47 0.39375 0.601562 0.029167 0.023438
47 0.513194 0.622266 0.023611 0.017969
47 0.59375 0.628516 0.0375 0.022656
47 0.877083 0.649609 0.040278 0.021094
47 0.925694 0.620703 0.0375 0.017969
47 0.992361 0.634375 0.0125 0.017188
47 0.611806 0.55 0.020833 0.015625
47 0.847917 0.678125 0.026389 0.017188
47 0.991667 0.669531 0.013889 0.017188
47 0.665278 0.689453 0.033333 0.013281
