47 0.284722 0.387891 0.047222 0.021094
47 0.259722 0.402344 0.030556 0.017188
47 0.511111 0.476562 0.038889 0.021875
47 0.538889 0.482812 0.036111 0.025
47 0.620833 0.471875 0.019444 0.017188
47 0.785417 0.421094 0.029167 0.020313
47 0.786806 0.440625 0.023611 0.020313
47 0.809028 0.489844 0.029167 0.017188
47 0.843056 0.537891 0.047222 0.024219
47 0.920139 0.471094 0.043056 0.023438
47 0.940972 0.449609 0.0375 0.017969
47 0.975694 0.509766 0.048611 0.027344
47 0.911806 0.40625 0.048611 0.029687
47 0.926389 0.390625 0.027778 0.020313
47 0.932639 0.371484 0.0125 0.008594
47 0.9 0.507031 0.030556 0.015625
47 0.953472 0.317578 0.048611 0.025781
47 1.017361 0.310547 0.0375 0.014844
47 1.070139 0.304688 0.048611 0.026562
47 1.101389 0.383203 0.038889 0.024219
47 1.125 0.461328 0.033333 0.024219
47 0.895139 0.280859 0.023611 0.011719
47 0.791667 0.241406 0.038889 0.01875
47 0.811806 0.252734 0.020833 0.016406
47 0.2625 0.449219 0.022222 0.0125
47 0.86875 0.141016 0.040278 0.024219
47 0.756944 0.071484 0.044444 0.016406
