47 1.016667 0.287891 0.055556 0.024219
47 1.009028 0.322266 0.034722 0.024219
47 1.043056 0.338672 0.05 0.032031
47 1.060417 0.364063 0.040278 0.03125
47 1.115278 0.338281 0.038889 0.028125
47 1.261111 0.278516 0.05 0.028906
47 1.295139 0.299219 0.048611 0.03125
47 1.286806 0.344922 0.045833 0.017969
47 1.310417 0.395703 0.029167 0.022656
47 1.325694 0.342969 0.031944 0.010937
47 1.372917 0.317188 0.031944 0.01875
47 1.394444 0.215625 0.044444 0.025
47 1.409722 0.441406 0.047222 0.025
47 1.501389 0.38125 0.044444 0.028125
47 0.935417 0.013672 0.051389 0.025781
47 0.960417 0.032031 0.048611 0.021875
47 1.002778 0.069141 0.030556 0.021094
47 0.996528 0.046484 0.023611 0.022656
47 1.270833 0.05625 0.030556 0.017188
47 1.263889 0.076953 0.030556 0.016406
47 1.276389 0.25625 0.038889 0.020313
47 1.604167 0.44375 0.05 0.03125
47 1.585417 0.479687 0.043056 0.029687
47 1.273611 0.008203 0.030556 0.014844
47 1.335417 0.012891 0.054167 0.019531
47 1.402778 0.033594 0.05 0.023438
47 1.411806 0.011719 0.034722 0.020313
