47 1.058333 0.089063 0.044444 0.0125
47 0.869444 0.137109 0.041667 0.017969
47 0.796528 0.071094 0.051389 0.029687
47 0.8 0.105469 0.044444 0.025
47 0.60625 0.063281 0.0375 0.025
47 0.616667 0.096094 0.044444 0.01875
47 0.571528 0.122656 0.045833 0.032813
47 0.540972 0.140625 0.0375 0.01875
47 0.488889 0.092188 0.036111 0.029687
47 0.45 0.098047 0.036111 0.019531
47 0.344444 0.008984 0.055556 0.017969
47 0.267361 0.011328 0.054167 0.021094
47 0.073611 0.034766 0.066667 0.025781
47 0.264583 0.0875 0.034722 0.025
47 0.345139 0.142187 0.045833 0.023438
47 0.34375 0.436328 0.048611 0.027344
47 0.3625 0.462109 0.05 0.024219
47 0.2125 0.435937 0.038889 0.020313
47 0.075 0.375 0.061111 0.028125
47 0.109722 0.329297 0.047222 0.025781
47 0.10625 0.355469 0.0375 0.025
47 0.060417 0.335156 0.045833 0.028125
47 0.427083 0.007422 0.073611 0.014844
47 0.659028 0.003906 0.045833 0.00625
47 0.757639 0.078125 0.0375 0.020313
47 0.595139 0.147266 0.045833 0.027344
47 0.779861 0.454688 0.045833 0.029687
47 1.021528 0.087891 0.020833 0.022656
47 1.265972 0.207813 0.048611 0.026562
47 1.202778 0.296094 0.041667 0.025
47 0.834722 0.096875 0.022222 0.025
