47 0.441667 0.032813 0.030556 0.017188
47 0.561111 0.024609 0.047222 0.028906
47 1.059028 0.026562 0.026389 0.015625
47 0.9 0.089063 0.041667 0.025
47 0.979861 0.075391 0.040278 0.025781
47 1.022222 0.087891 0.030556 0.016406
47 1.057639 0.100781 0.029167 0.015625
47 1.002778 0.116406 0.041667 0.025
47 0.385417 0.044922 0.023611 0.017969
47 0.401389 0.063281 0.033333 0.017188
47 0.471528 0.074609 0.015278 0.019531
47 0.440278 0.076953 0.019444 0.014844
47 0.390278 0.087891 0.036111 0.021094
47 0.436111 0.102734 0.036111 0.019531
47 0.396528 0.106641 0.040278 0.016406
47 0.414583 0.123047 0.023611 0.016406
47 0.320833 0.117969 0.027778 0.010937
47 0.409028 0.161328 0.031944 0.021094
47 0.429167 0.194141 0.030556 0.014844
47 0.53125 0.136328 0.029167 0.017969
47 0.652778 0.127734 0.027778 0.016406
47 0.615972 0.160938 0.018056 0.009375
47 0.622917 0.182422 0.0125 0.013281
47 0.640972 0.191016 0.018056 0.008594
47 0.725694 0.148828 0.023611 0.013281
47 1.045833 0.140625 0.027778 0.015625
47 1.104167 0.167969 0.025 0.015625
47 0.995139 0.161328 0.045833 0.025781
47 0.945139 0.196484 0.040278 0.027344
47 1.033333 0.225 0.038889 0.021875
47 1.082639 0.219141 0.054167 0.025781
47 0.685417 0.220703 0.020833 0.011719
47 0.733333 0.228906 0.025 0.017188
47 0.828472 0.226172 0.040278 0.024219
47 0.840278 0.262109 0.041667 0.022656
47 0.960417 0.264844 0.051389 0.028125
47 1.180556 0.245703 0.038889 0.024219
47 1.104167 0.278906 0.044444 0.023438
47 1.101389 0.330078 0.022222 0.008594
47 0.9875 0.318359 0.030556 0.014844
47 0.9125 0.300781 0.038889 0.017188
47 0.278472 0.1625 0.031944 0.020313
47 0.250694 0.204687 0.034722 0.020313
47 0.328472 0.180078 0.0375 0.011719
47 0.313889 0.216016 0.044444 0.011719
47 0.397222 0.232422 0.022222 0.013281
47 0.407639 0.268359 0.031944 0.017969
47 0.347917 0.247656 0.040278 0.020313
47 0.319444 0.277734 0.041667 0.019531
47 0.348611 0.275 0.027778 0.017188
47 0.363194 0.267188 0.023611 0.0125
47 0.328472 0.29375 0.029167 0.017188
47 0.38125 0.290625 0.031944 0.020313
47 0.360417 0.308984 0.034722 0.016406
47 0.3125 0.316016 0.030556 0.014844
47 0.276389 0.338672 0.036111 0.019531
47 0.289583 0.35625 0.026389 0.023438
47 0.336111 0.373437 0.019444 0.014063
47 0.429167 0.351562 0.013889 0.014063
47 0.479167 0.349219 0.041667 0.021875
47 0.468056 0.364063 0.033333 0.0125
47 0.525694 0.350391 0.031944 0.014844
47 0.539583 0.362109 0.026389 0.013281
47 0.590972 0.371484 0.018056 0.013281
47 0.507639 0.406641 0.020833 0.014844
47 0.53125 0.405078 0.023611 0.013281
47 0.558333 0.410547 0.027778 0.013281
47 0.555556 0.423828 0.027778 0.011719
47 0.559028 0.431641 0.023611 0.010156
47 0.53125 0.453125 0.018056 0.010937
47 0.781944 0.317578 0.047222 0.017969
47 0.845139 0.344531 0.045833 0.026562
47 0.889583 0.370703 0.029167 0.019531
47 0.899306 0.411328 0.045833 0.021094
47 0.888889 0.449219 0.030556 0.01875
47 0.879167 0.463281 0.030556 0.015625
47 0.7625 0.443359 0.033333 0.022656
47 0.314583 0.487891 0.076389 0.039844
47 0.365972 0.526172 0.073611 0.038281
47 0.436111 0.492578 0.061111 0.038281
47 0.477083 0.510547 0.045833 0.025781
47 0.485417 0.449609 0.034722 0.022656
47 0.484722 0.473828 0.047222 0.025781
47 0.541667 0.554297 0.075 0.014844
47 0.872222 0.514453 0.036111 0.017969
47 0.86875 0.532813 0.029167 0.017188
47 0.9125 0.505859 0.019444 0.010156
47 0.927778 0.516016 0.025 0.014844
47 0.998611 0.525 0.025 0.01875
47 1.174306 0.135937 0.026389 0.010937
47 0.5875 0.04375 0.025 0.021875
47 0.626389 0.070312 0.038889 0.015625
47 0.614583 0.057813 0.0375 0.017188
47 0.414583 0.427734 0.040278 0.016406
47 0.428472 0.447266 0.029167 0.019531
47 0.413889 0.464062 0.016667 0.014063
47 0.491667 0.55625 0.022222 0.010937
47 0.481944 0.535156 0.022222 0.025
47 0.516667 0.428125 0.027778 0.015625
47 0.465278 0.386719 0.022222 0.0125
47 0.449306 0.401172 0.0125 0.010156
47 0.426389 0.376563 0.036111 0.017188
47 0.665972 0.101562 0.020833 0.017188
47 0.727778 0.243359 0.033333 0.013281
47 0.678472 0.290625 0.023611 0.0125
47 0.679861 0.303125 0.026389 0.009375
47 0.659028 0.3125 0.023611 0.017188
47 0.830556 0.320703 0.036111 0.007031
47 0.836111 0.299219 0.022222 0.015625
47 0.86875 0.310547 0.015278 0.013281
47 0.965278 0.114453 0.033333 0.024219
47 1.105556 0.055469 0.033333 0.026562
47 1.045833 0.284375 0.038889 0.009375
47 0.783333 0.481641 0.016667 0.013281
47 0.943056 0.022656 0.013889 0.009375
47 0.895139 0.210547 0.020833 0.016406
47 0.922917 0.315234 0.020833 0.013281
