47 0.109722 0.012891 0.052778 0.025781
47 0.088194 0.108594 0.045833 0.028125
47 0.249306 0.094141 0.048611 0.027344
47 0.418056 0.056641 0.041667 0.030469
47 0.379861 0.015625 0.054167 0.03125
47 0.322222 0.016797 0.052778 0.028906
47 0.260417 0.011328 0.0375 0.021094
47 0.259028 0.032031 0.018056 0.01875
47 0.282639 0.115625 0.029167 0.014063
47 0.234722 0.115625 0.05 0.025
47 0.188889 0.1 0.041667 0.025
47 0.172917 0.079297 0.045833 0.017969
47 0.340972 0.160547 0.029167 0.014844
47 0.428472 0.198047 0.048611 0.024219
47 0.136806 0.211719 0.040278 0.020313
47 0.107639 0.197656 0.034722 0.020313
47 0.03125 0.1625 0.034722 0.020313
47 0.009028 0.194141 0.018056 0.024219
47 0.061111 0.216016 0.05 0.027344
47 0.198611 0.269922 0.030556 0.019531
47 0.247917 0.283984 0.0375 0.014844
47 0.203472 0.29375 0.026389 0.014063
47 0.092361 0.313281 0.034722 0.017188
47 0.3625 0.287891 0.033333 0.019531
47 0.427083 0.264844 0.029167 0.021875
47 0.729861 0.274609 0.048611 0.032031
47 0.772222 0.275 0.036111 0.029687
47 0.708333 0.308203 0.033333 0.021094
47 0.783333 0.323828 0.052778 0.027344
47 0.679167 0.351172 0.041667 0.022656
47 0.838889 0.472656 0.036111 0.025
47 0.282639 0.449609 0.045833 0.024219
47 0.014583 0.43125 0.029167 0.020313
47 0.065972 0.359766 0.0375 0.011719
47 0.279861 0.391016 0.045833 0.021094
47 0.435417 0.3375 0.031944 0.0125
47 0.272917 0.591016 0.059722 0.038281
47 0.549306 0.535937 0.043056 0.020313
47 0.545833 0.564453 0.033333 0.013281
47 0.243056 0.659375 0.072222 0.0375
47 0.666667 0.589063 0.033333 0.017188
47 0.805556 0.675 0.030556 0.023438
47 0.702778 0.642578 0.027778 0.025781
47 0.101389 0.444141 0.025 0.010156
47 0.079167 0.255078 0.019444 0.007031
47 0.014583 0.30625 0.029167 0.01875
47 0.484028 0.279297 0.031944 0.010156
47 0.154167 0.007812 0.025 0.014063
47 0.263889 0.055469 0.036111 0.025
47 0.075 0.328906 0.027778 0.0125
