47 0.710417 0.199609 0.048611 0.022656
47 0.628472 0.220312 0.0375 0.026562
47 0.592361 0.285938 0.054167 0.026562
47 0.613889 0.327734 0.041667 0.028906
47 0.716667 0.329688 0.041667 0.028125
47 0.688889 0.357031 0.038889 0.020313
47 0.554861 0.364453 0.031944 0.025781
47 0.534028 0.330859 0.045833 0.025781
47 0.503472 0.360938 0.043056 0.01875
47 0.534722 0.394922 0.05 0.028906
47 0.490278 0.410938 0.055556 0.026562
47 0.667361 0.415625 0.051389 0.029687
47 0.511111 0.426953 0.030556 0.016406
47 0.671528 0.442188 0.043056 0.026562
47 0.599306 0.469922 0.040278 0.025781
47 0.711806 0.491797 0.040278 0.019531
47 0.486111 0.466406 0.030556 0.021875
47 0.460417 0.500391 0.020833 0.025781
47 0.48125 0.49375 0.020833 0.026562
47 0.561806 0.503516 0.043056 0.022656
47 0.601389 0.5375 0.041667 0.025
47 0.613194 0.558594 0.031944 0.020313
47 0.621528 0.58125 0.045833 0.025
47 0.767361 0.454688 0.043056 0.025
47 0.74375 0.522266 0.045833 0.024219
47 0.7125 0.632422 0.038889 0.011719
47 0.575694 0.744922 0.048611 0.028906
47 0.779861 0.780859 0.031944 0.022656
47 0.665278 0.236328 0.036111 0.021094
47 0.672222 0.499219 0.036111 0.021875
47 0.568056 0.480078 0.036111 0.011719
47 0.033333 0.562109 0.038889 0.021094
47 0.058333 0.5125 0.030556 0.01875
47 0.013194 0.516797 0.023611 0.019531
47 0.281944 0.551953 0.033333 0.011719
47 0.38125 0.572266 0.026389 0.008594
47 0.651389 0.620703 0.036111 0.014844
47 0.55 0.766016 0.025 0.024219
47 0.052083 0.736328 0.0375 0.016406
47 0.795833 0.848828 0.047222 0.030469
47 0.679861 0.742188 0.020833 0.014063
47 0.614583 0.633594 0.023611 0.009375
47 0.800694 0.615625 0.034722 0.023438
47 0.815278 0.576562 0.025 0.020313
47 0.884028 0.546094 0.054167 0.021875
47 0.867361 0.584766 0.0375 0.028906
