47 0.052083 0.443359 0.026389 0.017969
47 0.075 0.511328 0.052778 0.027344
47 0.170833 0.449219 0.05 0.023438
47 0.20625 0.512109 0.048611 0.027344
47 0.220139 0.525391 0.023611 0.008594
47 0.214583 0.492969 0.040278 0.015625
47 0.265278 0.481641 0.033333 0.021094
47 0.295833 0.510547 0.058333 0.028906
47 0.225 0.549219 0.052778 0.025
47 0.163889 0.547656 0.038889 0.017188
47 0.290278 0.552734 0.061111 0.016406
47 0.41875 0.458594 0.048611 0.026562
47 0.468056 0.453516 0.047222 0.021094
47 0.534028 0.556641 0.020833 0.010156
47 0.554167 0.46875 0.047222 0.01875
47 0.617361 0.541797 0.045833 0.024219
47 0.629167 0.555469 0.047222 0.0125
47 0.682639 0.539062 0.045833 0.028125
47 0.594444 0.457813 0.036111 0.021875
47 0.765972 0.110547 0.045833 0.017969
47 0.779167 0.045312 0.044444 0.025
47 0.799306 0.033203 0.0375 0.017969
47 0.752083 0.079687 0.020833 0.010937
47 0.876389 0.064844 0.044444 0.0125
47 0.729167 0.442969 0.011111 0.014063
47 0.763889 0.457813 0.052778 0.03125
47 0.917361 0.127344 0.031944 0.01875
47 0.915278 0.144531 0.036111 0.014063
47 1.038194 0.010156 0.040278 0.01875
47 1.0125 0.057031 0.038889 0.021875
47 1.017361 0.070312 0.018056 0.0125
47 0.949306 0.097656 0.043056 0.028125
47 0.943056 0.131641 0.019444 0.013281
47 0.779861 0.386328 0.048611 0.027344
47 0.796528 0.419531 0.054167 0.028125
47 0.859722 0.451172 0.05 0.019531
47 0.964583 0.548047 0.051389 0.025781
47 0.875694 0.429297 0.043056 0.021094
47 0.834028 0.430469 0.040278 0.028125
47 0.818056 0.376953 0.044444 0.025781
47 0.845833 0.368359 0.030556 0.017969
47 0.932639 0.425391 0.043056 0.027344
47 1.063194 0.060547 0.0375 0.021094
47 1.149306 0.020703 0.040278 0.025781
47 1.094444 0.060156 0.022222 0.007812
47 1.104167 0.092969 0.038889 0.023438
47 1.090972 0.110547 0.054167 0.022656
47 0.985417 0.124219 0.0375 0.025
47 1.141667 0.109375 0.047222 0.028125
47 1.152083 0.177734 0.0375 0.022656
47 1.071528 0.529297 0.034722 0.021094
47 1.066667 0.551562 0.038889 0.020313
47 0.969444 0.370312 0.019444 0.017188
47 1.025694 0.336328 0.040278 0.022656
47 1.097222 0.332422 0.030556 0.016406
47 1.090278 0.364063 0.030556 0.015625
47 1.116667 0.426953 0.044444 0.022656
47 1.103472 0.402734 0.026389 0.008594
47 1.105556 0.494922 0.036111 0.021094
47 1.10625 0.464844 0.026389 0.017188
47 1.197917 0.450781 0.031944 0.015625
47 1.190278 0.413281 0.022222 0.007812
47 1.239583 0.413281 0.031944 0.0125
