47 0.545833 0.155859 0.033333 0.027344
47 0.610417 0.136719 0.026389 0.03125
47 0.609722 0.056641 0.047222 0.033594
47 0.725694 0.041797 0.034722 0.025781
47 0.7875 0.034375 0.027778 0.01875
47 0.765972 0.042969 0.045833 0.023438
47 0.752778 0.078516 0.041667 0.016406
47 0.020139 0.174219 0.0375 0.023438
47 0.048611 0.254297 0.030556 0.022656
47 0.015278 0.259375 0.027778 0.032813
47 0.102083 0.342969 0.043056 0.017188
47 0.225694 0.451172 0.043056 0.025781
47 0.256944 0.464062 0.027778 0.03125
47 0.965278 0.400781 0.066667 0.026562
