47 0.222222 0.205859 0.041667 0.021094
47 0.190278 0.218359 0.036111 0.022656
47 0.447917 0.309375 0.040278 0.020313
47 0.474306 0.320312 0.045833 0.023438
47 0.563889 0.311719 0.025 0.017188
47 0.723611 0.271094 0.041667 0.023438
47 0.797917 0.340234 0.048611 0.028906
47 0.872222 0.2375 0.05 0.03125
47 0.892361 0.227734 0.020833 0.024219
47 0.876389 0.302344 0.041667 0.026562
47 0.842361 0.342969 0.043056 0.021875
47 0.93125 0.346094 0.048611 0.026562
47 0.9 0.284766 0.030556 0.017969
47 0.923611 0.139063 0.052778 0.028125
47 1.0 0.133984 0.044444 0.016406
47 1.05 0.126172 0.052778 0.032031
47 1.071528 0.217969 0.040278 0.026562
47 1.088889 0.297266 0.041667 0.025781
47 0.759028 0.079297 0.040278 0.021094
47 0.193056 0.267969 0.033333 0.01875
47 0.784722 0.092188 0.038889 0.014063
47 0.760417 0.326562 0.029167 0.021875
47 0.752778 0.300781 0.030556 0.0125
