47 0.265278 0.428906 0.022222 0.017188
47 0.307639 0.45 0.034722 0.014063
47 0.329167 0.500391 0.036111 0.017969
47 0.390972 0.387891 0.031944 0.016406
47 0.363889 0.397266 0.025 0.007031
47 0.35625 0.432812 0.026389 0.017188
47 0.383333 0.436328 0.025 0.013281
47 0.371528 0.455859 0.026389 0.017969
47 0.393056 0.404687 0.036111 0.017188
47 0.395833 0.489453 0.036111 0.014844
47 0.377083 0.510547 0.034722 0.016406
47 0.426389 0.503516 0.030556 0.019531
47 0.45 0.461719 0.025 0.009375
47 0.409722 0.432031 0.027778 0.015625
47 0.60625 0.553516 0.026389 0.010156
47 0.614583 0.485156 0.026389 0.017188
47 0.640278 0.439844 0.038889 0.020313
47 0.555556 0.385547 0.019444 0.016406
47 0.63125 0.402734 0.031944 0.014844
47 0.809722 0.010547 0.05 0.019531
47 0.904861 0.325 0.029167 0.01875
47 0.720833 0.355859 0.027778 0.011719
47 0.609722 0.279687 0.027778 0.017188
47 0.581944 0.286719 0.027778 0.017188
47 0.560417 0.348828 0.023611 0.019531
47 0.597917 0.396484 0.0125 0.008594
47 0.638194 0.336719 0.0375 0.01875
47 0.598611 0.266016 0.033333 0.016406
47 0.936806 0.328906 0.029167 0.01875
47 0.666667 0.433203 0.033333 0.017969
47 0.939583 0.507031 0.0375 0.021875
47 0.977083 0.557813 0.026389 0.007812
47 1.113889 0.082422 0.055556 0.019531
47 1.157639 0.082031 0.018056 0.014063
47 1.004861 0.156641 0.026389 0.016406
47 0.98125 0.1875 0.018056 0.015625
47 0.905556 0.196484 0.016667 0.013281
47 1.061111 0.227344 0.030556 0.010937
47 1.086111 0.16875 0.025 0.010937
47 1.152778 0.249609 0.047222 0.014844
47 1.1 0.261719 0.030556 0.014063
47 1.006944 0.310937 0.036111 0.017188
47 0.971528 0.314453 0.040278 0.017969
47 1.0375 0.346484 0.030556 0.017969
47 1.057639 0.359766 0.034722 0.014844
47 0.890972 0.339062 0.015278 0.0125
47 0.813194 0.388281 0.020833 0.009375
47 0.960417 0.459766 0.0375 0.019531
47 0.988194 0.491016 0.026389 0.016406
47 1.095139 0.519922 0.031944 0.017969
47 1.128472 0.528125 0.026389 0.010937
47 1.140972 0.499609 0.031944 0.030469
47 1.213889 0.526953 0.025 0.013281
47 1.228472 0.539062 0.023611 0.010937
47 0.425694 0.519922 0.026389 0.014844
47 0.394444 0.530078 0.027778 0.019531
47 0.291667 0.463672 0.022222 0.008594
47 0.481944 0.444531 0.027778 0.007812
47 0.845139 0.374219 0.0125 0.009375
47 0.386806 0.548047 0.015278 0.003906
47 0.751389 0.001563 0.025 0.003125
47 1.032639 0.384766 0.0125 0.007031
47 1.21875 0.557422 0.020833 0.008594
47 0.570833 0.266406 0.022222 0.009375
47 0.732639 0.405469 0.031944 0.020313
47 0.836111 0.316406 0.022222 0.015625
47 0.853472 0.328125 0.023611 0.015625
47 1.126389 0.126953 0.027778 0.007031
47 1.1125 0.30625 0.033333 0.023438
47 1.120833 0.353516 0.047222 0.021094
47 1.084722 0.509375 0.025 0.017188
47 1.091667 0.496875 0.033333 0.020313
47 1.213194 0.514062 0.029167 0.023438
