47 0.166667 0.03125 0.044444 0.021875
47 0.184028 0.023047 0.029167 0.013281
47 0.174306 0.050781 0.043056 0.017188
47 0.24375 0.039453 0.040278 0.024219
47 0.184028 0.094141 0.043056 0.022656
47 0.136111 0.1 0.033333 0.021875
47 0.1 0.096875 0.047222 0.021875
47 0.097222 0.073438 0.044444 0.021875
47 0.133333 0.191797 0.038889 0.021094
47 0.114583 0.172656 0.0375 0.017188
47 0.200694 0.115234 0.040278 0.022656
47 0.215972 0.104688 0.034722 0.023438
47 0.153472 0.120703 0.034722 0.014844
47 0.191667 0.125391 0.038889 0.014844
47 0.236806 0.144141 0.034722 0.013281
47 0.361806 0.046484 0.034722 0.024219
47 0.420139 0.017969 0.0375 0.01875
47 0.41875 0.13125 0.048611 0.029687
47 0.339583 0.108984 0.023611 0.017969
47 0.295833 0.2 0.038889 0.01875
47 0.241667 0.205469 0.041667 0.021875
47 0.324306 0.225391 0.031944 0.017969
47 0.186111 0.226172 0.033333 0.021094
47 0.170139 0.247656 0.018056 0.015625
47 0.209028 0.240625 0.034722 0.014063
47 0.215278 0.262891 0.05 0.027344
47 0.172222 0.273438 0.044444 0.023438
47 0.127083 0.280469 0.043056 0.023438
47 0.117361 0.305469 0.056944 0.032813
47 0.060417 0.304688 0.048611 0.015625
47 0.402778 0.208594 0.047222 0.028125
47 0.45625 0.199219 0.051389 0.029687
47 0.428472 0.239844 0.031944 0.014063
47 0.384028 0.258203 0.0375 0.021094
47 0.327778 0.279687 0.041667 0.020313
47 0.313889 0.295312 0.038889 0.021875
47 0.184028 0.295703 0.051389 0.019531
47 0.186111 0.316797 0.061111 0.028906
47 0.179861 0.369922 0.045833 0.021094
47 0.110417 0.338672 0.029167 0.016406
47 0.209028 0.376953 0.029167 0.011719
47 0.239583 0.38125 0.045833 0.021875
47 0.377083 0.415234 0.0625 0.030469
47 0.411806 0.479687 0.040278 0.023438
47 0.417361 0.502734 0.040278 0.021094
47 0.440972 0.517188 0.029167 0.017188
47 0.459028 0.498437 0.029167 0.023438
47 0.488889 0.423828 0.063889 0.033594
47 0.340278 0.508594 0.036111 0.014063
47 0.306944 0.470703 0.022222 0.010156
47 0.515972 0.166016 0.043056 0.025781
47 0.533333 0.127344 0.055556 0.025
47 0.517361 0.278125 0.026389 0.0125
47 0.594444 0.093359 0.044444 0.030469
47 0.629861 0.110156 0.048611 0.032813
47 0.661806 0.148047 0.040278 0.022656
47 0.511111 0.008594 0.030556 0.015625
47 0.571528 0.394531 0.026389 0.021875
47 0.609028 0.475781 0.059722 0.032813
47 0.566667 0.539062 0.036111 0.025
47 0.635417 0.492188 0.029167 0.020313
47 0.701389 0.491406 0.030556 0.020313
47 0.735417 0.530859 0.026389 0.016406
47 0.784028 0.554688 0.040278 0.0125
47 0.789583 0.5375 0.031944 0.020313
47 0.754861 0.538281 0.026389 0.0125
47 0.725 0.358594 0.061111 0.026562
47 0.740972 0.397266 0.0375 0.021094
47 0.658333 0.362891 0.052778 0.025781
47 0.652778 0.384375 0.038889 0.021875
47 0.740278 0.26875 0.058333 0.035937
47 0.843056 0.171875 0.063889 0.039062
47 0.780556 0.243359 0.044444 0.044531
47 0.953472 0.1625 0.045833 0.035937
47 1.036806 0.220703 0.059722 0.042969
47 1.035417 0.129297 0.020833 0.019531
47 1.029167 0.280859 0.047222 0.025781
47 1.045833 0.330078 0.05 0.033594
47 1.047222 0.448437 0.036111 0.0125
47 0.984028 0.54375 0.045833 0.020313
47 0.996528 0.555469 0.051389 0.0125
47 1.179861 0.040234 0.056944 0.027344
47 1.252083 0.080469 0.043056 0.023438
47 1.284028 0.217578 0.070833 0.044531
47 1.154167 0.365625 0.030556 0.020313
47 1.205556 0.38125 0.027778 0.014063
47 1.158333 0.448437 0.033333 0.020313
47 1.14375 0.495703 0.031944 0.022656
47 1.215278 0.543359 0.036111 0.019531
47 1.139583 0.555859 0.043056 0.011719
47 1.090972 0.551562 0.048611 0.01875
47 0.793056 0.498437 0.016667 0.015625
47 0.130556 0.022656 0.038889 0.0125
47 0.245833 0.103906 0.025 0.01875
47 0.325 0.130469 0.027778 0.015625
47 0.372917 0.111328 0.029167 0.016406
47 0.373611 0.124609 0.016667 0.013281
47 0.384028 0.329688 0.040278 0.025
47 0.471528 0.464844 0.015278 0.010937
47 0.606944 0.350781 0.044444 0.028125
47 1.295833 0.503125 0.038889 0.015625
