47 0.030556 0.128125 0.047222 0.029687
47 0.075 0.176172 0.075 0.033594
47 0.205556 0.126562 0.063889 0.029687
47 0.213889 0.057031 0.061111 0.029687
47 0.26875 0.063672 0.029167 0.019531
47 0.313194 0.040234 0.034722 0.011719
47 0.284722 0.094531 0.022222 0.0125
47 0.30625 0.119531 0.020833 0.01875
47 0.340972 0.069531 0.020833 0.010937
47 0.368056 0.043359 0.058333 0.030469
47 0.439583 0.147656 0.048611 0.017188
47 0.424306 0.033984 0.054167 0.027344
47 0.510417 0.050781 0.0375 0.023438
47 0.540972 0.065625 0.034722 0.01875
47 0.595833 0.023828 0.030556 0.016406
47 0.716667 0.058203 0.019444 0.013281
47 0.809028 0.03125 0.043056 0.020313
47 0.783333 0.075 0.047222 0.026562
47 0.745139 0.152344 0.056944 0.029687
47 0.647917 0.146094 0.056944 0.028125
47 0.601389 0.161328 0.019444 0.016406
47 0.758333 0.194141 0.05 0.027344
47 0.779861 0.158203 0.034722 0.033594
47 0.846528 0.181641 0.051389 0.035156
47 0.836111 0.1375 0.036111 0.023438
47 0.877083 0.044922 0.0375 0.019531
47 0.85 0.523047 0.030556 0.019531
47 0.984028 0.558984 0.034722 0.005469
47 1.092361 0.526172 0.026389 0.014844
47 0.997917 0.188281 0.054167 0.026562
47 0.996528 0.2125 0.051389 0.023438
47 0.934028 0.014063 0.056944 0.015625
47 0.975694 0.067187 0.051389 0.028125
47 0.9625 0.097266 0.041667 0.016406
47 1.054861 0.078125 0.026389 0.01875
47 1.088194 0.080859 0.0375 0.024219
47 1.035417 0.163281 0.029167 0.023438
47 0.988889 0.237891 0.030556 0.022656
47 0.93125 0.283984 0.040278 0.019531
47 0.906944 0.265625 0.047222 0.029687
47 1.080556 0.202344 0.052778 0.020313
47 1.245833 0.124609 0.05 0.024219
47 1.261111 0.21875 0.052778 0.03125
47 1.113194 0.220312 0.040278 0.029687
47 0.968056 0.3 0.030556 0.021875
47 0.972222 0.318359 0.030556 0.017969
47 1.384028 0.206641 0.056944 0.022656
47 1.440972 0.266406 0.040278 0.023438
47 1.384722 0.3 0.036111 0.021875
47 1.376389 0.316797 0.019444 0.011719
47 1.306944 0.298438 0.030556 0.01875
47 1.359028 0.48125 0.048611 0.028125
47 1.236806 0.529297 0.040278 0.027344
47 1.225694 0.555469 0.034722 0.010937
