47 0.183333 0.266797 0.05 0.027344
47 0.2125 0.260547 0.033333 0.022656
47 0.684722 0.296484 0.025 0.016406
47 0.874306 0.247266 0.043056 0.027344
47 1.054861 0.253125 0.054167 0.023438
47 1.027083 0.149219 0.0375 0.023438
47 0.958333 0.112109 0.036111 0.027344
47 0.977778 0.013281 0.036111 0.023438
47 0.947222 0.012109 0.036111 0.024219
47 1.0625 0.112891 0.033333 0.013281
47 1.225 0.238281 0.038889 0.028125
47 1.311111 0.212109 0.058333 0.027344
47 1.319444 0.304688 0.033333 0.023438
47 1.374306 0.400781 0.034722 0.017188
47 1.300694 0.476953 0.0375 0.025781
47 1.383333 0.386719 0.027778 0.017188
47 1.446528 0.216406 0.054167 0.023438
47 1.384028 0.011719 0.031944 0.017188
47 1.433333 0.018359 0.036111 0.016406
47 1.578472 0.1625 0.056944 0.039062
47 1.583333 0.332422 0.05 0.025781
47 0.900694 0.456641 0.023611 0.042969
47 1.574306 0.29375 0.031944 0.026562
