47 0.052083 0.285547 0.059722 0.032031
47 0.098611 0.367188 0.072222 0.032813
47 0.104861 0.316797 0.029167 0.013281
47 0.218056 0.350781 0.058333 0.03125
47 0.284722 0.392578 0.058333 0.022656
47 0.290972 0.359375 0.045833 0.03125
47 0.339583 0.331641 0.0625 0.027344
47 0.358333 0.350781 0.041667 0.023438
47 0.346528 0.374609 0.068056 0.022656
47 0.397222 0.300391 0.058333 0.028906
47 0.454861 0.176172 0.056944 0.032031
47 0.427083 0.184375 0.043056 0.021875
47 0.477083 0.144922 0.059722 0.035156
47 0.549306 0.078125 0.048611 0.029687
47 0.509028 0.183594 0.048611 0.040625
47 0.5 0.314063 0.041667 0.015625
47 0.452083 0.369531 0.056944 0.03125
47 0.481944 0.340234 0.058333 0.035156
47 0.540972 0.342187 0.068056 0.035937
47 0.552778 0.373828 0.061111 0.027344
47 0.55625 0.39375 0.068056 0.017188
47 0.609722 0.412109 0.061111 0.030469
47 0.5875 0.4875 0.061111 0.034375
47 0.585417 0.551172 0.059722 0.021094
47 0.701389 0.233984 0.041667 0.030469
47 0.729167 0.279687 0.066667 0.0375
47 0.709722 0.315234 0.066667 0.038281
47 0.591667 0.307031 0.063889 0.034375
47 0.741667 0.048828 0.055556 0.028906
47 0.752778 0.023438 0.058333 0.03125
47 0.747917 0.005859 0.051389 0.011719
47 0.78125 0.154688 0.043056 0.021875
47 0.656944 0.380859 0.066667 0.032031
47 0.656944 0.356641 0.041667 0.013281
47 0.700694 0.435547 0.0625 0.036719
47 0.840972 0.130078 0.059722 0.027344
47 0.954167 0.021875 0.05 0.029687
47 0.910417 0.121875 0.048611 0.034375
47 0.963889 0.145703 0.038889 0.025781
47 0.902083 0.232031 0.040278 0.028125
47 0.960417 0.215625 0.0375 0.020313
47 0.94375 0.366797 0.054167 0.027344
47 0.934722 0.389844 0.063889 0.03125
47 0.875 0.438281 0.058333 0.020313
47 0.826389 0.398828 0.041667 0.017969
47 0.832639 0.311328 0.051389 0.024219
47 0.830556 0.342578 0.052778 0.035156
47 0.965278 0.352344 0.041667 0.01875
47 1.065278 0.280469 0.047222 0.028125
47 0.967361 0.433203 0.043056 0.021094
47 1.000694 0.376172 0.026389 0.011719
47 1.038889 0.342187 0.044444 0.028125
47 1.060417 0.375 0.065278 0.032813
47 1.11875 0.55 0.056944 0.023438
47 1.160417 0.482812 0.056944 0.028125
47 1.133333 0.525 0.047222 0.01875
47 1.185417 0.541016 0.043056 0.021094
47 1.173611 0.423047 0.075 0.032031
47 1.215972 0.448828 0.054167 0.033594
47 1.294444 0.504297 0.069444 0.021094
47 1.271528 0.467969 0.051389 0.023438
47 1.214583 0.483594 0.043056 0.029687
47 1.363889 0.518359 0.052778 0.019531
47 1.227778 0.367188 0.063889 0.032813
47 1.138889 0.296484 0.041667 0.038281
47 1.230556 0.221484 0.047222 0.027344
47 1.197917 0.266016 0.045833 0.027344
47 1.335417 0.273438 0.045833 0.028125
47 1.270833 0.049609 0.05 0.028906
47 1.43125 0.188672 0.048611 0.033594
47 1.297917 0.154297 0.034722 0.014844
47 1.39375 0.021094 0.054167 0.034375
47 1.554861 0.008984 0.065278 0.014844
47 1.545139 0.108203 0.065278 0.038281
47 1.384722 0.471094 0.044444 0.028125
47 1.391667 0.532813 0.036111 0.01875
47 1.652778 0.375391 0.047222 0.028906
47 1.734028 0.434766 0.081944 0.042969
47 1.500694 0.522266 0.056944 0.032031
47 1.540278 0.501953 0.055556 0.024219
47 1.711111 0.539844 0.086111 0.025
47 1.478472 0.476172 0.031944 0.017969
47 1.638194 0.161328 0.054167 0.035156
47 0.869444 0.452344 0.052778 0.025
47 0.578472 0.351953 0.031944 0.019531
47 0.00625 0.323047 0.009722 0.021094
47 0.804167 0.179688 0.033333 0.017188
47 0.909722 0.064062 0.025 0.014063
47 1.560417 0.530078 0.031944 0.041406
47 1.126389 0.139063 0.030556 0.015625
47 1.186806 0.509766 0.054167 0.021094
47 1.555556 0.220312 0.033333 0.017188
