47 0.218056 0.1875 0.038889 0.021875
47 0.14375 0.269141 0.034722 0.016406
47 0.115278 0.253125 0.027778 0.020313
47 0.115972 0.267578 0.020833 0.011719
47 0.435417 0.345703 0.026389 0.017969
47 0.45 0.319922 0.033333 0.021094
47 0.369444 0.294531 0.033333 0.015625
47 0.401389 0.320703 0.025 0.016406
47 0.377778 0.337109 0.030556 0.016406
47 0.286806 0.315234 0.023611 0.014844
47 0.344444 0.305078 0.025 0.014844
47 0.333333 0.208594 0.027778 0.015625
47 0.043056 0.308203 0.033333 0.017969
47 0.05625 0.350391 0.020833 0.011719
47 0.545833 0.349609 0.019444 0.014844
47 0.195139 0.519141 0.026389 0.016406
47 0.214583 0.473438 0.026389 0.017188
47 0.093056 0.417969 0.025 0.014063
47 0.097917 0.162891 0.031944 0.017969
47 0.654167 0.377344 0.019444 0.015625
47 0.075 0.154688 0.025 0.010937
47 0.023611 0.323437 0.036111 0.017188
47 0.28125 0.243359 0.015278 0.011719
47 0.425694 0.278906 0.031944 0.015625
47 0.369444 0.320312 0.038889 0.015625
47 0.320833 0.374609 0.022222 0.013281
47 0.125694 0.470703 0.026389 0.021094
47 0.213194 0.453125 0.031944 0.021875
47 0.503472 0.463281 0.029167 0.0125
47 0.658333 0.439844 0.036111 0.015625
47 0.18125 0.504687 0.026389 0.017188
47 0.205556 0.523047 0.030556 0.021094
47 0.304861 0.398438 0.029167 0.0125
47 0.428472 0.316797 0.015278 0.013281
