47 0.716667 0.242969 0.030556 0.014063
47 0.715278 0.260156 0.033333 0.020313
47 0.813889 0.229297 0.047222 0.028906
47 0.867361 0.282813 0.043056 0.023438
47 0.85 0.251172 0.030556 0.022656
47 0.847917 0.213672 0.0375 0.014844
47 0.956944 0.228906 0.022222 0.010937
47 0.936806 0.278906 0.048611 0.025
47 0.91875 0.292578 0.043056 0.025781
47 1.056944 0.321484 0.047222 0.030469
47 1.070139 0.2375 0.043056 0.034375
47 1.111111 0.275 0.044444 0.029687
47 1.230556 0.0625 0.052778 0.025
47 1.261111 0.097656 0.047222 0.025
47 1.150694 0.2 0.031944 0.023438
47 1.183333 0.250781 0.025 0.014063
47 1.290278 0.231641 0.044444 0.019531
47 1.146528 0.308594 0.040278 0.025
47 1.160417 0.353125 0.059722 0.025
47 1.206944 0.371094 0.038889 0.028125
47 1.125694 0.383984 0.031944 0.027344
47 1.102083 0.527344 0.034722 0.026562
47 1.072917 0.550781 0.040278 0.021875
47 1.127778 0.521094 0.030556 0.025
47 1.151389 0.514453 0.019444 0.011719
47 0.760417 0.251563 0.034722 0.014063
47 0.793056 0.281641 0.044444 0.021094
47 0.979167 0.008594 0.044444 0.017188
47 0.941667 0.003906 0.019444 0.007812
47 0.894444 0.005078 0.041667 0.010156
