47 0.358333 0.008984 0.047222 0.013281
47 0.350694 0.023047 0.045833 0.024219
47 0.420139 0.290234 0.034722 0.016406
47 0.370833 0.409766 0.038889 0.017969
47 0.750694 0.407813 0.0375 0.009375
47 0.13125 0.46875 0.043056 0.01875
47 0.196528 0.50625 0.0375 0.021875
47 0.139583 0.491016 0.015278 0.021094
47 0.125 0.526172 0.030556 0.011719
47 0.390972 0.512109 0.059722 0.025781
47 0.39375 0.603906 0.045833 0.017188
47 0.370139 0.651563 0.048611 0.028125
47 0.513889 0.647266 0.033333 0.014844
47 0.674306 0.666016 0.0375 0.019531
47 0.65 0.673438 0.038889 0.010937
47 0.797222 0.622656 0.041667 0.015625
47 0.390972 0.727734 0.029167 0.019531
47 0.315972 0.799219 0.054167 0.03125
47 0.522917 0.782422 0.048611 0.017969
47 0.582639 0.780859 0.045833 0.022656
47 0.589583 0.758594 0.026389 0.01875
47 0.692361 0.491797 0.029167 0.022656
47 0.454167 0.710547 0.019444 0.014844
