47 0.559028 0.296484 0.054167 0.033594
47 0.9125 0.311719 0.072222 0.032813
47 0.969444 0.353125 0.058333 0.029687
47 0.892361 0.347656 0.045833 0.028125
47 0.961111 0.419141 0.061111 0.033594
47 0.804861 0.391406 0.048611 0.026562
47 0.908333 0.447266 0.055556 0.030469
47 0.86875 0.454297 0.026389 0.025781
47 0.884028 0.504687 0.045833 0.028125
47 0.833333 0.494922 0.058333 0.028906
47 0.796528 0.508594 0.029167 0.023438
47 0.845833 0.575391 0.066667 0.032031
47 0.786806 0.590625 0.054167 0.023438
