47 0.260417 0.057031 0.048611 0.021875
47 0.394444 0.212109 0.061111 0.030469
47 0.359722 0.220312 0.030556 0.025
47 0.336806 0.245703 0.0375 0.019531
47 0.359028 0.274219 0.034722 0.0125
47 0.389583 0.234375 0.045833 0.020313
47 0.433333 0.239844 0.05 0.017188
47 0.384722 0.251953 0.044444 0.017969
47 0.413889 0.266797 0.041667 0.022656
47 0.45625 0.294141 0.048611 0.021094
47 0.534028 0.394531 0.023611 0.014063
47 0.415972 0.394141 0.029167 0.016406
47 0.518056 0.285547 0.036111 0.024219
47 0.494444 0.346484 0.044444 0.021094
47 0.490972 0.226562 0.031944 0.020313
47 0.497222 0.251953 0.030556 0.017969
47 0.6 0.491016 0.033333 0.022656
47 0.575694 0.492578 0.015278 0.016406
47 0.729167 0.383594 0.041667 0.021875
47 0.740278 0.440234 0.036111 0.022656
47 0.8125 0.430078 0.038889 0.021094
47 0.744444 0.513672 0.047222 0.027344
47 0.805556 0.521094 0.041667 0.028125
47 0.969444 0.522656 0.080556 0.05
47 0.938194 0.556641 0.070833 0.010156
47 0.852083 0.334375 0.0375 0.023438
47 0.679167 0.496094 0.030556 0.025
47 0.676389 0.477734 0.033333 0.011719
47 1.138194 0.495703 0.054167 0.032031
47 1.201389 0.447656 0.041667 0.028125
47 1.013194 0.363281 0.079167 0.035937
47 0.889583 0.429297 0.031944 0.032031
47 0.995139 0.325781 0.070833 0.039062
47 0.952083 0.267188 0.059722 0.0375
47 1.090278 0.29375 0.063889 0.035937
47 1.100694 0.274219 0.043056 0.01875
47 1.103472 0.253516 0.051389 0.022656
47 0.95 0.232031 0.066667 0.035937
47 1.2 0.108594 0.075 0.040625
47 1.223611 0.124609 0.066667 0.032031
47 1.174306 0.033594 0.054167 0.040625
47 1.2 0.080078 0.063889 0.027344
47 1.297222 0.071094 0.05 0.028125
47 1.270833 0.039844 0.069444 0.040625
47 1.278472 0.319922 0.020833 0.013281
47 0.958333 0.085547 0.041667 0.024219
47 0.867361 0.129688 0.043056 0.023438
47 0.897222 0.174609 0.041667 0.025781
47 0.882639 0.211719 0.034722 0.017188
47 1.002778 0.060156 0.033333 0.020313
47 0.993056 0.091797 0.025 0.021094
47 0.822222 0.094922 0.044444 0.022656
47 0.809722 0.132031 0.022222 0.014063
47 0.765278 0.101953 0.038889 0.021094
47 0.791667 0.039844 0.027778 0.020313
47 0.788194 0.066797 0.034722 0.019531
47 0.792361 0.081641 0.048611 0.014844
47 0.847917 0.051562 0.0375 0.020313
47 0.431944 0.116406 0.033333 0.020313
47 0.572917 0.089844 0.023611 0.010937
47 0.433333 0.101172 0.025 0.013281
47 0.430556 0.373437 0.033333 0.01875
47 0.915278 0.212109 0.025 0.017969
47 1.089583 0.154297 0.026389 0.025781
47 0.59375 0.026172 0.020833 0.010156
47 0.605556 0.094922 0.016667 0.013281
47 0.575694 0.129688 0.020833 0.010937
47 0.561806 0.135937 0.015278 0.010937
47 0.590278 0.144141 0.022222 0.011719
47 0.572222 0.178906 0.016667 0.010937
47 0.5375 0.185547 0.016667 0.008594
47 0.370833 0.074609 0.013889 0.010156
47 0.605556 0.050391 0.019444 0.008594
47 0.619444 0.155469 0.019444 0.009375
47 0.607639 0.144141 0.009722 0.007031
47 0.567361 0.163672 0.015278 0.010156
47 0.520833 0.163672 0.019444 0.007031
47 0.489583 0.183594 0.018056 0.009375
47 0.565278 0.112109 0.016667 0.010156
47 0.510417 0.122266 0.029167 0.013281
47 0.489583 0.083594 0.031944 0.014063
47 0.41875 0.082812 0.0125 0.009375
47 0.409028 0.073828 0.015278 0.007031
47 0.482639 0.039844 0.026389 0.01875
47 0.5125 0.029297 0.033333 0.014844
47 0.986111 0.025 0.022222 0.021875
