47 0.533333 0.072266 0.044444 0.028906
47 0.475694 0.092969 0.040278 0.020313
47 0.485417 0.143359 0.040278 0.021094
47 0.575 0.173437 0.036111 0.021875
47 0.396528 0.168359 0.043056 0.024219
47 0.411806 0.197656 0.034722 0.01875
47 0.372917 0.202734 0.0375 0.021094
47 0.444444 0.176953 0.038889 0.019531
47 0.527778 0.269531 0.038889 0.021875
47 0.517361 0.291406 0.0375 0.020313
47 0.575694 0.295312 0.040278 0.021875
47 0.629861 0.293359 0.048611 0.025781
47 0.665972 0.326172 0.048611 0.022656
47 0.436806 0.225391 0.0375 0.014844
47 0.404861 0.226562 0.026389 0.0125
47 0.348611 0.266797 0.033333 0.019531
47 0.425694 0.262109 0.031944 0.017969
47 0.377083 0.287891 0.048611 0.024219
47 0.513889 0.361719 0.041667 0.025
47 0.353472 0.376563 0.040278 0.026562
47 0.450694 0.366016 0.034722 0.019531
47 0.497222 0.379297 0.047222 0.024219
47 0.572222 0.362891 0.005556 0.007031
47 0.585417 0.368359 0.031944 0.019531
47 0.679167 0.448437 0.055556 0.023438
47 0.359722 0.451172 0.038889 0.017969
47 0.327778 0.470313 0.047222 0.023438
47 0.280556 0.451562 0.041667 0.020313
47 0.120833 0.517188 0.038889 0.021875
47 0.235417 0.506641 0.018056 0.014844
47 0.268056 0.489453 0.044444 0.017969
47 0.458333 0.519922 0.033333 0.022656
47 0.503472 0.528516 0.034722 0.013281
47 0.614583 0.533594 0.034722 0.017188
47 0.734028 0.519531 0.023611 0.014063
47 0.69375 0.510938 0.026389 0.01875
47 0.984028 0.516406 0.023611 0.026562
47 0.417361 0.6 0.031944 0.017188
47 0.370139 0.560937 0.034722 0.01875
47 0.558333 0.63125 0.044444 0.028125
47 0.595833 0.692578 0.044444 0.025781
47 0.215278 0.637109 0.038889 0.016406
47 0.274306 0.676953 0.043056 0.024219
47 0.120833 0.767969 0.05 0.028125
47 0.640972 0.929297 0.056944 0.041406
47 0.465278 0.303906 0.027778 0.017188
47 0.488194 0.329297 0.040278 0.022656
47 0.425694 0.352344 0.043056 0.0125
47 0.461111 0.208594 0.022222 0.028125
47 0.511111 0.228125 0.027778 0.017188
47 0.541667 0.258594 0.025 0.014063
47 0.294444 0.423047 0.044444 0.017969
47 0.380556 0.466797 0.038889 0.014844
47 0.559722 0.486328 0.016667 0.025781
47 0.952778 0.542578 0.041667 0.025781
47 0.834722 0.632031 0.022222 0.017188
47 0.313889 0.511719 0.025 0.023438
47 0.240278 0.548828 0.027778 0.014844
47 0.048611 0.740234 0.041667 0.013281
47 0.294444 0.681641 0.030556 0.016406
47 0.602778 0.742969 0.041667 0.015625
47 0.852083 0.784766 0.034722 0.013281
47 0.654861 0.846875 0.073611 0.04375
47 0.535417 0.378516 0.029167 0.013281
