47 0.218056 0.347656 0.022222 0.025
47 0.261111 0.357422 0.052778 0.025781
47 0.322222 0.371484 0.052778 0.021094
47 0.306944 0.349219 0.025 0.025
47 0.3625 0.326562 0.061111 0.034375
47 0.400694 0.285156 0.056944 0.032813
47 0.443056 0.275 0.05 0.034375
47 0.511111 0.300391 0.047222 0.027344
47 0.608333 0.321484 0.058333 0.024219
47 0.602083 0.350391 0.054167 0.035156
47 0.63125 0.386719 0.034722 0.029687
47 0.722917 0.221875 0.0375 0.039062
47 0.767361 0.355078 0.0625 0.032031
47 0.650694 0.307812 0.0375 0.020313
47 0.890972 0.322656 0.0375 0.023438
47 0.844444 0.342187 0.061111 0.035937
47 0.796528 0.386328 0.054167 0.025781
47 0.804861 0.367969 0.040278 0.014063
47 0.971528 0.360547 0.043056 0.025781
47 0.833333 0.401562 0.036111 0.021875
47 0.920833 0.387109 0.038889 0.027344
47 1.094444 0.399219 0.058333 0.026562
47 1.073611 0.236328 0.030556 0.022656
47 1.254167 0.188672 0.061111 0.035156
47 1.220833 0.252344 0.044444 0.026562
47 1.090972 0.129688 0.026389 0.014063
47 1.151389 0.129688 0.027778 0.010937
47 1.407639 0.321875 0.059722 0.021875
47 1.364583 0.434766 0.0375 0.039844
47 0.529861 0.349219 0.020833 0.015625
47 0.813194 0.246094 0.051389 0.03125
47 0.936806 0.546875 0.043056 0.028125
47 0.836111 0.426953 0.038889 0.022656
47 1.245833 0.079297 0.025 0.019531
