47 0.345833 0.726172 0.061111 0.039844
47 0.334722 0.475781 0.038889 0.025
47 0.325694 0.454688 0.031944 0.021875
47 0.275 0.465234 0.047222 0.016406
47 0.320139 0.492578 0.065278 0.036719
47 0.363889 0.403125 0.041667 0.021875
47 0.270139 0.323437 0.045833 0.029687
47 0.285417 0.243359 0.045833 0.030469
47 0.326389 0.247656 0.041667 0.03125
47 0.261111 0.194531 0.044444 0.020313
47 0.340972 0.152344 0.045833 0.025
47 0.378472 0.155078 0.029167 0.022656
47 0.405556 0.158203 0.016667 0.022656
47 0.413194 0.239063 0.0375 0.026562
47 0.456944 0.236719 0.047222 0.028125
47 0.386111 0.272656 0.05 0.028125
47 0.420833 0.302734 0.041667 0.024219
47 0.388889 0.300781 0.019444 0.01875
47 0.453472 0.330078 0.026389 0.017969
47 0.341667 0.338672 0.047222 0.019531
47 0.29375 0.385937 0.034722 0.015625
47 0.2125 0.404687 0.025 0.015625
47 0.463194 0.388281 0.018056 0.014063
47 0.569444 0.422656 0.038889 0.021875
47 0.542361 0.442578 0.0375 0.019531
47 0.484722 0.469141 0.038889 0.021094
47 0.527778 0.571094 0.036111 0.01875
47 0.517361 0.593359 0.0375 0.019531
47 0.565278 0.567187 0.036111 0.023438
47 0.109722 0.470313 0.05 0.026562
47 0.199306 0.625781 0.034722 0.021875
47 0.177778 0.610156 0.030556 0.017188
47 0.305556 0.557031 0.038889 0.014063
47 0.773611 0.649219 0.055556 0.03125
47 0.784028 0.682422 0.043056 0.027344
47 0.756944 0.698438 0.033333 0.014063
47 0.473611 0.039453 0.061111 0.032031
47 0.455556 0.198437 0.025 0.021875
47 0.46875 0.212109 0.020833 0.016406
47 0.502083 0.23125 0.020833 0.015625
47 0.550694 0.250781 0.020833 0.017188
47 0.486806 0.421484 0.034722 0.013281
47 0.577083 0.437109 0.029167 0.013281
47 0.388889 0.726172 0.027778 0.025781
47 0.98125 0.687891 0.034722 0.025781
47 0.925 0.610938 0.033333 0.014063
47 0.984028 0.744141 0.029167 0.016406
47 0.570139 0.607031 0.043056 0.028125
47 0.831944 0.552734 0.041667 0.016406
47 0.971528 0.530078 0.026389 0.014844
47 0.983333 0.555078 0.030556 0.016406
47 0.922222 0.471094 0.027778 0.015625
47 0.993056 0.480078 0.011111 0.013281
