47 0.572222 0.457031 0.041667 0.025
47 0.629861 0.484375 0.048611 0.021875
47 0.575694 0.490625 0.031944 0.020313
47 0.536806 0.51875 0.040278 0.017188
47 0.514583 0.579688 0.045833 0.015625
47 0.595833 0.599219 0.055556 0.021875
47 0.611111 0.639844 0.047222 0.029687
47 0.484028 0.630469 0.026389 0.017188
47 0.531944 0.627344 0.025 0.010937
47 0.493056 0.605078 0.016667 0.013281
47 0.411806 0.611328 0.020833 0.024219
47 0.911806 0.664062 0.048611 0.025
47 0.968056 0.636328 0.038889 0.019531
47 0.871528 0.692969 0.029167 0.020313
47 0.6875 0.702344 0.025 0.014063
47 0.721528 0.655078 0.026389 0.014844
