47 0.918056 0.148828 0.011111 0.005469
47 1.027778 0.106641 0.016667 0.014844
47 1.123611 0.022266 0.016667 0.017969
47 1.106944 0.11875 0.011111 0.014063
47 1.084028 0.173047 0.023611 0.007031
47 1.120139 0.204297 0.023611 0.010156
47 1.230556 0.090625 0.019444 0.00625
47 1.173611 0.196484 0.036111 0.014844
47 1.122222 0.269141 0.030556 0.014844
47 1.075694 0.307422 0.031944 0.014844
47 1.049306 0.328516 0.018056 0.005469
47 1.023611 0.257812 0.025 0.010937
47 0.953472 0.277734 0.020833 0.010156
47 0.9125 0.272266 0.030556 0.016406
47 0.909028 0.288672 0.006944 0.008594
47 0.859722 0.323047 0.008333 0.005469
47 0.865278 0.278516 0.016667 0.008594
47 1.088194 0.457031 0.009722 0.009375
47 1.10625 0.467969 0.026389 0.015625
47 1.092361 0.442578 0.0125 0.005469
47 1.148611 0.441016 0.019444 0.010156
47 1.156944 0.455078 0.011111 0.010156
47 1.136111 0.476172 0.016667 0.007031
47 1.172222 0.518359 0.016667 0.008594
47 1.21875 0.545703 0.018056 0.007031
47 0.984028 0.503125 0.020833 0.007812
47 0.754167 0.335547 0.022222 0.008594
47 0.682639 0.317969 0.009722 0.007812
47 0.641667 0.346484 0.022222 0.010156
47 0.65 0.383594 0.030556 0.01875
47 0.63125 0.425 0.023611 0.015625
47 0.621528 0.490234 0.018056 0.008594
47 0.647222 0.279297 0.030556 0.013281
47 0.568056 0.296484 0.025 0.011719
47 0.553472 0.507031 0.0125 0.009375
47 0.390972 0.485547 0.015278 0.007031
47 0.383333 0.452734 0.030556 0.008594
47 0.431944 0.461719 0.019444 0.007812
47 0.435417 0.444141 0.026389 0.014844
47 0.3375 0.440625 0.025 0.014063
47 0.404861 0.430078 0.026389 0.014844
47 0.301389 0.405469 0.013889 0.007812
47 0.313194 0.389453 0.034722 0.010156
47 0.272222 0.370703 0.022222 0.013281
47 0.360417 0.377344 0.020833 0.00625
47 0.38125 0.397266 0.026389 0.016406
47 0.388889 0.378906 0.022222 0.00625
47 0.402778 0.347656 0.033333 0.0125
47 0.371528 0.340234 0.015278 0.007031
47 0.4 0.332813 0.027778 0.0125
47 0.450694 0.407031 0.015278 0.004687
47 0.594444 0.232813 0.030556 0.0125
47 0.609028 0.211719 0.020833 0.0125
47 0.619444 0.224219 0.025 0.015625
47 0.577778 0.212891 0.033333 0.014844
47 0.573611 0.327734 0.019444 0.011719
47 0.563889 0.337109 0.025 0.010156
47 0.729167 0.303906 0.033333 0.015625
47 0.75 0.351562 0.022222 0.0125
47 0.682639 0.379297 0.031944 0.013281
47 0.753472 0.375781 0.018056 0.010937
47 0.848611 0.265625 0.022222 0.015625
47 1.172917 0.030469 0.045833 0.023438
47 1.184028 0.161328 0.023611 0.011719
47 1.190972 0.169531 0.020833 0.009375
47 1.165972 0.076563 0.031944 0.009375
47 1.055556 0.295312 0.022222 0.017188
47 0.991667 0.2625 0.022222 0.0125
47 0.945139 0.453125 0.031944 0.025
47 0.973611 0.403125 0.036111 0.01875
47 0.997222 0.438281 0.025 0.0125
47 1.050694 0.552734 0.026389 0.013281
47 1.218056 0.510156 0.030556 0.015625
47 1.214583 0.522266 0.029167 0.010156
47 1.228472 0.521875 0.018056 0.015625
47 1.254861 0.472266 0.026389 0.011719
