47 0.411111 0.119922 0.041667 0.021094
47 0.693056 0.010156 0.033333 0.017188
47 0.699306 0.030078 0.029167 0.016406
47 0.822222 0.028906 0.044444 0.025
47 0.875694 0.035547 0.029167 0.019531
47 1.028472 0.021094 0.018056 0.015625
47 1.161806 0.005469 0.045833 0.009375
47 1.227778 0.012891 0.044444 0.025781
47 1.09375 0.291016 0.015278 0.019531
47 0.852778 0.140625 0.033333 0.01875
47 0.821528 0.156641 0.015278 0.008594
47 0.740972 0.219531 0.029167 0.015625
47 0.803472 0.241016 0.048611 0.021094
47 0.750694 0.190625 0.034722 0.014063
47 0.770139 0.207813 0.029167 0.010937
47 0.584722 0.521094 0.027778 0.015625
47 0.604861 0.494531 0.026389 0.0125
47 0.613889 0.510156 0.027778 0.017188
47 0.970833 0.559375 0.016667 0.004687
47 1.006944 0.537109 0.016667 0.013281
47 1.033333 0.530469 0.030556 0.0125
47 0.986111 0.468359 0.013889 0.003906
47 1.079861 0.457422 0.031944 0.010156
47 1.174306 0.48125 0.034722 0.014063
47 0.558333 0.477344 0.025 0.014063
47 0.575694 0.480078 0.015278 0.013281
47 0.850694 0.539062 0.026389 0.007812
47 0.926389 0.55 0.025 0.015625
47 0.930556 0.558594 0.027778 0.00625
47 0.870833 0.557031 0.030556 0.009375
47 1.133333 0.016797 0.030556 0.017969
47 1.027083 0.004297 0.040278 0.007031
47 1.246528 0.198047 0.0375 0.010156
47 1.139583 0.139453 0.031944 0.019531
47 1.124306 0.230859 0.043056 0.010156
47 1.138889 0.303516 0.033333 0.014844
47 1.197917 0.289062 0.020833 0.009375
47 1.145833 0.335547 0.022222 0.017969
47 1.125 0.492969 0.036111 0.009375
47 0.993056 0.39375 0.027778 0.014063
