47 0.375 0.251172 0.022222 0.011719
47 0.327778 0.298828 0.013889 0.011719
47 0.370833 0.305859 0.016667 0.003906
47 0.36875 0.286328 0.0125 0.005469
47 0.442361 0.315234 0.020833 0.011719
47 0.465972 0.265234 0.020833 0.011719
47 0.479167 0.227344 0.019444 0.009375
47 0.504861 0.221484 0.029167 0.014844
47 0.50625 0.237109 0.029167 0.014844
47 0.495139 0.263672 0.026389 0.010156
47 0.484722 0.280859 0.025 0.016406
47 0.504861 0.310937 0.020833 0.0125
47 0.540278 0.324609 0.027778 0.016406
47 0.5375 0.34375 0.022222 0.010937
47 0.491667 0.357031 0.022222 0.009375
47 0.633333 0.370312 0.022222 0.0125
47 0.668056 0.38125 0.027778 0.014063
47 0.601389 0.237109 0.025 0.014844
47 0.627083 0.258203 0.009722 0.005469
47 0.710417 0.269531 0.015278 0.00625
47 0.665278 0.232422 0.019444 0.008594
47 0.754861 0.248047 0.0375 0.016406
47 0.744444 0.216797 0.016667 0.008594
47 0.84375 0.326562 0.020833 0.015625
47 0.820139 0.393359 0.018056 0.013281
47 0.80625 0.455469 0.020833 0.014063
47 0.855556 0.454688 0.016667 0.007812
47 0.75625 0.149609 0.031944 0.019531
47 0.684028 0.130469 0.018056 0.0125
47 0.622222 0.128906 0.008333 0.00625
47 0.700694 0.098828 0.034722 0.010156
47 0.727778 0.089844 0.025 0.015625
47 0.720833 0.075781 0.022222 0.0125
47 0.740278 0.119531 0.011111 0.00625
47 0.869444 0.164844 0.016667 0.009375
47 0.835417 0.204297 0.015278 0.010156
47 0.961111 0.130859 0.019444 0.011719
47 1.196528 0.107031 0.020833 0.004687
47 1.265278 0.017969 0.030556 0.020313
47 1.321528 0.008203 0.040278 0.013281
47 1.105556 0.222656 0.033333 0.00625
47 1.097917 0.190625 0.020833 0.00625
47 1.013889 0.239063 0.019444 0.010937
47 1.023611 0.214062 0.016667 0.004687
47 1.019444 0.330469 0.019444 0.020313
47 1.116667 0.354687 0.019444 0.0125
47 1.117361 0.382812 0.026389 0.01875
47 1.110417 0.260937 0.0125 0.017188
47 1.073611 0.167969 0.016667 0.014063
47 1.236806 0.335156 0.040278 0.01875
47 1.227778 0.35625 0.011111 0.0125
47 1.280556 0.34375 0.022222 0.007812
47 1.288889 0.312891 0.022222 0.008594
47 1.303472 0.324219 0.020833 0.010937
47 1.313889 0.403906 0.022222 0.010937
47 1.366667 0.433203 0.027778 0.011719
47 0.584722 0.3125 0.013889 0.007812
47 0.799306 0.441797 0.018056 0.019531
47 0.519444 0.273828 0.019444 0.017969
47 0.647917 0.356641 0.018056 0.014844
47 0.845139 0.346875 0.020833 0.014063
47 0.772917 0.358594 0.026389 0.015625
47 0.819444 0.444922 0.011111 0.014844
47 1.078472 0.298828 0.0375 0.014844
47 1.129861 0.279687 0.031944 0.025
47 1.164583 0.319141 0.040278 0.011719
47 1.357639 0.404297 0.023611 0.010156
47 1.441667 0.359766 0.022222 0.016406
47 1.44375 0.464062 0.031944 0.014063
47 1.377778 0.464062 0.022222 0.01875
47 1.311111 0.358203 0.019444 0.019531
