47 0.190278 0.432812 0.061111 0.032813
47 0.240972 0.425781 0.045833 0.029687
47 0.303472 0.444922 0.059722 0.033594
47 0.288194 0.384766 0.051389 0.022656
47 0.29375 0.398438 0.048611 0.014063
47 0.366667 0.389062 0.069444 0.032813
47 0.407639 0.478906 0.056944 0.028125
47 0.411111 0.453516 0.047222 0.022656
47 0.464583 0.380078 0.051389 0.033594
47 0.429167 0.389453 0.038889 0.022656
47 0.48125 0.407031 0.059722 0.032813
47 0.538889 0.468359 0.044444 0.033594
47 0.58125 0.520703 0.059722 0.036719
47 0.590972 0.424219 0.031944 0.021875
47 0.600694 0.282422 0.054167 0.035156
47 0.634722 0.240234 0.05 0.033594
47 0.635417 0.527344 0.045833 0.035937
47 0.625694 0.465234 0.048611 0.035156
47 0.672222 0.485938 0.072222 0.039062
47 0.683333 0.506641 0.061111 0.019531
47 0.835417 0.445703 0.045833 0.033594
47 0.815972 0.501563 0.043056 0.023438
47 0.814583 0.544922 0.048611 0.030469
47 0.871528 0.474609 0.054167 0.033594
47 0.917361 0.410938 0.056944 0.039062
47 0.940972 0.501953 0.0375 0.022656
47 0.913889 0.551953 0.016667 0.019531
47 1.102778 0.421875 0.052778 0.032813
47 1.070833 0.379688 0.044444 0.035937
47 0.895139 0.3125 0.045833 0.021875
47 0.895833 0.032422 0.066667 0.038281
47 1.211806 0.089844 0.051389 0.032813
47 1.227778 0.440625 0.036111 0.026562
47 1.070833 0.489844 0.041667 0.032813
47 0.993056 0.472266 0.055556 0.033594
47 1.079167 0.278906 0.044444 0.026562
47 1.194444 0.291406 0.041667 0.026562
47 1.338194 0.34375 0.043056 0.01875
47 1.360417 0.150781 0.048611 0.03125
47 1.3625 0.207422 0.05 0.028906
47 1.414583 0.260547 0.048611 0.027344
47 1.436806 0.294531 0.040278 0.020313
47 1.5125 0.439063 0.047222 0.023438
47 1.497222 0.466016 0.055556 0.024219
47 1.323611 0.071875 0.038889 0.03125
47 1.360417 0.018359 0.054167 0.035156
47 1.397917 0.046875 0.043056 0.029687
47 1.296528 0.058203 0.045833 0.030469
47 1.575694 0.188672 0.045833 0.028906
47 1.627778 0.163281 0.055556 0.035937
47 1.605556 0.117188 0.038889 0.026562
47 0.518056 0.418359 0.036111 0.013281
47 1.270833 0.041016 0.044444 0.024219
47 1.243056 0.023438 0.025 0.021875
47 1.416667 0.084766 0.038889 0.019531
47 1.352083 0.235937 0.051389 0.017188
47 0.480556 0.437109 0.044444 0.021094
