47 0.421528 0.494531 0.040278 0.01875
47 0.832639 0.577344 0.048611 0.029687
47 0.889583 0.580078 0.045833 0.030469
47 0.46875 0.45625 0.0375 0.017188
47 0.43125 0.423047 0.048611 0.022656
47 0.370139 0.471875 0.045833 0.021875
47 0.140972 0.435547 0.040278 0.019531
47 0.250694 0.442969 0.0375 0.020313
47 0.832639 0.359375 0.031944 0.023438
47 0.9 0.399219 0.036111 0.023438
47 0.944444 0.303516 0.044444 0.030469
47 0.976389 0.514062 0.041667 0.01875
47 0.915278 0.461719 0.036111 0.01875
47 0.913194 0.542578 0.040278 0.022656
47 0.596528 0.458594 0.043056 0.025
47 0.863889 0.439844 0.025 0.015625
47 0.571528 0.303906 0.0375 0.017188
47 0.534028 0.298438 0.034722 0.020313
47 0.4375 0.194922 0.038889 0.019531
47 0.692361 0.210938 0.040278 0.01875
47 0.66875 0.10625 0.040278 0.021875
47 0.634722 0.153906 0.038889 0.026562
47 0.602778 0.166797 0.036111 0.024219
47 0.654861 0.205469 0.020833 0.021875
47 0.618056 0.243359 0.036111 0.021094
47 0.763194 0.182812 0.031944 0.021875
47 0.938194 0.162109 0.040278 0.022656
47 0.875694 0.176953 0.040278 0.021094
47 0.861111 0.198437 0.047222 0.021875
47 0.780556 0.218359 0.033333 0.019531
47 0.809028 0.107422 0.040278 0.025781
47 0.768056 0.114453 0.030556 0.021094
47 0.692361 0.143359 0.040278 0.019531
47 0.720139 0.186328 0.040278 0.027344
47 0.824306 0.257031 0.026389 0.015625
47 0.822222 0.158594 0.036111 0.025
47 0.671528 0.167578 0.031944 0.022656
47 0.155556 0.303906 0.030556 0.014063
47 0.794444 0.244922 0.033333 0.014844
47 0.401389 0.476172 0.033333 0.021094
47 0.327778 0.432422 0.019444 0.007031
47 0.152083 0.463672 0.0375 0.016406
47 0.030556 0.380859 0.025 0.010156
47 0.449306 0.474609 0.026389 0.014844
47 0.667361 0.486719 0.034722 0.021875
47 0.84375 0.466406 0.023611 0.0125
47 0.734722 0.390625 0.025 0.015625
47 0.645833 0.514453 0.036111 0.019531
47 0.674306 0.53125 0.031944 0.017188
47 0.936806 0.358203 0.029167 0.017969
47 0.978472 0.329688 0.026389 0.0125
47 0.853472 0.35 0.031944 0.023438
47 0.547917 0.310547 0.023611 0.010156
47 0.461806 0.300781 0.0375 0.021875
47 0.486111 0.29375 0.025 0.0125
47 0.4125 0.19375 0.036111 0.017188
47 0.109722 0.294922 0.025 0.010156
47 0.656944 0.311328 0.027778 0.016406
47 0.660417 0.337891 0.034722 0.019531
47 0.795139 0.266406 0.026389 0.017188
47 0.733333 0.263281 0.027778 0.010937
47 0.715278 0.16875 0.036111 0.017188
47 0.663889 0.192188 0.025 0.0125
47 0.631944 0.201172 0.022222 0.014844
47 0.796528 0.089063 0.034722 0.021875
47 0.813194 0.203906 0.043056 0.021875
47 0.975 0.140625 0.030556 0.017188
47 0.99375 0.140625 0.009722 0.015625
47 0.929861 0.122656 0.031944 0.014063
