47 0.032639 0.249219 0.056944 0.03125
47 0.041667 0.227734 0.069444 0.032031
47 0.092361 0.218359 0.054167 0.022656
47 0.191667 0.21875 0.061111 0.032813
47 0.198611 0.251953 0.047222 0.027344
47 0.170139 0.286328 0.051389 0.022656
47 0.26875 0.286719 0.051389 0.03125
47 0.274306 0.248438 0.059722 0.025
47 0.298611 0.276953 0.063889 0.014844
47 0.301389 0.24375 0.044444 0.025
47 0.301389 0.216406 0.044444 0.03125
47 0.35625 0.222656 0.040278 0.023438
47 0.411111 0.387109 0.05 0.033594
47 0.436111 0.416797 0.041667 0.025781
47 0.504167 0.203125 0.041667 0.020313
47 0.432639 0.142969 0.026389 0.017188
47 0.611111 0.236328 0.044444 0.024219
47 0.720833 0.125781 0.022222 0.015625
47 0.736111 0.01875 0.041667 0.029687
47 0.773611 0.027734 0.055556 0.032031
47 0.85 0.108203 0.041667 0.024219
47 0.924306 0.171875 0.056944 0.03125
47 0.897222 0.301172 0.047222 0.033594
47 0.881944 0.276953 0.027778 0.025781
47 0.952083 0.255859 0.043056 0.024219
47 0.986806 0.192578 0.056944 0.025781
47 1.026389 0.203906 0.044444 0.028125
47 1.045833 0.177344 0.075 0.03125
47 1.029861 0.128516 0.034722 0.016406
47 0.958333 0.367969 0.033333 0.021875
47 1.01875 0.389844 0.029167 0.017188
47 0.736806 0.319141 0.056944 0.021094
47 0.872917 0.39375 0.029167 0.025
47 1.215278 0.046484 0.038889 0.024219
47 1.160417 0.244531 0.031944 0.020313
47 1.326389 0.378516 0.063889 0.030469
47 1.429861 0.472656 0.059722 0.03125
47 0.00625 0.214062 0.0125 0.017188
47 0.433333 0.182422 0.05 0.011719
47 0.499306 0.232031 0.070833 0.026562
47 0.815278 0.00625 0.019444 0.009375
47 0.804167 0.401953 0.033333 0.019531
47 1.146528 0.552734 0.051389 0.017969
