47 0.584028 0.05625 0.0375 0.028125
47 0.631944 0.085938 0.027778 0.021875
47 0.6625 0.084375 0.033333 0.026562
47 0.700694 0.079297 0.034722 0.025781
47 0.767361 0.071094 0.0375 0.021875
47 0.775 0.089063 0.05 0.021875
47 0.34375 0.141016 0.043056 0.025781
47 0.422917 0.132422 0.034722 0.024219
47 0.395833 0.150781 0.052778 0.029687
47 0.455556 0.172656 0.05 0.025
47 0.523611 0.168359 0.036111 0.024219
47 0.55625 0.166406 0.029167 0.025
47 0.624306 0.154297 0.043056 0.027344
47 0.490972 0.142969 0.045833 0.014063
47 0.695139 0.134375 0.029167 0.029687
47 0.740278 0.094922 0.025 0.019531
47 0.558333 0.222266 0.047222 0.025781
47 0.5625 0.257031 0.036111 0.029687
47 0.738194 0.292578 0.045833 0.024219
47 0.83125 0.310547 0.045833 0.025781
47 0.876389 0.251172 0.038889 0.022656
47 0.875 0.108203 0.030556 0.019531
47 0.663194 0.141406 0.056944 0.029687
47 0.503472 0.310156 0.040278 0.021875
47 0.556944 0.310937 0.027778 0.023438
47 0.632639 0.296875 0.026389 0.01875
47 0.665278 0.312109 0.033333 0.014844
47 0.688194 0.225781 0.029167 0.021875
47 0.825 0.358594 0.038889 0.025
47 0.53125 0.369141 0.040278 0.025781
47 0.372222 0.418359 0.041667 0.027344
47 0.328472 0.525391 0.045833 0.025781
47 0.825694 0.53125 0.051389 0.029687
47 0.752083 0.55 0.051389 0.020313
47 0.179861 0.363281 0.034722 0.023438
47 0.386111 0.451562 0.036111 0.021875
47 0.470833 0.388281 0.041667 0.023438
47 0.713889 0.271094 0.025 0.010937
47 0.775 0.269531 0.033333 0.0125
47 0.365278 0.191797 0.036111 0.021094
47 0.395139 0.207422 0.034722 0.022656
47 0.430556 0.200391 0.036111 0.021094
47 0.352083 0.352734 0.029167 0.019531
47 0.304861 0.311719 0.026389 0.014063
47 0.138889 0.319922 0.030556 0.014844
47 0.188889 0.337891 0.027778 0.016406
47 0.273611 0.319922 0.033333 0.013281
47 0.020833 0.394531 0.030556 0.020313
47 0.007639 0.405078 0.0125 0.019531
47 0.248611 0.406641 0.036111 0.013281
47 0.191667 0.532813 0.030556 0.021875
47 0.247222 0.530859 0.036111 0.019531
47 0.20625 0.493359 0.034722 0.011719
47 0.015278 0.454688 0.022222 0.010937
47 0.057639 0.493359 0.034722 0.017969
47 0.34375 0.4875 0.026389 0.014063
47 0.547222 0.500781 0.038889 0.020313
47 0.909028 0.533594 0.0375 0.017188
47 0.96875 0.586328 0.059722 0.027344
47 0.64375 0.452344 0.034722 0.015625
47 0.458333 0.437109 0.036111 0.017969
47 0.859028 0.291406 0.034722 0.020313
47 0.663194 0.289062 0.034722 0.021875
47 0.6625 0.257812 0.027778 0.023438
47 0.597222 0.296484 0.044444 0.021094
47 0.884722 0.355859 0.041667 0.016406
47 0.881944 0.322656 0.038889 0.01875
47 0.627083 0.316016 0.026389 0.013281
47 0.63125 0.267578 0.031944 0.024219
47 0.973611 0.260156 0.038889 0.021875
47 0.982639 0.219531 0.031944 0.021875
47 0.961111 0.238281 0.033333 0.014063
47 0.902083 0.204297 0.048611 0.021094
47 0.731944 0.202734 0.025 0.024219
47 0.441667 0.154297 0.044444 0.019531
47 0.803472 0.1625 0.018056 0.0125
47 0.654861 0.2375 0.0375 0.028125
47 0.280556 0.483594 0.033333 0.014063
47 0.793056 0.301172 0.030556 0.016406
47 0.788889 0.318359 0.041667 0.019531
47 0.731944 0.345703 0.016667 0.008594
47 0.786111 0.132031 0.025 0.0125
