47 0.197917 0.469141 0.054167 0.030469
47 0.158333 0.463672 0.05 0.025781
47 0.211111 0.535547 0.058333 0.032031
47 0.217361 0.128906 0.051389 0.01875
47 0.275 0.097656 0.036111 0.025
47 0.207639 0.108203 0.020833 0.017969
47 0.41875 0.037109 0.045833 0.025781
47 0.309722 0.083984 0.044444 0.013281
47 0.317361 0.144531 0.048611 0.026562
47 0.44375 0.078906 0.034722 0.020313
47 0.385417 0.127344 0.029167 0.0125
47 0.515278 0.128516 0.030556 0.017969
47 0.374306 0.419141 0.0375 0.025781
47 0.39375 0.428516 0.020833 0.014844
47 0.438194 0.414844 0.043056 0.020313
47 0.422917 0.448047 0.054167 0.024219
47 0.556944 0.225 0.038889 0.023438
47 0.575 0.233203 0.033333 0.024219
47 0.547917 0.516406 0.045833 0.023438
47 0.653472 0.111719 0.034722 0.026562
47 0.575694 0.178516 0.043056 0.013281
47 0.498611 0.523828 0.038889 0.019531
47 0.854861 0.146484 0.048611 0.025781
47 0.735417 0.026562 0.026389 0.0125
47 0.869444 0.417187 0.041667 0.025
47 1.002778 0.121875 0.030556 0.015625
47 0.869444 0.051953 0.027778 0.011719
47 0.663889 0.208594 0.044444 0.020313
47 0.771528 0.228906 0.031944 0.020313
47 0.744444 0.259375 0.036111 0.023438
47 0.573611 0.392969 0.036111 0.017188
47 0.665278 0.460547 0.041667 0.021094
47 0.663889 0.479687 0.055556 0.026562
47 0.710417 0.489453 0.0375 0.017969
47 0.725694 0.510156 0.026389 0.01875
47 0.678472 0.383984 0.043056 0.021094
47 1.127083 0.415234 0.045833 0.025781
47 0.955556 0.400391 0.038889 0.014844
47 0.704167 0.403906 0.027778 0.015625
47 0.595833 0.139844 0.022222 0.014063
47 0.357639 0.442969 0.051389 0.023438
47 0.404861 0.474219 0.029167 0.0125
47 0.476389 0.508203 0.025 0.011719
47 0.543056 0.55 0.033333 0.0125
47 0.582639 0.538281 0.015278 0.014063
47 0.797222 0.030469 0.025 0.010937
47 0.691667 0.515625 0.025 0.010937
47 1.188889 0.034375 0.041667 0.023438
47 0.661806 0.555859 0.0375 0.011719
