apple 0.9989562 256 664 290 695
apple 0.9988746 1 392 40 429
apple 0.998662 287 874 326 909
apple 0.99818677 14 507 52 543
apple 0.99621755 163 581 193 608
apple 0.9948037 97 627 130 656
apple 0.99429625 11 424 47 452
apple 0.9674196 231 656 252 680
apple 0.9645424 13 359 35 383
apple 0.88312507 280 664 293 690
apple 0.82416546 4 363 33 390
apple 0.73410296 2 368 17 388
apple 0.6350644 45 444 58 460
apple 0.5658083 55 594 90 632
apple 0.54939806 144 499 157 513
apple 0.5486387 103 703 122 725
apple 0.48910323 72 606 91 624
apple 0.4393779 203 618 213 630
apple 0.29970694 64 603 93 629
apple 0.29745182 314 474 340 500
apple 0.23290204 251 580 268 599
apple 0.2324174 64 626 81 641
apple 0.17139967 206 617 216 629
apple 0.15770903 99 527 137 564
apple 0.10980869 127 439 156 470
apple 0.08879252 54 590 80 622
apple 0.079159774 199 620 212 635
apple 0.07103811 1 377 44 449
apple 0.070458755 200 594 215 616
