apple 176 385 207 416
apple 147 481 183 509
apple 110 423 143 456
apple 104 451 125 469
apple 6 415 35 442
apple 150 467 179 482
apple 113 516 159 558
apple 68 484 90 510
apple 229 363 250 377
apple 340 125 363 144
apple 356 111 379 135
apple 274 364 299 391
apple 300 363 316 390
apple 271 463 304 487
apple 303 413 339 449
apple 404 108 432 122
apple 376 403 399 428
apple 389 412 422 452
apple 251 515 282 544
apple 255 587 287 619
apple 426 459 451 480
apple 492 185 525 220
apple 464 202 474 228
apple 512 356 546 391
apple 469 376 514 413
apple 434 373 468 404
apple 373 575 405 607
apple 383 601 416 627
apple 293 667 325 695
apple 406 613 424 639
apple 609 157 647 199
apple 585 382 599 402
apple 446 659 483 701
apple 500 574 524 600
apple 578 681 610 717
apple 790 309 814 339
apple 789 590 804 622
apple 775 455 799 481
apple 848 614 872 645
apple 871 611 890 640
apple 1046 642 1080 670
apple 701 115 719 139
apple 43 514 56 532
apple 499 125 518 141
apple 515 337 533 366
apple 585 311 602 325
apple 680 229 690 249
apple 138 489 165 510
apple 109 576 129 592
apple 326 1 359 32
apple 402 709 423 719
apple 630 707 658 719
apple 661 693 681 718
apple 810 292 841 319
apple 827 570 847 583
