apple 177 109 208 145
apple 201 122 219 147
apple 176 146 210 178
apple 166 170 188 193
apple 177 219 200 240
apple 181 229 208 259
apple 218 234 254 270
apple 213 271 256 313
apple 300 183 336 203
apple 319 215 357 249
apple 280 286 300 297
apple 317 250 360 280
apple 275 247 303 258
apple 406 135 433 163
apple 388 175 413 201
apple 396 226 419 249
apple 387 274 411 295
apple 349 354 389 389
apple 395 305 425 320
apple 468 325 504 359
apple 382 636 411 656
apple 309 625 345 658
apple 462 313 492 329
apple 472 285 511 319
apple 414 251 457 290
apple 433 135 466 167
apple 442 96 472 137
apple 493 330 511 360
apple 530 251 556 278
apple 542 313 554 325
apple 549 331 561 343
apple 578 593 608 633
apple 632 340 676 378
apple 485 57 526 105
apple 461 86 492 123
apple 480 140 503 156
apple 499 146 525 174
apple 504 113 538 135
apple 522 74 552 105
apple 551 82 573 106
apple 541 100 571 132
apple 513 128 548 161
apple 595 222 621 250
apple 647 188 675 221
apple 618 229 638 250
apple 622 289 650 310
apple 581 291 610 317
apple 589 353 611 363
apple 625 307 648 324
apple 654 256 678 277
apple 672 259 710 296
apple 684 354 709 381
apple 735 369 772 407
apple 927 332 948 352
apple 961 343 985 367
apple 979 334 1009 357
apple 751 523 769 554
