apple 15 502 52 526
apple 16 527 54 566
apple 3 537 16 564
apple 108 446 149 481
apple 250 366 288 402
apple 260 404 293 421
apple 240 403 265 438
apple 308 308 340 343
apple 366 323 405 364
apple 375 352 415 383
apple 361 402 400 433
apple 361 431 400 470
apple 335 433 354 454
apple 362 475 383 491
apple 403 373 441 407
apple 426 390 447 415
apple 451 419 486 456
apple 470 306 511 346
apple 498 356 531 388
apple 493 386 514 403
apple 526 484 542 502
apple 533 525 560 546
apple 577 381 611 402
apple 603 430 625 444
apple 562 327 612 356
apple 581 263 607 294
apple 653 155 687 187
apple 663 305 693 344
apple 654 340 680 368
apple 627 390 653 406
apple 677 352 709 384
apple 666 446 700 480
apple 632 489 665 518
apple 608 509 643 542
apple 647 516 658 532
apple 698 332 738 359
apple 719 305 740 323
apple 851 215 873 238
apple 783 318 819 349
apple 880 223 904 250
apple 803 481 828 499
apple 798 498 825 530
apple 833 486 856 502
apple 864 526 891 557
apple 905 676 951 716
apple 960 672 991 708
apple 1010 412 1065 455
