apple 10 345 44 369
apple 27 363 64 392
apple 56 347 77 374
apple 59 316 93 348
apple 80 288 115 309
apple 117 330 149 360
apple 118 351 152 372
apple 170 369 197 393
apple 159 322 184 342
apple 174 280 208 309
apple 191 346 223 379
apple 213 319 251 359
apple 232 382 256 408
apple 314 434 341 457
apple 298 257 331 288
apple 251 285 280 309
apple 265 367 296 386
apple 344 372 376 411
apple 351 473 376 508
apple 371 488 394 512
apple 420 341 453 383
apple 480 461 509 488
apple 503 502 526 525
apple 423 150 449 180
apple 316 246 341 267
apple 399 373 416 389
apple 366 357 386 371
apple 376 373 394 397
apple 512 271 535 298
apple 502 436 542 468
apple 560 372 586 406
apple 578 387 608 417
apple 615 422 637 443
apple 631 390 664 415
apple 666 372 693 404
apple 580 240 621 271
apple 574 206 608 239
apple 666 247 699 284
apple 694 263 721 295
apple 755 367 787 397
apple 742 383 760 403
apple 749 404 771 427
apple 853 360 888 391
apple 906 383 946 411
apple 716 220 735 244
apple 1001 425 1042 451
apple 105 298 143 333
apple 509 469 542 491
apple 541 217 569 258
apple 491 279 513 303
apple 673 179 699 205
apple 659 276 676 305
apple 760 350 788 372
apple 837 440 852 457
apple 858 425 873 440
apple 917 311 937 331
apple 945 672 975 713
apple 1001 453 1038 484
