apple 197 1 226 27
apple 215 27 233 44
apple 189 36 208 56
apple 236 81 258 106
apple 261 61 280 83
apple 264 87 296 117
apple 252 114 286 144
apple 284 117 312 148
apple 286 75 323 98
apple 326 56 356 84
apple 330 84 360 115
apple 358 57 382 80
apple 371 0 395 13
apple 363 4 380 31
apple 377 24 396 36
apple 266 171 291 191
apple 275 226 311 260
apple 377 36 401 57
apple 376 57 393 78
apple 392 95 413 115
apple 331 127 356 155
apple 339 150 366 178
apple 360 123 386 142
apple 386 165 414 192
apple 411 194 436 221
apple 501 28 526 61
apple 533 57 568 91
apple 619 46 645 74
apple 637 117 667 147
apple 546 181 568 203
apple 637 177 658 210
apple 742 157 762 181
apple 767 194 783 203
apple 619 226 638 245
apple 665 205 694 235
apple 737 251 755 265
apple 706 245 729 270
apple 626 290 651 316
apple 574 295 593 315
apple 652 267 675 294
apple 668 286 693 312
apple 795 260 810 274
apple 881 298 904 317
apple 866 337 886 356
apple 903 309 922 328
apple 754 341 780 369
apple 802 425 821 441
apple 706 429 728 450
apple 732 469 749 481
apple 776 379 787 395
apple 98 157 119 174
apple 116 158 135 178
apple 120 192 139 209
apple 194 206 213 225
apple 146 251 173 273
apple 167 265 193 284
apple 238 259 257 274
apple 202 347 216 366
apple 355 306 386 339
apple 402 290 435 322
apple 307 384 331 409
apple 310 357 336 386
apple 343 357 367 387
apple 430 309 452 329
apple 428 362 456 392
apple 432 396 453 407
apple 446 434 475 456
apple 227 456 254 474
apple 238 517 250 535
apple 293 619 316 641
apple 334 639 357 661
apple 331 564 351 587
apple 313 586 345 618
apple 738 489 757 500
apple 740 501 760 521
apple 632 485 658 511
apple 593 533 619 562
apple 616 545 643 575
apple 663 618 682 635
apple 652 595 674 616
apple 674 562 689 585
apple 691 541 706 562
apple 765 547 782 569
apple 438 168 464 192
apple 446 204 462 227
apple 398 485 415 504
apple 809 675 829 695
apple 818 693 834 711
apple 124 249 138 260
apple 369 183 400 205
apple 177 131 193 151
apple 565 56 589 79
apple 735 698 761 719
apple 662 442 683 456
apple 680 444 691 471
apple 330 616 358 639
