apple 795 630 831 666
apple 445 607 476 630
apple 378 588 411 620
apple 350 571 385 605
apple 374 562 405 587
apple 425 674 455 699
apple 452 693 478 716
apple 711 613 740 634
apple 429 242 453 268
apple 618 12 642 34
apple 716 83 743 109
apple 727 56 753 73
apple 485 116 500 130
apple 458 319 481 339
apple 509 394 531 420
apple 537 318 555 333
apple 535 193 555 218
apple 548 217 562 231
apple 488 79 497 98
apple 560 21 578 47
apple 480 499 507 522
apple 487 523 509 542
apple 462 112 481 131
apple 403 130 429 150
apple 492 288 506 314
apple 692 690 718 718
apple 335 620 361 642
apple 192 553 219 571
apple 197 586 225 601
apple 235 584 265 615
apple 447 441 470 454
apple 731 451 764 475
apple 300 85 322 112
apple 440 170 474 195
apple 531 31 551 49
apple 597 7 618 26
apple 671 89 696 119
apple 724 417 755 438
apple 518 320 538 342
apple 491 363 509 376
apple 575 512 588 536
apple 341 438 360 466
apple 437 597 453 621
apple 719 591 749 616
apple 775 615 803 640
