apple 228 1 241 6
apple 228 5 249 28
apple 238 30 256 46
apple 214 37 234 58
apple 261 82 281 104
apple 283 65 301 82
apple 284 82 317 116
apple 274 111 306 142
apple 308 113 331 131
apple 288 165 311 187
apple 198 131 213 148
apple 118 154 139 173
apple 139 155 156 175
apple 142 189 159 206
apple 159 196 171 209
apple 199 178 217 198
apple 212 203 230 222
apple 216 340 238 359
apple 242 449 267 469
apple 251 510 265 528
apple 324 375 344 402
apple 328 350 354 378
apple 357 347 386 379
apple 254 254 273 270
apple 294 221 331 254
apple 372 302 405 332
apple 390 181 416 202
apple 427 191 451 216
apple 405 163 432 188
apple 358 146 386 176
apple 379 120 405 137
apple 351 123 378 150
apple 349 81 382 115
apple 308 75 346 96
apple 347 53 376 82
apple 378 59 403 83
apple 398 36 421 58
apple 395 24 415 37
apple 385 6 406 36
apple 392 0 414 16
apple 411 95 430 115
apple 455 166 475 190
apple 521 27 548 59
apple 552 55 584 89
apple 586 53 606 77
apple 635 46 661 74
apple 559 174 584 201
apple 651 114 683 146
apple 753 159 776 181
apple 649 172 674 205
apple 632 226 649 246
apple 584 294 606 315
apple 636 286 664 313
apple 665 266 688 291
apple 677 282 706 310
apple 718 244 744 272
apple 749 250 770 264
apple 806 266 825 277
apple 893 297 916 316
apple 914 309 931 328
apple 878 294 895 313
apple 875 337 894 357
apple 778 379 797 391
apple 766 337 792 366
apple 462 206 477 226
apple 818 424 829 441
apple 718 417 739 441
apple 743 467 759 475
apple 748 494 770 518
apple 773 542 789 565
apple 306 612 328 632
apple 345 558 363 578
apple 328 578 353 607
apple 344 612 366 629
apple 348 631 367 654
apple 411 478 429 496
apple 421 285 449 316
apple 444 301 466 326
apple 443 357 470 384
apple 446 388 468 402
apple 462 429 487 449
apple 601 526 635 555
apple 642 478 664 504
apple 628 538 653 569
apple 638 668 649 680
apple 667 591 684 613
apple 673 613 691 634
apple 683 558 700 578
apple 701 533 726 556
apple 675 437 691 451
apple 299 699 319 718
apple 146 243 158 254
apple 162 244 190 265
apple 186 255 203 280
apple 257 304 273 324
apple 438 611 453 623
apple 543 705 563 719
apple 606 125 623 145
apple 680 205 707 235
apple 780 195 800 203
apple 885 354 906 364
apple 820 667 838 692
apple 744 695 769 719
apple 692 445 702 466
apple 280 711 300 719
