apple 679 251 704 273
apple 799 438 826 468
apple 814 417 842 432
apple 635 520 661 542
apple 634 543 650 559
apple 651 563 665 581
apple 477 517 501 541
apple 535 565 553 586
apple 504 588 526 609
apple 617 210 639 233
apple 616 259 635 283
apple 590 263 608 283
apple 570 328 590 350
apple 542 331 557 352
apple 617 418 635 440
apple 751 437 783 465
apple 456 363 475 385
apple 517 354 535 375
apple 537 370 555 380
apple 350 383 373 401
apple 586 1 608 27
apple 374 155 400 173
apple 390 102 414 123
apple 293 86 315 109
apple 270 95 291 115
apple 463 212 476 228
apple 550 703 582 719
apple 665 251 677 266
apple 228 1 251 16
apple 336 151 351 166
apple 314 30 328 44
apple 462 45 478 60
apple 400 187 418 201
apple 596 13 615 34
apple 419 74 434 88
apple 263 1 275 13
apple 327 72 343 98
apple 437 112 448 131
apple 489 85 501 102
apple 499 111 510 121
apple 597 98 618 109
apple 596 109 607 120
apple 764 376 775 393
apple 662 531 670 545
apple 601 361 615 373
apple 580 296 599 322
apple 583 321 600 343
apple 513 456 528 470
apple 466 382 478 401
apple 540 557 559 572
apple 585 485 600 496
