apple 1 81 40 124
apple 34 96 79 132
apple 73 45 110 81
apple 101 106 137 141
apple 81 208 104 234
apple 89 253 114 272
apple 87 272 112 294
apple 127 308 151 329
apple 103 338 130 364
apple 119 369 146 390
apple 110 440 137 467
apple 95 537 125 565
apple 55 560 82 589
apple 126 76 145 88
apple 189 122 210 146
apple 195 168 212 190
apple 170 196 189 213
apple 174 244 192 259
apple 174 271 193 293
apple 177 293 208 320
apple 177 320 204 343
apple 165 378 197 406
apple 191 366 223 408
apple 225 363 241 386
apple 261 98 279 120
apple 260 149 309 192
apple 218 170 235 193
apple 342 43 374 71
apple 344 71 376 111
apple 308 8 327 30
apple 375 16 393 41
apple 372 73 421 119
apple 371 117 426 161
apple 433 148 461 189
apple 385 175 426 216
apple 346 170 366 187
apple 362 233 392 255
apple 365 248 384 265
apple 355 262 394 296
apple 366 286 409 313
apple 402 345 412 356
apple 269 345 308 374
apple 269 375 305 400
apple 281 394 316 422
apple 307 361 335 396
apple 312 424 332 436
apple 326 432 361 457
apple 299 455 332 485
apple 271 457 296 489
apple 252 433 283 458
apple 206 465 242 487
apple 205 455 223 466
apple 187 511 209 542
apple 225 484 248 512
apple 168 612 202 647
apple 32 661 64 695
apple 178 709 206 719
apple 253 525 286 552
apple 277 530 307 563
apple 310 532 330 558
apple 325 617 356 640
apple 336 637 365 662
apple 351 663 374 677
apple 296 664 316 682
apple 252 678 276 707
apple 238 642 273 673
apple 219 656 230 681
apple 535 583 569 608
apple 552 607 582 633
apple 553 361 592 398
apple 481 286 518 327
apple 436 330 465 364
apple 468 399 482 416
apple 396 223 439 252
apple 512 1 572 32
apple 509 28 542 73
apple 543 115 565 139
apple 514 209 533 232
apple 454 223 485 253
apple 554 37 600 84
apple 609 36 650 81
apple 671 170 711 212
apple 639 222 663 244
apple 738 20 779 64
apple 754 83 784 116
apple 825 28 863 72
apple 940 64 983 108
apple 1069 51 1104 85
apple 1111 108 1146 134
apple 1026 236 1065 253
apple 965 221 1014 267
apple 785 258 846 322
apple 747 262 793 322
apple 809 330 833 348
apple 930 293 1002 349
apple 890 373 912 404
apple 872 413 915 440
apple 1055 277 1112 330
apple 1051 332 1117 399
apple 1115 320 1151 371
apple 1016 489 1057 531
apple 1048 547 1100 591
apple 1006 596 1041 624
apple 985 608 1018 642
apple 1049 591 1088 634
apple 1038 702 1066 719
apple 855 482 909 543
apple 779 480 792 497
apple 771 569 794 595
