apple 127 145 165 180
apple 106 137 134 164
apple 83 112 125 145
apple 68 128 106 163
apple 69 82 93 112
apple 44 69 73 93
apple 45 18 81 53
apple 51 3 72 19
apple 89 24 127 56
apple 88 10 121 28
apple 105 1 131 29
apple 133 91 168 121
apple 219 123 262 159
apple 219 50 242 76
apple 180 21 204 50
apple 225 9 248 30
apple 290 133 328 170
apple 151 464 184 497
apple 172 403 202 433
apple 200 469 232 504
apple 208 427 237 452
apple 228 515 255 542
apple 261 484 290 512
apple 274 534 302 565
apple 242 537 267 560
apple 229 549 256 578
apple 204 555 238 585
apple 217 579 244 606
apple 250 566 279 595
apple 232 600 263 632
apple 257 591 275 611
apple 205 614 234 648
apple 206 651 226 673
apple 173 644 202 676
apple 186 669 211 705
apple 221 701 241 718
apple 290 672 314 697
apple 286 708 314 718
apple 323 663 360 698
apple 319 693 352 714
apple 289 427 313 451
apple 272 392 302 422
apple 203 341 232 356
apple 419 664 440 689
apple 258 317 286 345
apple 274 336 303 363
apple 257 34 274 49
apple 291 216 317 244
apple 255 237 274 263
apple 244 253 261 265
apple 253 294 282 319
apple 262 261 279 287
apple 300 277 322 299
apple 288 313 319 341
apple 361 355 389 384
apple 319 273 346 301
apple 354 92 389 130
apple 398 7 439 48
apple 435 1 474 27
apple 474 81 508 111
apple 456 105 488 137
apple 372 211 412 250
apple 393 240 423 271
apple 451 332 474 358
apple 426 267 459 293
apple 432 367 447 389
apple 439 399 457 416
apple 577 76 601 106
apple 510 359 530 378
apple 463 288 480 309
apple 451 406 469 421
apple 481 447 499 463
apple 518 453 539 474
apple 512 474 538 496
apple 543 499 561 521
apple 588 482 622 516
apple 568 443 587 463
apple 484 549 498 565
apple 470 580 489 605
apple 501 654 516 680
apple 507 613 527 630
apple 597 531 630 562
apple 604 563 621 576
apple 624 555 642 577
apple 593 617 617 639
apple 556 632 596 680
apple 596 642 630 684
apple 610 670 645 715
apple 645 657 668 686
apple 657 598 692 630
apple 691 547 732 592
apple 713 591 741 609
apple 642 441 664 461
apple 673 449 706 481
apple 380 66 399 84
apple 401 123 422 149
apple 746 496 781 534
apple 802 564 835 604
apple 781 484 822 529
apple 854 520 894 561
apple 837 332 861 351
apple 788 374 813 398
apple 762 371 787 393
apple 704 391 743 431
apple 748 284 773 309
apple 724 293 750 319
apple 745 338 762 365
apple 711 328 746 365
apple 688 275 722 311
apple 631 292 668 329
apple 743 188 764 210
apple 778 215 800 244
apple 624 287 646 304
apple 134 12 153 26
apple 10 44 32 64
apple 344 630 373 653
apple 638 0 676 26
apple 432 175 454 203
apple 184 75 209 98
apple 467 1 493 32
apple 360 17 389 45
