apple 538 594 577 635
apple 469 590 507 630
apple 638 537 665 570
apple 709 460 745 492
apple 707 411 740 447
apple 607 165 635 192
apple 564 197 589 226
apple 581 122 609 151
apple 511 141 546 174
apple 544 46 566 69
apple 374 513 412 544
apple 446 457 478 480
apple 562 278 588 304
apple 378 275 404 304
apple 239 181 261 206
apple 187 312 217 340
apple 133 341 160 368
apple 135 434 165 462
apple 182 352 205 379
apple 258 328 289 347
apple 264 356 288 383
apple 236 372 264 399
apple 222 466 253 496
apple 253 456 275 485
apple 212 605 240 632
apple 283 668 307 696
apple 271 626 287 648
apple 253 611 273 634
apple 204 511 233 544
apple 323 470 348 489
apple 504 518 527 545
apple 312 449 334 467
apple 206 354 239 376
apple 227 394 250 411
apple 151 416 171 437
apple 175 577 204 603
apple 549 485 571 509
apple 387 343 409 368
apple 304 303 328 322
apple 206 287 233 314
apple 197 432 232 461
apple 259 491 283 516
apple 603 337 626 360
apple 671 475 701 512
apple 242 339 260 361
apple 222 318 238 335
apple 256 425 286 453
apple 233 411 254 438
apple 371 251 394 276
apple 391 262 404 282
apple 376 2 395 16
apple 237 160 263 183
apple 370 202 392 229
apple 366 225 382 243
apple 574 1 595 15
apple 530 67 544 85
apple 588 152 615 177
apple 637 326 661 346
apple 664 350 680 367
apple 691 340 714 360
apple 703 447 732 472
apple 584 466 604 482
apple 528 529 546 554
apple 490 398 516 415
apple 336 445 359 471
apple 284 482 309 509
apple 401 575 418 604
apple 426 652 471 678
apple 349 699 385 719
apple 317 651 344 673
apple 270 711 292 719
apple 186 559 210 579
apple 165 493 191 517
apple 161 520 178 545
apple 210 376 235 406
apple 433 474 458 499
apple 387 543 420 562
apple 420 545 429 561
apple 570 556 587 578
