apple 241 199 274 230
apple 450 54 476 80
apple 453 80 476 101
apple 540 73 573 106
apple 584 84 608 117
apple 697 71 721 97
apple 690 46 719 70
apple 767 67 784 87
apple 838 53 865 87
apple 550 245 563 261
apple 567 217 592 242
apple 588 280 597 290
apple 529 352 559 377
apple 490 323 513 344
apple 512 312 532 331
apple 495 289 524 306
apple 768 222 778 229
apple 758 416 768 426
apple 699 501 708 506
apple 750 516 759 525
apple 335 446 346 456
apple 401 442 412 460
apple 384 459 394 469
apple 463 545 481 555
apple 395 556 402 563
apple 376 553 384 564
apple 426 527 432 533
apple 417 521 423 527
apple 439 512 448 520
apple 567 11 600 35
apple 360 657 379 678
apple 378 662 386 678
apple 396 685 417 706
apple 401 707 425 719
apple 785 28 824 71
apple 852 298 879 312
apple 828 417 841 436
apple 786 466 809 493
apple 807 665 838 693
apple 737 634 766 660
apple 767 337 788 352
apple 774 690 801 707
apple 675 659 690 674
apple 654 607 671 626
