apple 96 1 125 30
apple 98 30 126 55
apple 127 36 144 61
apple 135 68 156 84
apple 156 28 183 52
apple 169 53 194 80
apple 167 74 186 90
apple 186 40 206 66
apple 206 48 220 67
apple 190 98 211 124
apple 213 90 231 100
apple 267 62 282 87
apple 314 50 344 84
apple 392 45 421 68
apple 433 1 467 31
apple 462 21 493 51
apple 120 151 149 176
apple 157 191 177 212
apple 196 170 217 191
apple 232 158 255 181
apple 256 193 275 210
apple 310 140 333 175
apple 340 130 371 162
apple 384 98 413 121
apple 371 69 385 84
apple 482 69 512 99
apple 624 8 635 16
apple 609 69 639 93
apple 682 62 698 79
apple 747 50 773 70
apple 897 1 926 20
apple 892 110 939 161
apple 728 124 771 167
apple 730 224 756 245
apple 736 275 770 312
apple 829 361 848 384
apple 861 391 883 410
apple 176 217 209 245
apple 110 254 142 290
apple 122 239 149 255
apple 155 269 192 301
apple 156 254 186 270
apple 295 227 316 250
apple 305 185 321 192
apple 329 201 347 223
apple 255 276 271 286
apple 254 254 278 271
apple 296 306 323 329
apple 529 202 558 230
apple 568 175 592 199
apple 632 198 654 210
apple 825 450 845 462
apple 829 463 847 484
apple 749 458 771 483
apple 864 568 883 593
apple 840 564 860 590
apple 108 301 132 323
apple 153 341 184 368
apple 135 356 158 372
apple 171 353 197 373
apple 194 360 227 389
apple 285 382 323 414
apple 357 393 394 430
apple 427 357 443 389
apple 474 340 501 364
apple 480 317 507 342
apple 519 300 557 332
apple 536 364 563 390
apple 440 461 475 497
apple 470 488 487 513
apple 516 510 533 533
apple 570 528 589 547
apple 804 561 829 584
apple 788 610 822 649
apple 779 696 818 719
apple 858 697 876 714
apple 700 666 719 683
apple 695 546 726 570
apple 706 566 736 605
apple 195 697 227 719
apple 247 704 271 718
apple 224 614 252 644
apple 261 534 286 551
apple 318 664 335 684
apple 325 611 347 639
apple 310 489 339 516
apple 315 517 343 538
apple 332 536 351 557
apple 348 511 364 533
apple 357 472 367 491
apple 421 560 443 584
apple 541 577 553 595
apple 547 591 565 606
apple 574 586 592 608
apple 559 630 577 650
apple 565 610 591 632
apple 534 699 553 718
apple 598 641 611 665
apple 769 559 800 579
apple 760 583 775 601
apple 150 227 180 250
apple 285 154 299 172
apple 267 638 286 656
apple 542 232 570 254
apple 551 257 579 293
apple 678 81 710 104
apple 740 99 782 126
apple 921 526 944 545
apple 651 704 675 719
apple 608 709 625 719
apple 513 630 529 647
apple 529 627 542 640
apple 496 542 513 563
apple 457 312 476 330
apple 387 262 404 278
apple 191 262 222 286
