apple 115 1 147 24
apple 137 0 153 12
apple 111 15 140 38
apple 85 15 105 32
apple 71 100 96 127
apple 67 195 103 228
apple 110 143 131 160
apple 104 169 130 190
apple 75 180 100 196
apple 71 246 95 266
apple 112 189 147 209
apple 130 155 163 188
apple 147 114 177 142
apple 140 46 165 71
apple 185 104 208 129
apple 208 135 231 160
apple 233 98 261 123
apple 262 77 298 112
apple 266 1 304 19
apple 291 63 327 97
apple 335 30 362 55
apple 333 55 359 84
apple 278 144 303 174
apple 246 168 274 198
apple 213 198 240 222
apple 209 215 228 234
apple 115 278 146 310
apple 97 289 121 316
apple 111 205 154 237
apple 152 300 185 331
apple 126 299 157 318
apple 251 246 278 276
apple 248 314 290 354
apple 320 323 364 366
apple 285 402 308 418
apple 275 430 308 460
apple 280 456 312 482
apple 229 476 253 489
apple 323 410 343 438
apple 311 451 338 478
apple 299 472 321 499
apple 292 549 319 577
apple 385 498 414 523
apple 387 287 412 320
apple 406 392 443 431
apple 434 423 453 448
apple 191 554 221 587
apple 170 635 203 668
apple 217 700 254 718
apple 217 643 252 672
apple 238 579 257 597
apple 285 611 307 630
apple 291 675 315 698
apple 270 700 299 719
apple 245 689 272 719
apple 246 657 267 680
apple 265 660 281 689
apple 438 232 469 268
apple 438 264 468 284
apple 434 8 457 29
apple 482 108 526 150
apple 519 79 550 118
apple 502 162 525 183
apple 512 187 536 219
apple 478 220 517 258
apple 495 296 525 322
apple 479 454 502 478
apple 534 471 556 489
apple 502 523 522 542
apple 517 537 533 551
apple 488 689 505 711
apple 499 670 523 691
apple 502 641 521 662
apple 535 555 559 578
apple 523 576 546 597
apple 559 592 581 607
apple 616 682 646 716
apple 684 138 713 170
apple 695 194 729 235
apple 679 43 723 88
apple 584 118 613 139
apple 658 473 688 495
apple 668 487 701 527
apple 747 529 784 566
apple 742 611 783 650
apple 708 674 744 719
apple 841 23 889 75
apple 780 299 803 323
apple 786 401 808 424
apple 787 388 802 401
apple 817 324 837 349
apple 708 392 733 406
apple 727 473 765 505
apple 764 481 794 508
apple 798 492 822 521
apple 822 495 844 526
apple 758 648 781 670
apple 769 685 790 717
apple 818 622 844 643
apple 72 0 94 9
apple 59 84 80 100
apple 58 130 68 145
apple 256 129 275 143
apple 317 1 339 20
apple 347 209 366 231
apple 420 240 438 254
apple 627 1 665 30
apple 692 15 717 45
apple 629 591 642 612
apple 665 588 673 604
apple 822 688 844 705
apple 480 582 494 599
apple 493 580 510 594
apple 553 653 572 676
apple 417 703 436 719
apple 434 697 446 708
apple 92 259 115 273
