apple 0.9995158 278 179 310 212
apple 0.99944645 651 705 698 746
apple 0.9994185 565 236 600 271
apple 0.9993449 334 415 364 443
apple 0.9992847 375 172 413 209
apple 0.9991811 431 176 464 209
apple 0.9991604 474 441 497 465
apple 0.99914384 279 141 309 178
apple 0.9988978 9 778 51 815
apple 0.99870837 113 510 137 534
apple 0.99868244 457 427 481 451
apple 0.99854004 288 95 317 123
apple 0.9983329 580 272 610 305
apple 0.998317 101 554 130 579
apple 0.9982748 353 160 381 194
apple 0.9981211 233 256 262 286
apple 0.9979742 287 213 316 239
apple 0.9979134 532 244 564 274
apple 0.99747723 459 189 493 222
apple 0.99733114 518 177 547 208
apple 0.9971258 471 544 498 573
apple 0.99698156 239 639 273 674
apple 0.99679166 355 464 389 499
apple 0.9962393 435 833 471 870
apple 0.99623483 389 412 418 435
apple 0.995488 537 206 566 234
apple 0.99542797 269 247 293 271
apple 0.99506855 438 426 460 448
apple 0.99389255 438 547 465 574
apple 0.9937577 451 447 472 469
apple 0.9935574 243 675 265 700
apple 0.99339914 267 93 289 120
apple 0.99322826 426 130 454 160
apple 0.993159 310 56 343 89
apple 0.9927013 232 705 271 738
apple 0.992282 363 596 389 616
apple 0.99089843 613 276 642 299
apple 0.9889693 341 129 373 161
apple 0.98865116 555 266 583 292
apple 0.9879183 403 218 424 245
apple 0.9842008 373 281 402 309
apple 0.9833249 340 500 367 520
apple 0.9833212 240 516 263 537
apple 0.9819374 694 546 712 563
apple 0.980785 641 597 654 622
apple 0.9799243 312 142 340 165
apple 0.97990763 468 386 493 409
apple 0.979456 255 757 289 791
apple 0.9762607 89 497 106 512
apple 0.97274333 585 214 604 237
