apple 0.9996873 571 501 609 539
apple 0.99952304 577 212 617 249
apple 0.9994305 503 882 548 923
apple 0.99940753 530 269 570 310
apple 0.9990689 478 843 522 888
apple 0.9989833 563 244 596 277
apple 0.99860126 448 671 480 707
apple 0.99782604 481 680 512 710
apple 0.99760914 630 558 670 598
apple 0.9975399 533 539 565 569
apple 0.99732816 645 467 679 495
apple 0.9970804 178 748 210 782
apple 0.9966486 654 356 685 381
apple 0.996009 662 713 706 747
apple 0.9956867 525 243 561 270
apple 0.9956762 579 337 610 374
apple 0.99536985 665 641 695 675
apple 0.9942508 641 661 671 690
apple 0.9942153 179 782 213 814
apple 0.9941146 674 452 701 476
apple 0.9918791 597 70 624 113
apple 0.9916856 692 469 716 494
apple 0.98994315 544 352 577 382
apple 0.9860324 664 213 704 244
apple 0.98548037 417 464 434 489
apple 0.98336434 663 430 695 453
apple 0.98263896 147 784 179 809
apple 0.9818574 395 897 424 924
apple 0.9791804 496 378 523 400
apple 0.97603434 542 30 562 46
apple 0.9738158 704 606 719 637
apple 0.95821685 558 314 585 335
apple 0.951452 515 335 535 354
apple 0.9105912 567 273 589 304
apple 0.90213984 583 266 614 300
apple 0.89408857 657 180 679 199
apple 0.887601 114 423 125 439
apple 0.85552377 543 0 561 17
apple 0.8424959 74 370 85 385
apple 0.83351284 524 511 544 523
apple 0.8098674 482 588 521 617
apple 0.72680026 650 384 691 417
apple 0.61824226 688 857 715 877
apple 0.542989 500 586 536 617
apple 0.50916916 525 588 537 601
apple 0.36745372 626 481 634 493
apple 0.23835182 587 267 611 288
apple 0.23432285 235 707 247 720
apple 0.21767534 564 253 597 301
apple 0.17549233 542 17 565 48
