apple 0.9998116 644 703 692 748
apple 0.999688 600 610 634 640
apple 0.9996737 185 238 222 277
apple 0.9996402 630 874 670 910
apple 0.9995453 475 721 515 760
apple 0.9995122 273 393 310 430
apple 0.9993986 554 600 586 630
apple 0.9993956 405 727 440 762
apple 0.99935263 593 216 621 246
apple 0.9992009 598 796 643 840
apple 0.99902666 198 311 237 347
apple 0.9989648 365 649 401 682
apple 0.9989285 326 267 354 295
apple 0.9989042 611 763 645 795
apple 0.99882585 77 461 113 501
apple 0.99867034 190 144 219 177
apple 0.99863166 446 188 476 216
apple 0.9985025 352 708 380 741
apple 0.99826163 354 271 379 298
apple 0.9979615 480 522 501 544
apple 0.99794954 40 120 70 149
apple 0.9977629 456 525 479 547
apple 0.9973085 8 662 40 691
apple 0.9971949 441 286 467 311
apple 0.9969047 75 104 110 141
apple 0.9968761 395 378 420 402
apple 0.9966113 349 304 374 328
apple 0.9966035 515 164 547 197
apple 0.99656004 70 234 98 260
apple 0.99643874 69 670 105 706
apple 0.9962697 8 171 32 195
apple 0.99574983 571 285 596 311
apple 0.99543387 551 239 576 267
apple 0.99523324 542 686 577 724
apple 0.99513334 65 59 102 94
apple 0.9951043 8 61 32 86
apple 0.9948211 642 252 667 277
apple 0.9947168 310 313 332 335
apple 0.9944872 91 423 127 460
apple 0.9944464 361 466 385 488
apple 0.99357754 499 511 520 533
apple 0.9933468 212 761 236 783
apple 0.9931565 293 276 316 302
apple 0.99195284 354 642 373 665
apple 0.991831 406 798 432 822
apple 0.99181414 585 241 612 265
apple 0.9917891 689 675 718 704
apple 0.9912634 40 194 62 217
apple 0.99018806 158 375 192 403
apple 0.98869777 615 230 638 256
