apple 0.9997092 394 405 430 442
apple 0.9995277 528 748 565 784
apple 0.99951327 156 129 185 161
apple 0.9994785 430 275 458 305
apple 0.9994624 313 246 350 286
apple 0.99940646 608 742 648 781
apple 0.9992507 61 291 97 324
apple 0.9990884 458 279 482 307
apple 0.9990594 323 319 364 359
apple 0.9988336 487 667 524 700
apple 0.9988225 634 168 667 202
apple 0.9988036 682 615 715 646
apple 0.9985329 223 476 256 517
apple 0.9985115 22 840 72 884
apple 0.99834263 40 680 87 721
apple 0.998302 301 152 331 186
apple 0.9978836 101 71 125 96
apple 0.99784493 475 728 503 762
apple 0.99778444 675 706 717 744
apple 0.99777514 553 534 577 556
apple 0.99761117 451 312 478 335
apple 0.99741805 555 192 586 219
apple 0.9969574 689 246 716 269
apple 0.9965977 139 683 170 712
apple 0.9965739 549 292 576 317
apple 0.9964855 499 819 524 842
apple 0.9964133 400 785 422 807
apple 0.9963581 497 387 523 412
apple 0.99609995 479 763 505 790
apple 0.99604416 638 216 670 250
apple 0.9953419 472 660 493 685
apple 0.9950087 72 261 109 292
apple 0.9949427 197 692 234 727
apple 0.99490815 104 183 128 207
apple 0.9946121 193 65 227 101
apple 0.9944132 203 112 237 148
apple 0.99398005 453 477 477 501
apple 0.9939381 144 278 168 301
apple 0.993749 233 438 267 469
apple 0.9937038 293 496 323 525
apple 0.99363047 1 265 17 298
apple 0.99336904 575 523 596 546
apple 0.993269 107 485 150 521
apple 0.99321586 169 246 195 272
apple 0.99261063 1 114 26 141
apple 0.9915746 75 514 120 550
apple 0.9913839 673 292 697 317
apple 0.9905358 136 206 157 227
apple 0.9903977 246 251 275 280
apple 0.9900233 300 781 322 803
