orange 0.734375 406 394 444 432
orange 0.647949 746 527 786 566
orange 0.625488 745 608 782 649
orange 0.604004 248 314 290 351
apple 0.507812 292 61 326 100
orange 0.469238 478 454 501 480
orange 0.447754 168 632 203 668
orange 0.409668 615 682 646 718
orange 0.403320 840 21 888 78
apple 0.389648 842 21 888 78
orange 0.384277 321 324 363 363
orange 0.376465 666 488 704 526
apple 0.358154 476 224 519 257
apple 0.356689 71 100 97 126
apple 0.349609 112 195 149 238
orange 0.342041 388 497 412 523
orange 0.342041 275 430 306 459
apple 0.330811 680 39 724 87
orange 0.329590 730 478 760 504
apple 0.320557 496 294 526 323
apple 0.313477 192 554 222 588
apple 0.299805 682 138 712 171
orange 0.297119 782 299 804 322
apple 0.282227 168 633 203 667
orange 0.275635 764 482 790 506
orange 0.271240 981 610 1006 632
orange 0.270508 534 550 558 578