apple 0.847656 313 614 361 662
apple 0.812012 1121 418 1171 468
apple 0.794922 34 493 83 534
apple 0.794922 286 310 320 348
apple 0.791992 688 441 738 486
apple 0.789551 258 391 301 427
apple 0.768066 372 500 422 548
apple 0.754395 148 405 206 448
apple 0.750977 326 277 360 311
apple 0.724121 1236 666 1278 708
apple 0.719727 987 568 1027 614
apple 0.681152 471 332 507 368
apple 0.642090 370 301 409 334
apple 0.630859 607 594 648 636
apple 0.621582 612 539 648 588
apple 0.617188 1068 191 1110 246
apple 0.608398 908 238 976 314
apple 0.606445 219 446 251 479
apple 0.583984 494 256 536 291
apple 0.583008 976 210 1020 239
apple 0.577637 78 490 118 522
apple 0.569824 476 531 508 569
apple 0.543945 474 276 509 312
apple 0.536621 713 586 755 623
apple 0.527344 1250 510 1280 552
apple 0.525391 411 299 444 332
apple 0.521973 757 632 799 676
apple 0.520020 707 213 746 249
apple 0.505859 954 414 996 452
apple 0.478516 572 314 604 349
apple 0.451660 1182 253 1220 289
apple 0.449951 1167 367 1209 401
apple 0.446045 388 346 418 367
apple 0.442627 937 202 971 238
apple 0.439453 808 220 838 254
apple 0.419434 914 530 944 556
apple 0.400146 1022 124 1088 190
apple 0.388916 712 291 745 324
apple 0.312012 334 514 363 542
apple 0.306152 745 332 773 374
apple 0.300049 722 588 786 636
apple 0.264893 734 556 762 584