apple 0.609375 801 575 848 631
orange 0.608398 528 375 554 402
orange 0.602539 842 360 906 425
orange 0.583984 744 125 768 152
orange 0.547852 560 46 584 72
apple 0.517578 843 360 906 425
orange 0.511719 512 121 536 147
orange 0.497314 463 128 491 160
orange 0.494385 657 291 684 317
orange 0.449219 288 573 317 602
apple 0.427979 928 455 962 494
orange 0.424072 718 75 742 97
orange 0.415527 498 450 518 472
orange 0.400391 739 91 762 115
orange 0.385742 460 266 480 288
orange 0.382080 474 61 496 85
orange 0.378174 456 409 483 435
orange 0.377441 432 44 457 70
orange 0.373779 344 381 368 403
orange 0.359863 284 0 313 17
orange 0.355713 618 50 642 72
apple 0.345215 271 679 298 710
orange 0.339844 760 526 805 569
orange 0.339111 380 319 404 343
orange 0.320557 377 524 406 550
orange 0.315186 658 102 684 126
orange 0.313965 414 223 439 246
orange 0.304199 322 633 345 661
orange 0.301758 461 159 488 184
apple 0.274414 760 526 804 569
apple 0.260742 36 670 72 702