apple 0.850586 1047 334 1117 400
apple 0.793945 931 60 985 110
apple 0.779785 670 170 710 210
apple 0.745117 258 148 308 197
apple 0.736328 553 362 590 398
apple 0.670410 1049 548 1097 593
apple 0.660156 608 34 652 80
apple 0.658691 783 258 846 328
apple 0.658203 552 36 598 83
apple 0.639648 0 80 40 122
apple 0.606445 1014 488 1060 532
apple 0.602539 1062 278 1110 332
orange 0.600586 553 362 590 398
apple 0.591309 965 220 1012 268
apple 0.583008 824 29 862 68
apple 0.568848 484 290 520 326
apple 0.526855 740 20 780 63
apple 0.502441 373 67 421 118
apple 0.495605 32 661 64 696
apple 0.468018 79 210 106 235
apple 0.461182 854 479 920 544
apple 0.440674 38 100 76 133
apple 0.425781 100 103 136 141
apple 0.404297 329 618 354 638
apple 0.367432 170 609 200 646
apple 0.362061 510 0 564 32
apple 0.357178 992 613 1020 645
apple 0.338867 278 534 308 566
apple 0.322754 564 614 586 634