apple 0.753418 329 320 373 359
apple 0.728027 338 506 373 532
apple 0.719727 659 424 701 462
apple 0.690430 530 466 568 504
apple 0.647461 277 348 314 384
apple 0.637207 558 316 594 352
apple 0.634766 140 378 178 413
apple 0.604980 527 403 555 436
apple 0.578125 514 183 544 209
apple 0.568848 924 167 974 248
apple 0.568848 590 289 626 324
apple 0.532715 719 186 760 250
apple 0.528320 596 456 631 496
apple 0.526855 844 251 878 286
apple 0.453857 672 467 708 498
apple 0.399902 419 438 461 478
apple 0.371094 720 187 756 218
apple 0.333984 310 350 342 382
apple 0.322021 891 143 933 180
apple 0.313232 304 320 329 352
apple 0.261719 291 446 313 469