apple 0.640137 239 200 272 229
apple 0.636719 530 350 562 380
apple 0.540039 566 214 598 244
apple 0.534668 540 72 574 106
apple 0.529785 832 51 866 87
apple 0.503418 445 53 477 105
apple 0.421143 490 322 515 346
apple 0.394775 394 688 418 708
apple 0.380859 960 41 990 72
orange 0.376221 1022 422 1046 448
apple 0.347412 996 327 1027 356
apple 0.317871 980 346 1014 378
apple 0.317627 382 457 398 471
apple 0.271729 912 39 932 61
apple 0.267822 400 441 416 461
orange 0.265381 1020 542 1045 568
apple 0.256592 402 707 424 720