apple 0.761719 702 463 732 492
apple 0.732910 456 183 487 216
apple 0.728027 386 136 420 169
apple 0.710938 394 166 431 201
apple 0.707031 668 60 712 101
apple 0.702637 650 86 684 127
apple 0.682617 558 230 590 261
apple 0.647461 353 204 375 226
apple 0.645020 350 25 372 51
apple 0.642578 765 658 801 696
apple 0.641113 690 120 736 163
apple 0.595703 397 356 429 384
apple 0.560059 644 266 675 292
apple 0.494141 955 689 988 719
apple 0.431396 914 486 940 512
apple 0.418701 1034 315 1064 345
apple 0.416992 1113 82 1159 122
apple 0.407471 378 220 402 246
apple 0.383057 1079 40 1121 84
apple 0.377441 557 261 583 287
apple 0.370361 314 358 344 378
apple 0.333496 791 534 819 567
apple 0.319092 1102 344 1136 379
apple 0.303955 1120 480 1156 516
apple 0.302979 554 552 568 572
apple 0.300293 310 1 326 15
apple 0.300293 726 18 768 39
apple 0.296143 1064 337 1108 372
apple 0.295166 820 354 844 378
apple 0.292725 906 524 929 546
apple 0.263916 840 675 862 698
apple 0.259766 1037 246 1079 297