apple 0.813965 354 385 401 426
apple 0.752441 372 654 417 688
apple 0.725098 624 624 662 658
apple 0.696777 932 387 968 423
apple 0.675293 613 585 654 627
apple 0.657227 868 293 899 327
apple 0.650391 854 680 886 713
apple 0.646973 430 686 469 720
apple 0.620117 715 594 761 638
apple 0.615234 890 592 921 626
apple 0.598633 748 556 774 592
apple 0.597656 852 564 880 592
orange 0.566406 1048 614 1070 639
apple 0.547852 425 629 464 666
orange 0.390625 1082 584 1106 610
orange 0.382568 995 536 1021 560
orange 0.381836 990 672 1015 700
apple 0.361816 568 616 598 640
orange 0.361328 948 685 970 709
apple 0.344238 808 175 836 200
apple 0.317627 638 570 668 592
apple 0.309570 990 672 1015 700
apple 0.284912 820 568 842 592