apple 0.692871 766 656 810 702
apple 0.649902 580 556 617 589
orange 0.599121 958 228 990 259
apple 0.592285 822 412 860 444
apple 0.562500 1050 496 1086 533
orange 0.560059 980 403 1012 435
apple 0.529785 692 514 722 550
orange 0.513184 1045 380 1081 414
apple 0.493652 559 493 593 519
orange 0.484619 972 135 1006 170
apple 0.461426 980 403 1012 435
orange 0.461426 1058 290 1092 325
orange 0.445312 530 528 554 552
apple 0.390381 612 568 642 608
orange 0.375488 989 53 1019 84
apple 0.356934 588 641 620 664
apple 0.353516 530 528 554 553
apple 0.348877 1082 518 1116 556
orange 0.326660 1173 534 1219 576