apple 0.867188 302 604 350 652
apple 0.832031 675 422 724 468
apple 0.819336 272 298 307 337
apple 0.796387 998 110 1064 173
apple 0.789551 1100 401 1150 450
apple 0.784180 1219 650 1263 692
apple 0.782715 362 488 410 534
apple 0.777832 312 264 345 298
apple 0.769531 23 484 71 523
apple 0.759766 134 394 195 439
apple 0.733887 970 550 1014 596
apple 0.717285 246 380 291 415
apple 0.675781 1047 171 1091 231
apple 0.661621 890 221 952 300
apple 0.658203 67 480 109 512
apple 0.626953 457 320 495 354
apple 0.625488 596 586 639 630
apple 0.623535 938 401 980 440
apple 0.623535 358 288 397 323
apple 0.622559 956 192 1000 223
apple 0.605469 899 512 935 544
apple 0.603516 458 264 495 302
apple 0.596680 1235 494 1277 534
apple 0.594238 598 520 636 578
apple 0.580566 792 207 820 240
apple 0.577637 916 184 952 221
apple 0.555664 744 624 788 664
apple 0.545410 690 198 731 236
apple 0.542969 696 278 730 310
apple 0.532715 556 297 592 337
apple 0.520508 479 242 520 279
apple 0.488281 324 502 351 528
apple 0.480713 700 574 776 624
apple 0.469971 206 438 236 468
apple 0.468994 396 286 432 322
apple 0.428467 701 534 751 572
apple 0.383057 1164 239 1198 274
apple 0.373535 763 288 795 326
apple 0.364258 728 321 764 364
apple 0.346680 593 620 626 650
apple 0.340576 654 684 702 720
apple 0.322754 225 419 255 455
apple 0.307373 870 672 902 704
apple 0.303711 1145 350 1187 386
apple 0.288086 470 514 502 543
apple 0.281738 465 248 509 298
apple 0.274658 428 451 454 477