apple 0.826172 86 568 133 606
apple 0.806152 387 368 426 412
apple 0.799805 596 54 646 106
apple 0.781738 370 679 414 720
apple 0.773926 210 507 258 550
apple 0.736816 430 632 479 688
apple 0.723633 929 276 982 341
apple 0.723633 406 608 442 648
apple 0.715820 938 30 978 74
apple 0.708984 243 624 286 666
apple 0.669434 616 538 654 582
apple 0.664062 417 317 450 358
apple 0.654297 604 416 640 453
apple 0.638184 167 580 211 622
apple 0.632812 1208 272 1250 314
apple 0.624023 555 584 596 626
apple 0.601562 830 126 864 159
apple 0.591309 730 496 762 540
apple 0.577637 580 621 619 668
apple 0.577148 970 67 1006 104
apple 0.564941 288 499 326 538
apple 0.538574 1235 307 1273 342
apple 0.534180 347 612 374 652
apple 0.512207 972 0 1016 21
apple 0.511719 1032 602 1078 642
apple 0.493164 922 453 954 491
apple 0.483887 1171 303 1205 340
apple 0.478271 1096 258 1128 292
apple 0.471924 1179 642 1211 678
apple 0.469727 547 667 576 694
apple 0.465820 129 566 162 593
apple 0.456787 1216 432 1252 465
apple 0.446533 816 395 848 426
apple 0.371826 978 348 1008 382
apple 0.370117 298 534 340 572
apple 0.358643 756 564 782 592
apple 0.343994 674 234 689 248
apple 0.336914 610 146 626 163
apple 0.335449 1046 562 1086 609
apple 0.323242 1182 203 1214 239
apple 0.302979 1144 10 1180 44
apple 0.280273 1227 660 1267 698
apple 0.274658 598 286 616 306
apple 0.269775 249 598 284 630
apple 0.264404 1134 39 1168 71