orange 0.716309 796 626 834 664
orange 0.701172 378 586 412 620
orange 0.695801 352 570 386 606
orange 0.692871 429 238 455 264
orange 0.665527 190 546 224 576
orange 0.615234 619 11 643 35
orange 0.576660 450 606 474 632
orange 0.569336 507 393 530 419
orange 0.535645 1027 23 1057 47
orange 0.510742 716 77 744 112
orange 0.507324 778 262 798 283
orange 0.494385 379 560 407 588
orange 0.428467 726 54 754 75
orange 0.403809 427 675 455 700
orange 0.386963 336 617 364 643
orange 0.360107 355 576 402 614
orange 0.358643 559 22 580 46
orange 0.307129 1025 663 1057 696
orange 0.306396 446 439 469 455
orange 0.298340 536 195 555 216
orange 0.297852 714 610 740 638
orange 0.259521 486 79 498 101