apple 0.755371 236 209 281 247
apple 0.746582 115 265 167 310
apple 0.741699 506 690 548 718
apple 0.725586 180 214 222 260
apple 0.725098 506 147 546 184
apple 0.711426 795 633 835 669
apple 0.668457 339 292 375 326
apple 0.659668 207 142 249 180
apple 0.625000 378 142 417 185
apple 0.620605 211 176 245 204
apple 0.613770 417 326 446 356
apple 0.580566 823 30 863 68
apple 0.574219 243 125 276 153
apple 0.551270 578 0 622 30
apple 0.520996 558 285 592 317
apple 0.503906 920 392 964 432
apple 0.497314 258 310 283 343
apple 0.484375 524 301 558 334
apple 0.482910 423 353 453 386
apple 0.440918 276 467 299 487
apple 0.418701 930 486 958 512
apple 0.404297 547 165 580 194
apple 0.402344 874 478 900 504
apple 0.401855 320 168 355 207
apple 0.382568 1049 69 1085 107
apple 0.334961 1127 149 1161 183
apple 0.304688 890 310 918 338
apple 0.301758 921 280 952 310
apple 0.293945 986 121 1014 151
orange 0.293213 860 314 884 333
apple 0.260986 956 642 982 670
apple 0.253906 278 41 304 68
apple 0.253662 918 94 946 120