apple 347 248 381 285
apple 201 452 223 479
apple 225 462 251 479
apple 215 545 245 576
apple 223 588 252 615
apple 117 575 134 590
apple 186 693 206 722
apple 42 693 70 713
apple 66 676 87 695
apple 210 770 234 796
apple 171 782 210 820
apple 191 836 222 866
apple 347 576 379 604
apple 495 541 525 575
apple 460 502 482 524
apple 641 717 656 728
apple 562 848 585 871
apple 158 568 181 596
apple 384 554 402 575
apple 429 505 446 532
apple 443 522 471 540
apple 73 638 90 673
apple 205 697 245 723
apple 341 942 376 962
apple 447 867 457 889
apple 478 790 490 805
apple 610 806 637 827
apple 624 841 654 874
apple 657 841 682 859
apple 663 863 684 890
