apple 306 177 344 214
apple 265 204 303 233
apple 271 170 294 198
apple 293 243 323 271
apple 26 299 51 327
apple 85 355 111 385
apple 27 451 56 481
apple 18 509 53 540
apple 38 428 62 443
apple 82 464 100 484
apple 88 481 111 508
apple 76 510 102 536
apple 103 506 122 517
apple 97 532 124 557
apple 99 585 128 611
apple 47 686 59 704
apple 70 708 91 728
apple 129 875 146 904
apple 105 898 116 917
apple 423 272 444 298
apple 433 360 459 392
apple 458 369 489 399
apple 424 661 458 692
apple 47 533 59 549
apple 702 913 717 937
apple 242 950 275 988
apple 132 991 160 1023
apple 180 988 188 1002
apple 223 894 243 905
apple 302 211 330 232
apple 19 265 35 281
apple 0 347 9 359
apple 56 490 78 515
apple 1 531 18 555
apple 78 597 101 622
apple 30 691 45 708
apple 3 656 41 692
apple 14 689 31 707
apple 2 706 27 722
apple 2 817 17 829
apple 118 996 138 1023
