apple 0 63 16 93
apple 0 106 23 137
apple 38 67 62 90
apple 58 85 75 105
apple 108 83 125 110
apple 85 106 110 133
apple 106 117 131 145
apple 118 142 145 170
apple 4 200 23 213
apple 1 242 8 260
apple 30 234 50 254
apple 90 231 124 267
apple 104 305 138 335
apple 68 367 97 400
apple 1 414 21 443
apple 107 409 127 423
apple 38 392 51 407
apple 66 587 93 610
apple 59 485 88 511
apple 83 463 110 494
apple 1 656 6 678
apple 192 295 217 318
apple 185 380 219 415
apple 216 404 241 420
apple 165 665 175 673
apple 178 746 199 764
apple 205 777 226 796
apple 269 632 301 658
apple 251 689 282 714
apple 266 722 291 742
apple 270 747 291 765
apple 302 708 335 736
apple 322 740 345 758
apple 210 257 233 274
apple 236 265 258 285
apple 261 253 288 282
apple 291 259 309 286
apple 246 324 269 334
apple 286 290 309 316
apple 314 275 329 296
apple 310 207 325 224
apple 369 172 393 198
apple 427 147 455 173
apple 444 192 463 224
apple 361 270 386 292
apple 403 284 420 307
apple 326 362 350 381
apple 312 451 330 470
apple 352 430 365 443
apple 337 507 352 522
apple 390 449 400 457
apple 379 435 394 443
apple 428 474 440 490
apple 433 510 450 527
apple 452 506 475 527
apple 359 781 379 799
apple 362 699 397 731
apple 416 664 445 692
apple 453 258 474 280
apple 478 215 503 245
apple 483 844 519 875
apple 450 766 486 806
apple 461 733 491 765
apple 508 676 547 716
apple 559 647 585 673
apple 533 786 560 810
apple 556 700 583 725
apple 620 712 630 721
apple 629 629 654 650
apple 447 577 476 610
apple 497 585 527 613
apple 482 533 491 545
apple 556 456 576 473
apple 625 490 634 500
apple 590 543 615 581
apple 626 591 658 621
apple 501 265 523 285
apple 504 236 524 255
apple 513 217 538 236
apple 517 193 543 221
apple 543 206 562 230
apple 530 241 555 267
apple 566 226 589 254
apple 576 191 602 216
apple 606 160 629 191
apple 627 177 657 199
apple 630 281 648 295
apple 664 275 686 305
apple 620 309 651 342
apple 647 305 666 333
apple 684 337 708 357
apple 686 359 706 378
apple 692 378 710 399
apple 710 379 718 396
apple 633 404 650 420
apple 625 366 639 380
apple 54 193 77 216
apple 260 341 278 356
apple 248 300 269 325
apple 609 192 631 214
apple 657 213 673 226
apple 394 205 411 233
apple 591 330 609 349
apple 317 832 336 855
apple 596 580 610 607
apple 536 611 556 625
apple 543 585 557 607
apple 241 429 267 458
apple 231 421 252 446
apple 460 661 483 679
apple 156 440 173 460
