apple 230 26 275 73
apple 213 65 257 107
apple 287 94 325 137
apple 278 151 312 185
apple 215 203 255 244
apple 252 251 295 295
apple 220 269 259 311
apple 122 172 158 204
apple 83 187 122 222
apple 131 221 153 253
apple 146 232 169 255
apple 51 266 85 302
apple 72 320 108 355
apple 98 328 119 348
apple 168 298 198 334
apple 194 342 213 362
apple 162 344 179 366
apple 83 371 124 412
apple 151 392 175 421
apple 191 393 217 422
apple 163 412 187 438
apple 224 416 256 448
apple 349 391 376 414
apple 473 402 507 436
apple 503 406 536 441
apple 315 484 337 509
apple 519 501 550 532
apple 54 463 79 498
apple 81 476 105 498
apple 35 517 62 554
apple 214 548 250 579
apple 397 620 417 650
apple 318 609 354 635
apple 193 605 223 637
apple 226 613 253 644
apple 240 642 271 678
apple 305 629 335 662
apple 286 687 303 711
apple 260 692 278 718
apple 120 898 164 946
apple 246 881 268 913
apple 327 893 349 916
apple 552 894 598 939
apple 526 831 553 853
apple 525 867 565 913
apple 30 1043 66 1074
apple 357 1069 393 1101
apple 221 729 243 758
apple 26 531 47 555
apple 6 528 32 554
apple 5 365 35 397
apple 370 621 403 657
apple 275 724 314 768
apple 277 430 298 456
apple 271 419 294 440
apple 293 417 328 450
apple 256 447 298 492
apple 256 385 291 423
apple 104 503 121 515
apple 23 467 58 514
apple 125 776 150 803
apple 526 914 558 945
