orange 0.722168 558 504 594 540
orange 0.644043 488 498 528 534
orange 0.633789 175 326 202 354
orange 0.623047 720 398 756 430
orange 0.623047 584 189 608 217
orange 0.620117 399 460 437 493
orange 0.614258 536 112 564 138
orange 0.606934 626 163 652 190
orange 0.577637 274 172 304 209
orange 0.563965 713 343 750 381
orange 0.549316 820 404 840 424
orange 0.534180 596 115 624 142
orange 0.521484 226 292 254 320
orange 0.481201 685 430 712 455
orange 0.458740 654 486 678 518
orange 0.442627 802 442 822 464
orange 0.424561 220 336 241 360
orange 0.395264 338 280 360 301
orange 0.378662 237 470 271 504
orange 0.374023 474 432 500 454
orange 0.364014 912 372 930 388
orange 0.347900 256 419 286 448
orange 0.345215 240 566 268 596
orange 0.331299 718 381 744 406
orange 0.324951 979 429 1002 450
orange 0.320801 406 35 426 56
orange 0.316406 602 435 622 452
orange 0.315430 291 305 316 328
orange 0.307617 204 543 235 568
orange 0.295654 872 490 896 510
orange 0.287354 306 618 333 644