apple 0.777832 748 171 784 212
apple 0.700195 788 114 828 156
apple 0.676758 648 116 695 172
apple 0.668457 932 65 966 97
apple 0.663086 574 40 608 81
apple 0.615234 610 118 644 156
apple 0.568359 822 216 864 248
apple 0.544922 834 16 858 49
apple 0.544434 710 550 734 581
apple 0.476318 527 592 571 644
apple 0.413818 690 51 708 73
apple 0.362549 749 490 775 520
apple 0.342285 859 235 892 274
apple 0.336914 140 363 162 382
apple 0.333984 766 56 796 93
apple 0.305420 457 502 471 518
apple 0.301025 501 86 527 112
apple 0.293701 342 276 360 296
apple 0.291016 742 674 784 720
apple 0.288818 928 29 964 58
apple 0.273193 823 162 851 193
apple 0.272705 378 258 400 280
orange 0.255859 388 498 407 518
apple 0.255127 379 141 401 162