orange 0.737793 201 450 243 494
orange 0.645508 858 308 886 340
orange 0.625000 762 100 804 145
apple 0.600586 798 306 840 344
apple 0.552734 234 548 274 592
orange 0.549805 377 417 414 458
apple 0.541992 308 132 342 176
apple 0.536133 38 358 74 396
orange 0.535156 800 308 840 342
apple 0.522949 293 34 335 76
apple 0.498291 51 25 94 63
apple 0.494873 240 67 280 108
apple 0.489746 0 27 26 60
apple 0.485840 44 618 88 664
apple 0.467773 704 643 756 690
orange 0.457031 796 150 834 189
orange 0.442383 902 113 941 151
apple 0.413818 902 113 942 152
apple 0.388672 0 464 24 492
apple 0.378418 147 138 195 179
apple 0.368408 166 244 194 271
apple 0.365234 25 330 61 364
apple 0.360107 90 665 129 709
apple 0.359863 762 100 804 144
apple 0.356689 706 97 742 133
apple 0.334229 798 150 834 189
apple 0.322021 343 403 384 438
orange 0.314453 704 643 756 690
apple 0.306152 3 249 41 283
apple 0.305664 139 635 170 667
orange 0.300293 405 458 438 485
apple 0.296387 122 477 150 503
apple 0.279053 80 479 113 512
apple 0.272217 145 19 183 59