apple 0.729492 137 172 199 230
orange 0.696289 69 202 143 262
orange 0.639160 268 16 322 71
orange 0.591309 330 651 370 692
apple 0.583008 148 77 207 129
orange 0.557617 564 218 605 260
orange 0.501465 396 57 437 98
orange 0.478027 634 668 662 698
orange 0.457520 526 687 556 720
orange 0.456787 335 540 373 580
orange 0.447021 386 586 424 624
orange 0.441650 480 656 510 686
orange 0.434082 588 263 624 298
orange 0.414307 355 355 400 392
orange 0.382324 366 504 408 544
orange 0.365479 281 475 320 512
orange 0.356689 412 402 455 448
orange 0.344482 702 682 733 713
orange 0.336182 350 209 385 244
orange 0.328125 413 480 453 516
orange 0.325439 362 404 404 446
apple 0.319092 69 201 144 262
orange 0.307617 1198 373 1220 390
orange 0.288086 273 1 322 17
orange 0.279541 1 67 27 92
orange 0.272705 35 36 64 66
orange 0.254883 414 644 438 668