apple 0.834961 899 195 952 247
apple 0.788574 31 298 76 337
apple 0.749512 287 160 329 198
apple 0.739258 176 204 212 237
apple 0.734375 812 505 852 545
apple 0.709473 858 513 899 550
apple 0.698730 394 153 435 190
apple 0.669922 330 233 372 270
apple 0.640625 583 306 619 339
apple 0.640137 300 193 337 224
apple 0.633789 592 195 635 226
apple 0.621094 710 362 747 395
apple 0.598633 1205 170 1245 215
apple 0.591797 526 364 564 397
apple 0.536621 284 274 324 320
apple 0.524902 234 145 266 177
apple 0.524414 922 394 951 424
apple 0.494873 488 220 534 257
apple 0.489746 580 165 606 188
apple 0.474854 902 328 931 359
apple 0.471436 1055 50 1091 89
apple 0.468506 287 255 326 290
apple 0.455811 184 258 218 276
apple 0.449951 184 233 216 259
apple 0.437012 719 335 746 362
apple 0.416016 566 193 596 216
apple 0.405273 480 168 508 195
apple 0.391113 698 664 726 699
apple 0.368896 991 680 1025 708
apple 0.363281 581 29 616 70
apple 0.361328 860 659 898 705
apple 0.347168 552 346 583 378
apple 0.346191 914 533 948 561
apple 0.333984 1008 522 1040 556
apple 0.318115 608 680 634 714
apple 0.314697 938 346 959 368
apple 0.312744 940 664 972 692
apple 0.311768 327 35 348 57
apple 0.291992 974 440 1002 467
apple 0.272461 372 55 390 73
apple 0.265869 770 623 794 650
apple 0.265625 673 660 700 694