orange 0.688477 796 598 840 643
orange 0.662109 393 272 433 311
orange 0.647949 722 475 760 515
orange 0.638184 238 186 280 223
orange 0.588379 874 630 910 670
orange 0.578125 728 403 764 441
orange 0.572754 704 644 748 692
orange 0.482178 466 362 489 386
orange 0.470947 762 611 796 647
orange 0.465088 105 66 142 112
orange 0.460449 601 554 631 588
orange 0.455078 708 354 740 382
orange 0.438477 688 544 725 576
orange 0.411865 650 366 684 402
orange 0.373291 311 197 351 237
apple 0.342041 462 80 503 115
orange 0.337891 163 516 199 549
orange 0.334473 610 600 642 636
orange 0.303467 235 70 261 97
orange 0.297852 286 440 313 470
apple 0.286377 670 67 708 107
orange 0.282959 462 81 502 116
orange 0.278809 960 528 982 550
orange 0.258057 267 327 298 357