apple 0.784668 384 385 430 430
apple 0.744141 248 312 292 356
apple 0.733887 242 425 296 485
apple 0.714844 394 307 426 341
apple 0.710449 561 401 595 434
apple 0.646484 540 265 574 302
apple 0.603027 919 416 965 454
apple 0.532715 631 419 664 457
apple 0.531738 1149 405 1185 441
apple 0.469971 990 442 1014 470
apple 0.468750 198 544 238 580
apple 0.458496 393 45 436 83
apple 0.432617 400 510 423 528
apple 0.382568 210 300 249 326
apple 0.379150 415 482 434 506
apple 0.368652 1124 64 1160 100
apple 0.367432 385 15 428 71
apple 0.363770 749 237 785 275
apple 0.357910 857 468 918 502
apple 0.356201 423 506 442 526
apple 0.340332 1217 536 1253 570
apple 0.340088 1110 331 1142 376
apple 0.335449 712 180 758 225
orange 0.334473 1218 536 1252 569
apple 0.334229 706 410 728 441
apple 0.330811 643 504 676 538
apple 0.303467 1123 406 1153 439
apple 0.301025 1002 62 1037 110
orange 0.295654 642 504 676 538
apple 0.291748 242 424 287 458
apple 0.289062 343 112 371 156
apple 0.278809 510 306 536 330
orange 0.266113 1002 63 1037 110
apple 0.256592 576 240 628 280