apple 0.633301 508 138 537 166
apple 0.622070 587 35 616 67
apple 0.603516 263 0 295 29
apple 0.581543 548 159 582 187
apple 0.481934 385 596 407 620
apple 0.473389 666 566 686 588
apple 0.469727 261 658 286 680
apple 0.454102 515 102 545 126
apple 0.446533 399 522 422 543
apple 0.409424 387 644 408 668
apple 0.409424 262 676 294 704
apple 0.387695 638 557 660 581
orange 0.382568 1032 252 1056 273
apple 0.381836 409 492 433 508
apple 0.359131 405 342 419 357
orange 0.346436 410 492 434 508
orange 0.341064 1026 372 1050 398
orange 0.315430 964 488 986 512
apple 0.305908 422 326 436 346
orange 0.290527 1006 494 1029 516
orange 0.285156 1065 229 1095 262
apple 0.268799 438 580 468 604
orange 0.267822 1175 281 1205 310
orange 0.260254 1114 393 1140 418
orange 0.256836 1022 310 1045 332
apple 0.255859 454 168 474 191
orange 0.253662 419 508 441 530