apple 0.828125 68 408 115 451
apple 0.827637 152 378 199 418
apple 0.784668 144 264 186 301
apple 0.779785 248 249 293 287
apple 0.688965 574 410 610 444
apple 0.679199 505 383 537 421
apple 0.642090 287 235 321 269
orange 0.623535 826 388 862 427
apple 0.610352 628 214 670 253
apple 0.571289 616 132 646 164
apple 0.565430 673 366 706 400
apple 0.531250 347 176 373 209
apple 0.502930 383 174 416 204
apple 0.502441 496 228 520 253
apple 0.498047 32 334 65 366
apple 0.486572 885 658 918 690
apple 0.436523 749 169 793 199
apple 0.395020 486 168 514 193
apple 0.385986 218 242 251 264
apple 0.363525 580 72 600 90
apple 0.353516 302 320 340 354
apple 0.351807 578 236 604 256
orange 0.345703 573 410 609 444
apple 0.343994 333 690 349 704
apple 0.331299 410 220 433 249
apple 0.303223 340 115 363 131
apple 0.299072 741 130 765 156
apple 0.284424 558 148 586 170
apple 0.274658 300 202 336 227
apple 0.266357 753 710 780 720
orange 0.261475 1008 110 1044 149