apple 0.845703 222 385 280 440
apple 0.807129 492 319 532 356
apple 0.799316 482 195 522 232
apple 0.775879 866 510 912 554
apple 0.764160 642 142 688 188
apple 0.749512 377 331 412 368
apple 0.745117 1014 436 1060 485
apple 0.735840 558 405 602 447
apple 0.730469 585 326 627 368
apple 0.667969 410 400 453 442
apple 0.644043 562 278 618 323
apple 0.609375 743 496 783 532
apple 0.591797 735 265 781 312
apple 0.590332 530 216 562 250
apple 0.566895 853 396 895 440
apple 0.545898 730 220 774 260
apple 0.524902 796 419 830 459
apple 0.517578 662 203 698 240
apple 0.517090 764 373 800 408
apple 0.490479 1002 205 1047 244
apple 0.471924 664 30 698 63
apple 0.463623 932 120 978 161
apple 0.459473 1012 596 1044 640
apple 0.445557 994 486 1027 518
apple 0.429932 630 327 667 369
apple 0.421875 235 319 264 358
orange 0.389648 1001 205 1047 244
apple 0.387451 301 236 337 263
apple 0.365723 342 504 374 530
apple 0.362549 168 337 212 374
apple 0.347412 397 434 433 470
apple 0.335693 719 471 751 494
apple 0.330078 1251 523 1280 562
apple 0.307617 628 674 660 709
apple 0.286865 1243 484 1280 524
apple 0.272705 740 542 765 570
apple 0.270508 1076 137 1106 164
apple 0.267090 616 600 646 628
apple 0.260742 1068 160 1098 188