47 190.5 361.0 41 30
47 190.5 390.0 47 44
47 217.5 387.5 17 37
47 307.5 362.5 47 45
47 318.5 338.0 41 30
47 434.0 289.5 32 43
47 492.0 420.5 40 45
47 526.0 376.5 46 39
47 636.5 262.5 35 35
47 574.5 380.5 13 17
47 614.0 384.5 32 29
47 644.0 417.0 28 30
47 644.0 465.0 46 36
47 614.0 498.0 22 28
47 674.5 219.5 43 37
47 706.5 210.5 33 37
47 723.0 256.5 36 29
47 761.5 249.0 39 36
47 737.0 205.5 36 41
47 770.5 202.0 27 46
47 749.5 584.0 39 40
47 803.0 415.0 14 18
47 877.5 298.0 33 44
47 913.5 266.0 43 40
47 886.5 250.5 29 35
47 873.0 232.0 40 32
47 985.5 226.5 45 43
47 1145.5 241.0 51 22
47 1152.0 279.0 48 42
47 484.0 269.5 32 43
47 758.5 307.0 23 22
47 884.5 468.0 37 36
47 1174.0 131.5 40 35
47 626.5 441.0 31 26
47 843.5 196.5 15 13
47 945.0 291.0 22 34
47 1231.0 267.0 20 16
47 1130.0 58.5 18 31
47 1101.0 369.5 22 23
