47 586.0 133.5 38 27
47 591.0 149.0 28 12
47 586.0 171.5 36 33
47 605.0 193.5 36 35
47 621.0 226.0 34 30
47 673.0 118.0 30 24
47 657.0 205.5 24 21
47 663.5 220.0 17 16
47 752.0 40.0 20 16
47 769.5 109.0 19 22
47 756.5 134.0 23 22
47 779.0 155.5 22 35
47 780.5 207.0 33 30
47 805.5 212.0 23 20
47 798.0 278.0 20 24
47 847.0 77.0 34 30
47 836.5 176.5 21 33
47 855.5 154.5 19 15
47 920.0 242.5 34 27
47 1005.0 286.5 26 27
47 989.0 323.0 26 28
47 592.5 715.0 27 8
47 640.0 716.0 30 6
47 676.5 695.0 27 32
47 684.5 710.0 25 18
47 751.0 661.5 26 35
47 808.5 710.0 23 18
47 824.5 644.5 29 27
47 815.0 679.0 12 18
47 783.0 640.5 16 19
47 797.0 585.5 40 33
