47 201.5 445.5 35 21
47 252.5 430.0 25 16
47 323.0 405.0 34 30
47 339.0 369.0 38 34
47 385.0 385.5 24 33
47 360.0 431.0 20 30
47 366.5 480.5 27 31
47 328.0 466.0 24 28
47 333.5 431.5 21 21
47 350.5 494.0 33 32
47 384.5 528.5 29 31
47 419.5 351.5 31 25
47 412.0 340.5 20 15
47 461.5 305.0 17 20
47 440.0 349.5 14 23
47 458.0 371.5 30 29
47 479.5 439.0 31 28
47 471.5 458.5 25 21
47 473.5 494.5 31 29
47 447.0 517.5 28 17
47 389.5 442.0 31 32
47 447.5 544.0 23 18
47 458.5 568.5 25 29
47 474.0 551.5 20 23
47 504.5 475.5 19 31
47 516.5 495.0 27 24
47 523.5 473.0 35 22
47 523.0 403.0 36 30
47 488.0 386.5 14 11
47 482.0 373.0 22 20
47 564.5 287.0 25 24
47 574.5 356.5 21 17
47 605.0 382.0 28 32
47 551.0 430.0 36 34
47 539.0 508.0 30 32
47 523.5 531.0 27 34
47 546.0 482.0 12 20
47 614.5 18.5 17 19
47 463.5 7.5 23 13
47 629.5 391.0 21 30
47 644.5 253.0 31 32
47 576.0 257.0 12 16
47 663.5 274.0 23 26
47 663.0 308.5 26 27
47 817.0 12.0 34 24
47 697.0 10.5 20 19
47 873.5 43.0 17 16
47 935.5 22.5 31 27
47 870.0 122.5 26 23
47 925.0 110.0 32 32
47 895.0 145.5 30 23
47 811.0 140.5 40 31
47 800.5 167.5 33 25
47 838.5 174.5 35 33
47 830.0 201.5 14 21
47 831.0 256.0 14 26
47 1003.0 37.0 38 30
47 1081.0 39.0 18 8
47 1141.5 20.0 39 34
47 1075.0 235.0 28 16
47 977.5 278.0 29 34
47 936.0 182.0 26 28
47 895.5 250.5 23 13
47 924.0 290.0 32 40
47 882.5 179.0 21 34
47 876.5 358.5 31 29
47 946.5 424.5 27 33
47 1030.0 621.0 22 28
47 910.0 663.0 28 24
47 898.5 495.5 25 31
47 898.5 477.0 17 22
47 919.5 452.0 15 24
47 805.5 568.5 31 31
47 727.5 601.5 27 23
47 673.0 705.5 26 27
47 771.5 696.0 15 22
47 654.0 448.0 16 20
47 625.5 485.0 35 30
47 634.5 523.5 29 33
47 595.0 576.0 26 34
