47 240.5 11.0 21 22
47 244.5 34.0 21 24
47 255.5 56.0 17 16
47 230.5 64.0 19 20
47 300.5 91.5 19 19
47 308.5 112.5 31 29
47 297.5 140.0 31 28
47 327.0 135.5 26 19
47 215.5 156.5 15 19
47 139.5 178.5 19 17
47 157.5 179.5 17 19
47 161.5 211.5 17 17
47 221.0 202.0 18 16
47 231.5 225.5 17 19
47 274.0 275.0 20 14
47 309.0 187.5 20 21
47 323.5 249.5 33 35
47 379.0 174.5 24 27
47 372.0 151.5 26 25
47 400.0 142.5 24 15
47 410.0 203.5 24 19
47 448.0 216.5 22 27
47 426.0 187.5 24 25
47 421.5 120.5 27 21
47 372.0 111.5 32 29
47 368.5 83.0 29 30
47 397.0 85.0 22 20
47 408.0 20.5 24 23
47 399.5 36.5 19 23
47 409.5 81.5 13 17
47 415.5 63.0 21 20
47 409.0 53.5 26 25
47 185.5 265.5 19 17
47 206.0 282.0 20 24
47 592.5 7.5 29 13
47 538.5 57.5 25 31
47 573.0 85.5 32 35
47 652.5 72.0 23 30
47 671.5 140.0 31 30
47 578.5 200.0 25 22
47 665.5 198.0 25 32
47 769.0 179.5 20 21
47 796.0 210.0 16 6
47 822.0 278.5 18 15
47 765.0 268.0 18 14
47 738.0 266.5 24 29
47 648.0 247.5 18 21
47 700.0 228.5 26 29
47 657.5 308.0 25 28
47 683.5 288.0 25 26
47 699.5 304.0 29 26
47 911.5 314.5 27 17
47 892.5 353.0 23 20
47 785.0 360.0 24 26
47 796.0 392.0 16 12
47 833.0 439.5 10 17
47 602.5 315.0 19 22
47 738.5 439.0 21 22
47 759.0 478.5 20 13
47 767.5 512.0 21 20
47 350.0 371.5 24 23
47 343.5 398.0 19 26
47 379.5 372.5 27 33
47 396.0 327.5 30 31
47 443.0 309.0 28 32
47 461.5 322.0 17 20
47 466.5 380.5 29 25
47 264.5 468.5 27 19
47 270.0 528.5 14 21
47 364.5 574.0 23 24
47 351.5 598.0 29 24
47 330.0 624.5 24 27
47 371.0 646.5 28 21
47 483.5 446.0 25 20
47 663.0 496.0 24 26
47 628.0 547.0 30 28
47 648.5 559.0 23 30
47 703.5 572.0 13 20
47 720.5 552.5 21 27
47 790.5 566.5 19 13
47 683.0 607.5 22 23
47 692.0 629.5 18 21
47 837.5 686.5 15 17
47 930.0 325.5 18 19
47 656.5 681.0 11 14
47 367.0 627.0 26 18
47 173.5 218.0 17 16
47 472.5 191.0 25 28
47 464.5 400.5 25 21
47 765.0 710.5 22 17
47 718.5 7.0 21 12
47 600.0 79.5 24 25
47 333.5 97.0 35 24
47 276.5 110.0 17 26
47 162.5 263.0 13 8
