47 390.5 369.5 35 37
47 346.0 469.0 44 34
47 306.5 470.5 25 33
47 307.5 505.0 35 42
47 346.0 513.0 34 28
47 326.5 521.5 17 15
47 431.5 385.5 45 37
47 433.5 499.5 33 35
47 477.0 395.0 40 26
47 465.5 328.5 31 41
47 509.5 363.0 35 42
47 534.5 437.5 31 39
47 562.0 530.5 38 37
47 572.0 558.5 36 39
47 705.0 430.0 32 38
47 709.0 461.0 32 32
47 718.0 288.0 36 44
47 739.0 268.5 28 27
47 772.0 309.5 34 25
47 780.0 342.5 28 11
47 812.5 297.0 29 34
47 823.0 328.5 28 35
47 818.5 212.0 23 40
47 775.5 250.0 19 28
47 782.0 422.0 28 30
47 803.5 437.0 43 44
47 829.0 447.0 24 30
47 816.0 502.5 34 31
47 829.0 538.0 38 36
47 844.0 511.0 24 28
47 882.5 488.5 29 29
47 886.5 529.0 21 14
47 892.0 386.5 38 39
47 913.5 467.5 13 25
47 941.0 353.5 36 35
47 966.0 340.0 28 18
47 964.0 357.0 24 22
47 1052.5 288.5 35 39
47 1197.5 96.5 35 27
47 1003.5 441.0 37 50
47 990.5 482.5 43 41
47 1024.0 480.5 28 31
47 1170.0 537.5 46 41
47 1023.0 110.5 26 23
47 1251.0 571.5 48 45
47 1061.0 31.5 34 27
47 1066.0 92.0 18 12
47 1129.0 34.5 36 25
47 1159.0 39.5 26 33
47 1257.5 95.0 29 28
47 979.0 10.5 32 21
47 911.0 11.0 32 20
47 818.5 361.5 19 11
