47 137.0 554.0 44 42
47 173.5 545.0 33 38
47 218.5 569.5 43 43
47 207.5 492.5 37 29
47 211.5 510.0 35 18
47 264.0 498.0 50 42
47 293.5 613.0 41 36
47 296.0 580.5 34 29
47 334.5 486.5 37 43
47 309.0 498.5 28 29
47 346.5 521.0 43 42
47 388.0 599.5 32 43
47 418.5 666.5 43 47
47 425.5 543.0 23 28
47 432.5 361.5 39 45
47 457.0 307.5 36 43
47 457.5 675.0 33 46
47 450.5 595.5 35 45
47 484.0 622.0 52 50
47 492.0 648.5 44 25
47 601.5 570.5 33 43
47 587.5 642.0 31 30
47 586.5 697.5 35 39
47 627.5 607.5 39 43
47 660.5 526.0 41 50
47 677.5 642.5 27 29
47 658.0 706.5 12 25
47 794.0 540.0 38 42
47 771.0 486.0 32 46
47 644.5 400.0 33 28
47 645.0 41.5 48 49
47 872.5 115.0 37 42
47 884.0 564.0 26 34
47 771.0 627.0 30 42
47 715.0 604.5 40 43
47 777.0 357.0 32 34
47 860.0 373.0 30 34
47 963.5 440.0 31 24
47 979.5 193.0 35 40
47 981.0 265.5 36 37
47 1018.5 333.5 35 35
47 1034.5 377.0 29 26
47 1089.0 562.0 34 30
47 1078.0 596.5 40 31
47 953.0 92.0 28 40
47 979.5 23.5 39 45
47 1006.5 60.0 31 38
47 933.5 74.5 33 39
47 1134.5 241.5 33 37
47 1172.0 209.0 40 46
47 1156.0 150.0 28 34
47 373.0 535.5 26 17
47 915.0 52.5 32 31
47 895.0 30.0 18 28
47 1020.0 108.5 28 25
47 973.5 302.0 37 22
47 346.0 559.5 32 27
