47 40.0 426.5 42 35
47 40.0 464.0 44 34
47 71.0 429.0 20 24
47 196.0 469.0 20 32
47 229.0 479.5 30 29
47 273.0 501.0 32 30
47 302.5 437.5 33 31
47 555.0 305.0 36 46
47 472.5 435.5 37 45
47 584.5 469.5 41 45
47 639.0 453.5 40 45
47 671.0 423.5 22 25
47 729.0 473.0 32 30
47 699.0 508.5 38 39
47 904.0 340.0 38 36
47 930.0 259.5 44 39
47 1015.0 563.0 26 36
47 802.5 202.0 29 44
47 796.5 325.5 31 29
47 26.5 359.0 31 36
47 20.5 385.0 27 34
47 797.0 408.0 14 22
47 820.5 518.5 41 41
47 497.5 416.5 29 23
47 491.5 511.0 29 36
47 394.5 533.5 21 23
47 861.5 195.5 33 25
47 1056.0 413.5 22 7
47 918.5 121.5 17 27
47 472.0 468.0 42 40
47 325.5 392.5 37 41
47 355.0 373.5 36 35
47 270.0 470.5 40 31
47 613.0 330.0 28 38
47 634.5 527.5 29 29
47 636.5 562.0 25 36
47 708.0 708.5 24 21
47 607.0 511.0 42 34
47 615.0 486.0 30 20
47 930.5 9.5 23 19
