47 994.0 664.5 32 35
47 906.5 106.5 45 41
47 941.0 129.0 34 38
47 949.0 201.5 26 23
47 953.5 173.5 29 31
47 858.5 212.5 27 35
47 738.0 148.0 32 30
47 742.5 177.0 25 30
47 714.0 376.0 22 20
47 682.0 382.0 36 34
47 688.5 423.0 27 28
47 606.5 254.5 31 31
47 579.5 277.5 35 33
47 546.0 362.0 24 30
47 554.5 419.0 33 32
47 536.0 142.0 24 20
47 526.0 445.0 32 24
47 509.0 407.5 20 19
47 464.5 389.0 27 30
47 466.0 412.5 22 21
47 438.0 399.0 24 28
47 419.5 224.0 11 22
47 452.5 245.5 21 17
47 440.5 282.0 25 22
47 428.5 305.0 39 30
47 365.5 458.5 33 29
47 392.5 305.5 11 23
47 362.0 282.5 40 37
47 329.0 279.0 26 32
47 335.0 307.5 24 27
47 306.5 304.0 33 34
47 305.5 399.0 29 20
47 172.5 332.0 35 28
47 497.0 455.5 32 39
47 731.0 447.5 24 23
47 624.0 434.0 18 40
47 789.0 382.0 24 16
47 878.5 427.0 29 10
47 802.5 511.0 15 28
47 925.5 501.5 27 15
47 1040.0 537.0 24 10
47 651.0 382.0 22 16
47 645.5 229.0 19 16
