47 15.5 380.5 29 37
47 48.0 397.0 42 38
47 39.0 434.5 42 37
47 81.5 363.5 41 45
47 154.5 384.5 49 43
47 162.0 428.0 28 40
47 170.5 339.5 37 27
47 180.5 320.0 23 28
47 226.0 419.0 52 38
47 224.0 455.5 40 39
47 253.5 432.5 23 13
47 284.0 351.5 38 29
47 334.0 241.5 26 37
47 343.5 277.0 17 26
47 383.5 306.0 47 34
47 379.5 353.0 25 22
47 343.0 580.0 34 46
47 364.5 630.0 37 42
47 478.5 386.5 29 17
47 614.5 48.5 41 19
47 566.5 77.0 19 34
47 597.5 94.0 41 32
47 665.5 212.5 31 41
47 727.0 336.0 42 44
47 777.0 389.0 36 50
47 812.5 400.0 37 36
47 832.5 357.5 49 47
47 888.0 257.0 22 26
47 877.0 396.0 30 20
47 1038.0 622.5 36 37
47 1021.0 600.0 36 28
47 711.5 539.0 47 50
47 681.5 487.0 33 38
47 625.0 555.0 12 30
47 229.5 368.5 47 47
47 242.0 385.5 48 33
47 549.5 443.0 27 26
47 573.0 503.5 48 49
47 736.5 73.0 25 38
47 733.5 199.5 33 33
47 754.0 37.0 30 28
47 883.0 13.0 32 22
47 962.0 67.0 30 28
47 801.0 231.0 26 40
47 753.5 476.0 43 42
47 745.5 460.5 37 35
