47 598.5 274.5 25 27
47 715.0 517.5 28 25
47 591.0 625.5 26 25
47 613.0 54.5 30 29
47 460.0 648.0 26 22
47 528.5 646.0 23 22
47 638.5 523.5 19 23
47 605.0 520.5 18 21
47 639.0 471.5 22 27
47 583.0 92.0 26 28
47 474.5 99.5 27 23
47 412.5 88.0 25 24
47 426.0 367.5 24 23
47 201.5 137.0 23 22
47 225.0 115.0 24 18
47 242.0 73.0 22 26
47 220.5 85.5 25 27
47 145.0 47.5 22 21
47 196.0 8.0 24 14
47 187.5 44.5 15 19
47 170.0 224.0 28 22
47 201.0 240.0 20 20
47 203.0 198.0 24 20
47 173.5 119.5 23 23
47 148.0 120.0 18 22
47 385.0 126.5 26 29
47 368.5 415.0 23 28
47 598.5 560.0 25 22
47 555.0 625.0 18 24
47 556.0 654.0 26 26
47 431.5 136.5 23 21
47 358.5 181.0 17 24
47 181.0 201.5 22 17
47 266.0 189.5 16 27
47 310.0 329.0 26 24
47 342.0 187.0 20 24
47 248.0 352.5 22 23
47 240.0 189.5 22 17
47 351.0 17.0 24 22
47 603.5 28.5 27 25
47 613.5 8.0 17 12
47 228.5 98.0 23 18
47 203.5 109.0 19 14
47 246.0 48.0 16 22
47 248.5 14.5 27 19
47 217.5 50.5 15 17
47 222.0 63.5 22 17
47 260.5 168.5 17 21
47 223.5 180.0 21 20
47 208.5 152.0 21 20
47 219.0 132.5 20 17
47 235.5 245.5 15 27
47 322.5 225.5 27 29
47 410.0 145.5 28 17
47 457.0 258.5 24 19
47 558.0 163.5 22 25
47 710.0 503.5 20 15
47 598.0 581.5 20 13
47 644.0 706.5 26 25
47 489.5 636.5 19 15
47 462.5 484.0 15 14
47 392.5 429.5 17 19
47 398.5 450.5 15 15
47 448.5 194.0 17 16
47 394.0 191.5 14 11
47 315.5 403.5 13 15
47 275.5 340.5 21 23
47 250.0 292.5 24 17
