47 13.5 276.5 25 29
47 13.5 294.0 25 20
47 148.0 183.0 34 30
47 153.5 209.5 31 25
47 157.0 230.0 32 18
47 206.5 123.5 37 35
47 265.0 140.5 42 37
47 270.0 170.5 46 29
47 307.5 216.5 41 43
47 263.5 236.5 37 29
47 261.0 267.0 40 38
47 212.0 268.0 26 22
47 256.5 299.5 25 11
47 229.0 278.0 26 10
47 254.0 330.0 12 14
47 280.5 337.0 19 18
47 305.5 316.0 29 14
47 346.5 240.0 33 30
47 340.5 222.5 25 21
47 370.5 135.0 37 38
47 393.5 184.0 37 36
47 382.0 261.0 36 22
47 454.0 145.0 26 30
47 475.5 87.0 25 18
47 552.5 23.5 19 19
47 554.5 144.0 29 24
47 540.5 168.5 33 31
47 569.5 176.5 35 33
47 591.5 182.0 17 20
47 472.0 204.5 48 43
47 458.0 270.0 14 16
47 501.0 348.0 34 34
47 448.0 680.0 24 28
47 451.5 706.0 17 14
47 567.0 598.5 16 19
47 584.0 665.0 26 36
47 530.0 329.5 34 31
47 501.0 290.0 16 10
47 563.5 287.5 35 33
47 667.0 153.5 12 25
47 600.5 145.0 17 12
47 734.5 62.5 27 21
47 762.5 77.0 31 26
47 883.0 179.5 48 51
47 883.0 210.5 36 21
47 852.0 481.0 18 20
47 834.5 495.5 33 31
47 789.5 487.5 39 35
47 644.0 639.0 20 24
47 672.5 648.5 27 37
47 673.0 538.5 20 21
47 693.0 315.5 26 29
47 687.0 343.5 30 31
47 651.0 400.0 10 16
47 719.5 312.0 25 32
47 741.5 344.0 37 32
47 840.5 647.0 31 44
47 745.5 601.5 19 25
47 708.0 708.5 18 21
47 910.5 638.0 33 26
