47 252.0 387.5 32 31
47 277.0 329.5 32 23
47 408.5 315.5 35 33
47 407.5 300.5 33 17
47 412.0 264.5 34 27
47 514.5 232.5 33 33
47 491.5 264.5 29 35
47 453.5 285.0 25 26
47 794.0 381.5 32 31
47 586.0 310.5 32 31
47 550.0 359.0 26 28
47 583.0 231.0 20 26
47 529.5 249.5 25 21
47 412.0 391.5 34 31
47 914.0 281.0 28 24
47 724.5 322.0 35 24
47 694.0 317.5 24 23
47 518.5 355.5 37 39
47 345.0 379.5 30 27
47 368.0 304.5 26 27
47 358.0 317.5 30 11
47 565.5 432.5 33 33
47 628.0 283.0 26 36
47 300.5 302.0 21 14
47 298.5 314.0 17 16
47 609.0 384.0 30 34
47 618.5 359.5 21 23
47 294.5 354.0 21 22
47 670.0 309.5 26 29
47 629.5 214.0 15 14
47 615.0 228.0 22 14
47 601.0 292.5 16 25
47 949.0 285.0 24 18
47 633.0 263.0 16 14
47 767.5 459.5 19 23
47 763.0 447.5 24 23
47 717.0 466.5 22 25
47 692.0 450.5 10 19
47 724.5 503.5 23 21
47 798.5 496.5 17 21
47 700.0 505.0 18 18
47 677.0 511.0 22 28
47 794.0 585.0 34 30
47 911.0 361.0 12 20
47 909.5 340.0 13 16
47 445.5 369.0 23 26
47 467.5 327.0 27 20
47 452.0 303.5 24 17
47 464.5 364.5 11 13
47 660.0 491.5 18 29
47 666.0 536.0 18 18
47 830.5 468.0 25 12
47 769.5 340.0 21 16
47 600.0 223.0 24 16
47 806.0 590.5 18 19
47 902.0 648.0 12 20
47 834.5 229.5 31 23
47 748.5 22.5 19 17
47 569.0 320.0 12 28
47 278.0 279.5 10 11
47 291.0 286.0 10 8
47 288.5 295.0 15 12
47 654.5 439.0 19 28
47 969.0 423.5 16 21
47 1051.5 416.5 33 17
47 1064.5 430.5 17 15
47 793.5 677.0 29 10
47 663.5 704.0 15 12
47 801.0 717.0 10 4
47 700.0 687.0 20 28
47 775.5 426.5 25 21
