47 58.0 326.0 50 48
47 74.0 372.5 36 43
47 77.0 255.0 46 48
47 143.5 311.5 59 43
47 143.0 353.5 50 45
47 133.0 387.5 50 27
47 266.0 499.5 38 39
47 290.0 547.0 42 38
47 214.5 260.5 33 19
47 251.5 204.0 47 34
47 242.0 161.5 42 47
47 290.5 222.5 27 31
47 517.0 21.0 42 32
47 584.0 142.0 40 42
47 648.5 277.5 51 49
47 606.5 429.0 53 30
47 629.0 476.5 44 55
47 650.0 198.5 28 41
47 668.5 418.0 47 56
47 695.0 339.0 36 46
47 743.0 297.0 70 60
47 732.0 352.5 42 41
47 792.5 349.0 37 26
47 822.5 287.0 31 20
47 657.5 137.5 27 43
47 805.0 172.0 26 26
47 146.5 222.5 23 17
47 475.0 357.5 26 29
47 727.0 158.0 42 20
47 944.0 523.5 32 47
47 924.5 504.5 35 23
47 994.0 661.5 46 53
47 275.5 281.0 41 22
47 486.5 6.0 25 12
47 936.0 559.0 18 26
47 984.5 628.0 29 34
47 783.0 713.0 28 10
