47 296.0 153.5 30 27
47 499.0 13.0 24 22
47 503.5 38.5 21 21
47 592.0 37.0 32 32
47 630.5 45.5 21 25
47 740.5 27.0 13 20
47 836.5 7.0 33 12
47 884.0 16.5 32 33
47 787.5 372.5 11 25
47 614.0 180.0 24 24
47 591.5 200.5 11 11
47 533.5 281.0 21 20
47 578.5 308.5 35 27
47 540.5 244.0 25 18
47 554.5 266.0 21 14
47 421.0 667.0 20 20
47 435.5 633.0 19 16
47 442.0 653.0 20 22
47 699.0 716.0 12 6
47 725.0 687.5 12 17
47 744.0 679.0 22 16
47 710.0 599.5 10 5
47 777.5 585.5 23 13
47 845.5 616.0 25 18
47 402.0 611.0 18 18
47 414.5 614.5 11 17
47 612.5 690.0 19 10
47 667.0 704.0 18 20
47 670.0 715.0 20 8
47 627.0 713.0 22 12
47 816.0 21.5 22 23
47 739.5 5.5 29 9
47 897.5 253.5 27 13
47 820.5 178.5 23 25
47 809.5 295.5 31 13
47 820.0 388.5 24 19
47 862.5 370.0 15 12
47 825.0 429.5 16 23
47 810.0 631.0 26 12
47 715.0 504.0 20 18
