47 414.0 256.5 30 35
47 454.0 251.5 30 31
47 458.0 296.5 32 37
47 527.0 189.0 38 40
47 617.5 188.0 27 14
47 664.0 175.5 42 27
47 789.5 271.0 33 32
47 788.5 382.0 39 40
47 873.5 353.0 33 44
47 885.5 413.5 25 29
47 897.5 255.0 37 40
47 954.5 398.5 37 31
47 1003.5 200.5 47 43
47 1023.0 324.5 42 35
47 1079.0 288.0 24 34
47 1103.0 346.0 38 26
47 1041.0 359.5 34 39
47 1148.5 412.5 19 29
47 1139.5 375.5 21 21
47 795.5 480.0 25 26
47 1059.0 92.0 50 52
47 853.5 297.5 21 25
47 1048.0 274.0 34 42
47 434.0 225.5 18 21
47 668.0 195.0 16 20
47 792.0 442.0 20 34
47 836.0 266.0 26 26
47 928.0 283.0 28 42
47 941.0 352.0 36 42
47 909.5 391.5 31 23
47 948.0 434.0 30 28
47 1199.5 59.5 37 41
47 1093.5 221.5 23 15
47 1012.5 375.5 17 15
47 946.0 482.0 30 30
47 1233.5 633.5 41 35
47 1233.0 679.0 30 20
47 1171.0 457.5 26 23
47 606.0 355.0 28 28
