47 213.0 403.5 34 31
47 272.0 22.5 30 31
47 237.5 400.0 19 40
47 506.5 67.0 31 30
47 509.5 30.5 25 21
47 377.5 38.0 19 26
47 500.5 12.0 23 20
47 551.0 436.5 26 31
47 538.5 36.5 21 29
47 542.5 84.0 27 28
47 599.5 15.5 21 25
47 580.5 4.5 19 7
47 674.5 89.5 31 23
47 693.5 398.5 13 31
47 812.0 402.0 40 38
47 750.5 113.0 29 36
47 752.5 239.0 21 28
47 822.0 248.0 30 18
47 822.5 101.0 19 16
47 927.0 388.0 28 32
47 1048.5 132.0 25 18
47 1080.5 143.5 23 19
47 1175.0 289.0 42 44
47 1083.0 350.5 50 27
47 992.5 353.0 43 28
47 998.5 471.5 25 27
47 1036.0 604.0 32 28
47 1043.5 577.0 21 26
47 985.5 689.0 35 34
47 1184.0 501.5 32 37
47 1173.5 454.5 21 21
47 767.5 128.5 19 17
47 791.5 283.5 15 19
47 966.0 143.5 22 15
47 1001.5 515.5 23 25
47 1204.0 351.5 26 27
47 1263.5 237.5 31 27
