47 147.5 17.0 37 34
47 150.5 165.5 39 39
47 93.0 265.5 42 51
47 77.0 307.0 48 48
47 116.0 306.0 40 46
47 311.5 14.5 41 29
47 311.0 50.5 42 37
47 310.0 87.0 42 38
47 301.0 120.0 38 36
47 271.0 362.0 32 30
47 93.5 529.0 45 34
47 33.5 442.5 33 19
47 8.5 549.5 15 39
47 153.0 435.0 26 20
47 141.5 534.0 57 46
47 377.5 226.0 47 40
47 423.0 12.5 50 25
47 457.5 29.5 45 51
47 475.0 62.0 32 32
47 453.0 108.5 32 35
47 426.0 219.0 42 38
47 363.5 269.0 21 16
47 425.0 349.0 32 30
47 331.0 255.5 28 33
47 286.5 426.5 47 47
47 182.5 478.0 49 44
47 223.5 477.5 31 27
47 266.5 498.5 49 43
47 148.5 573.0 51 40
47 228.0 569.0 52 50
47 195.5 613.5 45 39
47 179.5 690.5 41 41
47 366.0 472.5 42 41
47 374.5 508.0 31 30
47 464.5 246.0 27 32
47 447.0 542.0 40 40
47 438.5 571.0 43 34
47 350.5 577.5 21 19
47 265.5 631.0 49 52
47 399.0 626.0 38 26
47 392.5 645.0 33 20
47 622.0 14.5 28 27
47 633.5 73.5 29 35
47 654.5 8.0 25 16
47 675.5 143.5 21 37
47 529.0 439.5 28 33
47 510.5 503.0 17 32
47 591.0 241.0 24 36
47 573.5 470.0 49 46
47 488.5 565.5 29 25
47 461.5 615.5 25 23
47 636.5 559.5 43 47
47 665.5 545.5 25 29
47 601.5 631.0 55 42
47 521.5 570.5 39 41
47 700.0 262.5 32 55
47 721.5 387.5 27 21
47 719.0 405.0 28 30
47 625.0 658.0 30 34
47 858.0 113.0 46 46
47 801.0 519.0 20 14
47 804.5 652.5 37 27
47 898.0 583.5 28 37
47 721.5 691.0 45 38
47 628.0 688.5 28 25
47 657.5 691.0 35 46
47 586.0 690.0 24 26
47 949.0 648.0 44 52
47 850.5 244.0 35 42
47 931.0 63.0 46 40
47 922.5 102.0 37 30
47 778.0 333.5 26 39
47 831.5 706.5 35 25
47 464.0 326.0 16 22
47 625.0 413.0 30 30
47 72.5 492.5 31 15
47 75.5 545.5 41 31
47 827.5 126.0 25 22
