47 180.0 412.5 40 31
47 205.5 374.0 19 20
47 299.5 323.5 25 31
47 266.0 379.5 26 27
47 299.0 441.0 20 22
47 312.0 351.5 14 21
47 333.0 308.0 20 26
47 340.5 331.5 33 21
47 416.5 41.0 29 32
47 460.0 10.5 28 19
47 445.5 301.5 29 37
47 418.0 282.5 26 21
47 433.0 44.0 12 20
47 410.5 338.0 21 26
47 367.0 328.0 22 16
47 363.0 350.0 18 26
47 340.5 364.0 27 12
47 369.5 398.5 17 17
47 404.5 422.0 17 18
47 417.0 404.5 28 29
47 442.0 398.5 22 27
47 460.0 379.0 16 26
47 449.0 435.5 28 25
47 444.5 476.5 37 35
47 547.0 287.0 34 32
47 517.0 336.0 14 16
47 483.0 382.5 20 29
47 486.0 501.5 32 33
47 536.5 352.5 23 27
47 530.5 395.0 31 34
47 550.5 381.0 29 28
47 550.0 414.5 16 15
47 532.5 448.5 19 23
47 635.5 510.0 31 32
47 661.0 268.5 34 31
47 603.5 248.0 23 26
47 639.5 233.5 29 31
47 642.5 291.5 23 23
47 656.5 307.5 19 27
47 722.5 128.5 27 33
47 686.0 223.5 26 33
47 709.5 199.5 19 21
47 709.5 262.5 29 15
47 776.5 289.0 27 22
47 723.0 355.5 30 25
47 748.0 355.0 18 22
47 736.0 385.0 16 24
47 739.0 463.5 22 21
47 714.5 523.5 37 39
47 721.5 711.5 27 15
47 751.5 699.0 17 24
47 808.0 681.0 22 34
47 866.5 617.0 17 14
47 764.5 519.5 19 17
47 825.0 321.0 26 26
47 829.5 265.0 17 20
47 866.0 185.5 20 29
47 744.5 326.0 17 18
47 867.0 421.5 20 27
47 916.0 223.0 30 28
47 922.5 240.5 15 17
47 921.0 188.5 18 23
47 988.5 65.0 25 28
47 1028.5 113.0 33 34
47 943.5 433.5 29 33
47 1009.0 388.5 16 19
47 1001.0 434.5 10 15
47 1060.0 619.0 16 16
47 1132.0 551.0 18 20
47 1137.5 462.5 53 41
47 1239.0 443.5 50 45
