47 249.5 397.5 29 35
47 285.0 472.5 48 43
47 366.5 430.5 45 45
47 363.0 322.5 40 35
47 429.5 299.0 33 32
47 401.5 295.5 25 21
47 399.0 321.5 18 19
47 407.5 340.5 19 17
47 464.5 302.5 37 37
47 448.5 340.0 11 20
47 430.5 370.0 19 20
47 429.0 394.0 20 32
47 344.0 388.0 14 30
47 500.5 286.0 35 34
47 512.0 395.0 36 36
47 553.0 250.5 26 37
47 588.5 239.0 27 24
47 613.0 271.0 24 28
47 575.0 295.5 18 27
47 613.0 163.0 26 22
47 564.0 148.0 16 14
47 691.0 204.0 24 16
47 701.0 276.5 24 29
47 655.0 441.5 32 37
47 722.0 442.5 42 35
47 737.0 415.0 34 38
47 631.5 444.0 19 18
47 852.5 245.0 39 42
47 830.5 181.5 25 31
47 767.5 192.0 31 18
47 757.0 276.5 28 39
47 795.0 477.0 38 32
47 900.5 433.5 31 35
47 900.5 512.0 39 34
47 1092.0 438.0 42 42
47 964.5 145.0 23 30
47 983.5 178.5 45 37
47 923.0 367.0 32 20
47 1170.0 450.5 34 33
47 1134.0 412.0 38 34
47 1246.0 81.0 30 34
47 1080.5 251.0 27 24
47 960.5 475.0 29 26
47 986.5 507.0 27 26
47 898.5 480.0 21 18
47 863.0 486.5 24 19
47 1191.5 515.0 41 42
47 1232.5 568.0 39 36
47 1127.5 581.5 35 33
47 1187.5 606.5 27 37
47 698.0 535.0 18 26
47 1099.0 514.0 40 30
47 1003.5 266.5 19 25
47 1263.5 143.5 31 41
47 1254.0 282.5 28 17
47 1035.5 524.0 19 32
47 735.5 501.0 29 36
47 754.0 230.5 28 29
47 507.0 204.5 14 13
47 886.5 152.0 21 18
47 883.5 276.0 33 44
47 795.0 280.5 14 9
47 641.5 215.5 9 9
47 561.5 197.0 11 12
47 656.5 181.0 13 8
47 547.5 271.0 15 12
47 938.0 218.5 14 21
47 1076.5 542.0 25 20
47 1058.0 586.0 12 10
47 1245.5 155.0 25 28
