47 14.0 407.0 28 36
47 237.0 284.0 34 26
47 252.0 684.5 20 19
47 393.0 604.0 30 32
47 407.5 646.0 25 28
47 418.0 555.0 28 24
47 459.5 212.0 29 26
47 543.5 166.0 29 28
47 596.0 708.0 34 22
47 685.5 613.5 17 25
47 779.0 707.5 28 23
47 744.0 565.0 24 22
47 771.0 435.5 20 25
47 741.0 674.0 22 28
47 525.5 14.0 15 28
47 575.0 8.0 26 14
47 11.5 433.5 21 21
47 57.0 345.0 34 22
47 464.5 637.5 19 27
47 792.0 506.5 24 21
47 777.5 569.0 31 28
47 777.5 464.5 17 17
47 661.0 341.5 20 11
47 556.5 355.0 21 22
47 729.5 273.5 21 17
