47 151.0 324.5 36 41
47 167.0 288.5 20 21
47 195.0 320.5 40 51
47 200.0 378.5 32 39
47 273.5 267.0 43 38
47 379.5 250.5 35 23
47 428.0 232.5 44 39
47 565.0 465.5 42 39
47 587.5 523.5 21 25
47 563.5 318.0 19 24
47 615.5 315.5 31 33
47 632.0 351.5 22 21
47 658.0 315.0 28 22
47 671.0 302.5 32 23
47 655.5 432.5 43 45
47 731.0 487.0 44 36
47 768.0 270.0 40 46
47 818.5 158.5 35 39
47 792.0 398.0 42 40
47 810.0 432.5 32 45
47 843.0 441.5 34 11
47 871.5 420.5 35 29
47 902.5 450.5 25 27
47 913.0 486.5 30 43
47 898.0 407.5 32 13
47 953.5 129.5 39 39
47 820.0 308.5 30 31
47 847.5 329.0 25 34
47 430.0 314.5 18 21
47 433.0 260.5 18 19
47 374.5 433.5 29 25
47 575.5 333.0 15 24
47 612.5 330.0 21 18
47 699.5 338.0 39 38
47 690.0 445.0 26 38
47 673.0 480.0 26 28
47 572.5 499.0 33 34
47 606.0 543.5 18 23
47 722.5 555.0 23 24
47 731.0 525.5 22 21
47 997.0 11.5 32 21
47 855.0 280.5 22 23
47 756.5 455.0 21 20
47 940.0 531.5 26 27
47 1040.0 425.5 42 23
47 1053.0 454.0 48 42
47 1054.0 561.5 32 29
47 1010.0 688.5 36 37
