47 264.0 319.0 18 18
47 260.5 363.5 13 9
47 328.5 331.0 15 12
47 310.5 402.5 17 15
47 344.0 356.5 20 21
47 351.0 334.5 18 13
47 338.5 285.5 13 9
47 359.5 284.5 21 37
47 359.5 395.5 19 19
47 349.5 459.0 15 12
47 383.5 413.0 21 18
47 378.0 433.5 16 17
47 450.0 474.5 14 11
47 474.0 489.0 18 14
47 399.0 375.0 16 8
47 481.5 230.5 19 21
47 492.0 127.0 12 14
47 505.5 129.5 13 13
47 517.5 99.5 13 17
47 541.5 196.5 23 19
47 537.0 281.5 18 15
47 531.0 347.5 14 11
47 566.0 264.0 12 16
47 691.0 175.5 12 9
47 710.5 187.5 11 7
47 746.0 170.5 8 13
47 916.5 49.5 19 25
47 958.5 34.5 29 23
47 792.0 313.5 34 17
47 798.0 349.0 16 20
47 805.0 365.0 14 6
47 769.0 397.0 20 16
47 810.5 381.5 19 13
47 795.0 492.5 18 13
47 729.5 426.0 17 16
47 718.0 353.0 8 10
47 624.5 238.5 13 23
47 614.5 257.0 13 14
47 579.0 494.0 12 14
47 575.0 537.5 10 11
47 890.5 439.5 19 21
47 874.5 429.5 7 13
47 923.0 408.0 18 12
47 930.0 424.0 12 14
47 913.5 448.5 17 13
47 969.5 555.0 19 12
47 871.0 601.0 14 18
47 840.0 568.0 12 10
47 807.5 582.5 9 7
47 504.0 717.0 6 4
47 429.0 285.0 10 10
47 419.5 389.5 13 9
47 597.0 247.5 12 9
47 609.5 526.5 9 9
47 887.5 15.5 11 11
47 524.5 118.5 23 23
47 368.0 342.5 20 19
47 299.0 342.0 14 10
47 340.0 414.5 18 11
47 352.0 425.5 16 17
47 517.5 433.0 15 18
47 736.5 52.0 13 10
47 862.5 174.0 23 28
47 936.5 518.0 19 18
47 972.0 519.0 24 26
47 982.5 513.0 15 22
47 994.5 485.0 21 18
47 984.0 638.5 20 23
47 1009.5 520.0 25 24
47 937.0 471.0 18 26
47 597.5 429.5 23 31
47 582.5 419.0 21 14
47 658.5 402.5 17 17
47 761.0 229.0 18 12
47 878.5 187.0 15 20
47 848.5 217.5 21 23
