47 830.0 555.5 14 25
47 741.5 662.5 27 29
47 661.5 685.0 21 14
47 674.0 647.0 10 22
47 634.0 701.0 28 30
47 611.5 684.5 17 25
47 623.5 656.5 23 33
47 621.5 268.5 25 37
47 581.5 214.5 9 15
47 545.5 711.5 19 13
47 546.5 605.5 19 21
47 525.0 671.0 16 24
47 546.5 670.0 21 22
47 549.5 651.0 13 16
47 468.0 686.0 32 44
47 445.5 657.0 29 34
47 346.0 676.5 34 37
47 357.5 701.0 29 24
47 383.0 706.5 38 21
47 291.0 655.5 32 33
47 333.5 282.0 31 28
47 344.5 309.0 25 30
47 231.0 703.5 28 21
47 230.5 714.0 37 8
47 246.0 267.0 30 20
47 226.0 136.0 30 30
47 165.5 146.5 35 33
47 150.5 110.0 25 24
47 184.5 111.5 29 35
47 187.0 138.5 22 25
47 902.5 93.0 33 24
47 934.0 20.0 18 16
