47 13.5 256.5 27 45
47 31.0 258.5 18 29
47 174.5 225.5 51 49
47 130.0 298.5 50 45
47 185.0 310.0 44 34
47 177.0 349.0 50 28
47 229.5 350.0 43 36
47 340.0 385.5 48 41
47 275.0 228.0 52 38
47 287.0 267.5 52 27
47 364.5 246.0 37 40
47 346.0 110.5 40 49
47 320.0 109.5 28 49
47 358.5 152.0 47 50
47 402.0 144.5 46 49
47 423.0 137.5 26 35
47 420.5 84.5 49 47
47 355.0 323.0 42 46
47 324.5 218.0 37 34
47 559.5 258.5 29 31
47 574.5 192.5 39 41
47 603.0 78.0 42 34
47 643.0 135.0 42 46
47 709.5 356.5 41 41
47 789.0 206.0 50 54
47 931.0 217.0 42 30
47 945.0 402.0 36 36
47 737.0 350.0 26 32
47 499.0 625.5 62 51
47 509.0 688.0 44 48
47 305.0 701.5 56 35
47 349.5 709.0 33 18
47 796.0 279.5 46 31
47 988.5 457.0 43 54
47 446.5 219.0 19 32
47 513.5 489.5 47 39
47 607.5 417.0 43 42
47 637.0 271.5 28 27
47 600.5 312.0 23 40
47 685.5 337.5 15 31
47 587.5 364.5 17 27
47 911.0 331.5 18 17
47 910.5 355.0 31 32
47 829.0 243.5 36 21
47 772.0 252.0 14 20
