47 857.5 230.0 37 44
47 820.0 203.0 42 42
47 771.5 297.0 29 32
47 885.5 708.0 31 22
47 691.5 432.5 23 27
47 646.5 210.5 33 29
47 653.0 241.5 28 31
47 641.0 411.5 26 19
47 583.5 467.5 37 37
47 587.0 501.5 36 35
47 552.0 286.0 26 20
47 511.0 310.5 32 29
47 537.5 406.0 29 32
47 450.5 507.5 33 47
47 477.0 343.0 36 36
47 477.0 296.5 18 19
47 443.0 425.5 28 33
47 431.0 479.5 18 27
47 431.0 188.5 26 29
47 339.0 286.0 26 28
47 326.0 338.5 28 27
47 309.5 360.5 35 37
47 278.5 345.5 17 39
47 253.0 518.0 32 24
47 304.5 265.0 13 22
47 239.5 327.5 43 37
47 205.0 323.0 26 32
47 212.0 359.0 32 32
47 185.0 461.0 28 22
47 180.0 365.0 34 34
47 35.0 390.5 38 33
47 142.5 439.0 21 24
47 407.5 421.0 13 14
47 456.0 443.5 18 13
47 703.0 576.5 14 21
47 754.5 479.0 15 14
47 237.0 362.5 42 43
47 510.5 474.0 17 18
47 507.5 499.0 29 32
47 942.5 615.5 21 21
