47 139.0 238.5 34 29
47 110.0 253.5 26 25
47 113.0 315.0 20 28
47 311.0 370.5 30 29
47 332.0 386.0 34 30
47 519.0 311.5 38 29
47 532.5 295.0 29 24
47 544.0 387.0 22 24
47 563.5 439.0 39 34
47 616.5 409.5 21 19
47 677.5 403.0 33 34
47 633.0 351.5 36 29
47 646.5 330.5 29 19
47 629.5 268.0 37 36
47 635.5 249.5 33 23
47 792.5 336.5 29 35
47 776.5 234.5 31 35
47 757.5 104.5 35 41
47 718.0 121.0 32 20
47 665.0 134.0 38 24
47 543.0 55.0 22 24
47 543.0 350.0 24 24
47 394.0 370.5 12 19
47 555.5 74.5 29 25
