47 95.0 246.5 48 43
47 104.0 225.0 34 24
47 136.5 264.5 49 39
47 134.5 300.5 45 37
47 171.0 226.5 26 41
47 198.0 195.5 42 47
47 174.5 329.5 33 33
47 226.5 129.5 43 49
47 257.5 393.5 37 33
47 325.0 345.0 30 32
47 317.0 380.0 34 28
47 261.5 99.5 19 15
47 285.5 174.0 39 36
47 384.0 207.0 54 48
47 385.5 174.5 51 35
47 414.5 262.5 49 43
47 416.0 360.0 36 32
47 450.5 237.5 31 49
47 414.0 319.0 30 32
47 513.5 418.5 33 43
47 513.0 211.5 54 51
47 535.0 262.5 52 51
47 557.0 223.0 44 34
47 567.5 181.0 51 52
47 478.5 70.0 37 50
47 537.5 89.0 45 40
47 606.0 166.5 38 31
47 573.5 285.0 41 46
47 573.5 371.0 35 36
47 653.5 534.5 35 31
47 665.5 560.0 35 32
47 635.0 262.5 50 49
47 621.5 237.0 33 28
47 668.5 246.0 41 56
47 767.5 278.5 57 49
47 968.5 281.0 49 50
47 1059.0 175.5 48 37
47 980.5 158.0 49 70
47 863.5 45.5 41 47
47 854.0 161.0 22 34
47 735.5 69.5 39 23
47 790.5 340.0 37 44
47 573.5 326.0 31 38
47 1011.0 132.5 42 47
47 1084.0 122.0 30 32
47 1043.0 79.0 14 18
