47 927.0 36.0 28 50
47 820.0 312.0 20 18
47 825.0 329.0 20 16
47 802.5 331.5 23 29
47 837.0 389.0 24 30
47 761.5 383.5 21 31
47 745.0 440.5 32 27
47 586.0 433.5 34 31
47 596.5 412.5 27 29
47 562.5 472.0 15 14
47 572.0 505.0 20 14
47 652.5 458.0 23 14
47 698.5 503.0 27 22
47 678.0 537.0 20 20
47 677.5 549.0 19 14
47 726.5 531.5 27 33
47 748.0 463.5 16 17
47 778.0 445.5 28 29
47 800.5 450.0 19 24
47 806.0 498.5 30 27
47 798.0 522.5 34 35
47 839.0 587.5 16 33
47 831.5 515.0 27 26
47 856.0 294.5 24 23
47 840.5 309.0 21 26
47 864.5 77.0 23 18
47 891.0 16.0 40 30
