47 224.0 79.0 34 22
47 241.0 17.5 32 31
47 279.0 9.5 24 17
47 285.5 125.0 27 32
47 327.5 100.5 29 31
47 350.5 68.0 19 26
47 375.0 75.0 20 32
47 365.0 177.5 20 23
47 381.0 157.5 26 21
47 403.5 204.0 19 22
47 433.0 238.0 30 24
47 425.0 259.5 30 25
47 410.5 306.5 29 29
47 428.5 191.5 25 25
47 459.5 183.5 15 23
47 602.0 606.0 40 38
47 645.0 682.0 36 46
47 733.0 649.5 28 47
47 756.0 417.5 30 31
47 603.0 484.5 24 21
47 637.0 69.0 28 40
47 657.0 187.5 26 33
47 717.0 251.0 24 24
47 695.5 358.5 19 21
47 722.0 95.0 28 26
47 706.5 64.5 25 25
47 705.5 83.5 27 29
47 731.5 72.5 25 19
47 752.5 63.5 35 21
47 770.0 38.5 18 21
47 755.0 16.0 24 18
47 583.5 107.0 21 28
