47 141.0 296.5 22 25
47 155.5 361.5 39 35
47 160.5 391.0 13 16
47 169.5 399.0 15 14
47 176.5 334.5 43 39
47 215.0 333.5 38 37
47 235.5 382.0 35 24
47 255.5 393.0 43 42
47 316.5 437.5 37 39
47 316.5 403.0 33 32
47 288.5 346.0 19 12
47 361.5 418.0 41 38
47 403.5 391.5 31 35
47 417.5 483.5 29 21
47 420.0 459.0 24 34
47 423.0 418.0 30 38
47 428.0 357.0 28 24
47 358.5 298.0 35 24
47 327.5 300.5 33 17
47 479.0 437.0 42 36
47 497.5 486.0 23 28
47 551.0 483.5 32 43
47 536.5 460.0 25 36
47 517.5 428.0 21 22
47 582.0 409.0 40 42
47 646.0 442.5 34 39
47 632.0 374.0 22 20
47 629.5 334.5 35 39
47 609.0 169.5 40 47
47 638.5 239.0 31 32
47 641.5 274.0 31 22
47 687.0 380.5 40 31
47 712.5 426.5 21 17
47 672.0 189.5 30 33
47 683.5 160.0 23 20
47 766.0 297.5 28 27
47 768.0 367.0 36 26
47 700.5 258.0 31 20
47 763.0 18.5 36 33
47 815.5 283.5 29 37
47 890.5 342.0 25 20
47 889.0 286.0 32 32
47 841.0 510.5 34 31
47 840.5 535.0 31 18
47 823.5 43.5 31 41
47 826.5 69.5 19 23
47 922.5 360.5 27 27
47 984.5 231.5 31 35
47 960.0 301.5 40 29
47 942.0 91.0 28 18
47 947.5 113.5 19 25
47 1142.5 322.0 37 20
47 1145.0 341.0 34 30
47 859.5 144.0 27 26
47 965.0 45.0 24 22
47 248.5 303.5 27 11
47 610.5 249.0 21 20
47 748.5 667.0 25 34
47 1059.0 394.5 18 15
47 1095.0 166.0 30 24
47 705.0 235.0 28 22
