47 226.5 398.5 39 33
47 388.5 649.5 27 23
47 391.5 345.0 27 32
47 529.5 364.5 31 45
47 513.5 207.0 33 28
47 457.5 166.0 39 44
47 649.0 363.5 26 39
47 706.5 351.5 41 37
47 711.0 451.0 20 30
47 740.0 567.5 26 35
47 787.5 412.5 17 19
47 807.5 368.0 27 20
47 780.0 51.0 24 24
47 813.5 57.5 19 19
47 891.5 314.5 39 43
47 883.5 464.0 25 34
47 884.0 511.0 26 36
47 849.5 509.0 19 24
47 495.0 167.5 36 19
47 532.5 154.0 19 24
47 605.5 44.5 23 19
47 456.5 12.0 17 24
47 908.0 164.0 28 22
47 748.5 545.5 17 25
