47 661.0 219.5 8 11
47 715.5 205.0 9 8
47 734.0 166.5 14 17
47 803.5 63.0 13 20
47 793.5 180.0 11 16
47 827.5 127.0 7 8
47 841.0 129.5 6 9
47 850.0 243.0 12 10
47 841.5 282.0 29 18
47 803.0 295.0 18 18
47 774.5 252.5 21 7
47 730.0 354.5 12 9
47 739.5 358.5 9 9
47 714.0 362.5 10 13
47 687.5 382.5 13 17
47 701.0 361.5 8 7
47 659.0 374.0 22 22
47 652.5 397.0 7 8
47 623.0 377.0 16 16
47 531.0 412.0 14 12
47 754.0 448.5 14 9
47 771.5 421.5 25 23
47 757.0 404.5 14 23
47 808.0 365.5 20 17
47 614.5 440.5 11 11
47 612.5 360.0 7 4
47 605.0 371.5 6 5
47 544.5 459.0 15 12
47 540.0 479.0 10 16
47 464.5 470.5 19 15
47 438.0 464.0 10 8
47 408.5 404.0 19 16
47 467.0 389.0 22 20
47 427.0 326.5 18 17
47 440.5 298.5 15 11
47 447.0 318.0 20 20
47 455.0 569.0 18 12
47 448.5 658.0 13 14
47 403.5 674.0 15 16
47 329.0 544.0 10 8
47 317.0 594.5 18 19
47 313.5 614.0 11 14
47 281.5 611.0 31 20
47 247.5 590.0 19 18
47 295.0 574.0 22 18
47 276.0 533.0 18 20
47 220.0 543.5 12 7
47 199.0 501.0 16 18
47 231.0 524.5 20 11
47 262.0 508.0 12 14
47 682.5 600.0 15 22
47 708.5 668.0 17 12
47 718.0 583.5 14 13
47 701.0 535.0 14 10
47 709.5 547.0 9 6
47 787.5 587.0 7 10
47 783.5 607.0 9 16
47 796.0 620.5 20 21
47 820.0 631.5 16 9
47 844.0 683.0 12 8
47 876.0 716.5 14 5
47 881.5 630.0 11 12
47 889.0 645.0 8 8
47 912.0 708.0 8 4
47 420.0 301.0 20 14
47 407.5 452.5 19 23
47 492.0 509.5 24 21
47 470.0 518.5 30 29
47 284.5 511.5 19 13
47 290.5 453.5 21 21
47 293.5 474.5 23 21
47 271.0 461.0 14 12
47 838.5 74.0 29 24
47 827.5 594.5 19 31
47 879.0 677.5 24 37
47 831.5 713.0 21 12
