47 10.0 498.0 20 22
47 24.0 482.0 24 26
47 9.5 478.5 19 19
47 29.5 556.5 23 29
47 55.0 508.5 32 31
47 68.5 516.0 27 30
47 97.0 535.5 28 31
47 119.5 486.5 33 25
47 123.5 575.0 35 34
47 136.0 503.5 40 29
47 178.0 558.0 38 28
47 174.5 525.0 33 30
47 195.5 513.0 33 26
47 182.5 462.0 25 12
47 204.0 484.0 28 30
47 237.0 501.5 26 21
47 138.0 556.0 34 24
47 253.5 457.0 29 30
47 246.0 421.0 34 28
47 299.0 357.5 40 35
47 265.0 571.0 30 22
47 272.5 588.0 25 24
47 291.5 517.0 23 12
47 316.0 518.0 24 18
47 311.0 477.0 18 20
47 302.0 460.5 26 23
47 366.5 484.5 15 11
47 407.5 480.0 11 16
47 448.0 495.0 16 14
47 460.0 493.5 8 11
47 441.0 406.5 24 33
47 446.0 357.5 32 23
47 434.0 601.0 32 30
47 459.5 600.0 27 30
47 389.5 442.0 17 14
47 482.0 652.5 40 37
47 470.0 639.5 30 33
47 480.0 615.0 30 22
47 508.0 641.0 26 22
47 512.0 460.5 30 21
47 577.5 407.0 35 32
47 577.0 431.5 22 17
47 589.5 509.0 31 34
47 519.5 607.5 25 21
47 542.0 602.5 26 29
47 570.5 577.5 19 31
47 596.5 570.5 21 23
47 635.5 580.0 35 36
47 661.0 657.5 24 29
47 734.0 590.0 42 26
47 776.0 586.5 16 21
47 792.5 567.5 27 15
47 790.0 498.0 28 26
47 772.0 434.0 24 32
47 864.5 586.0 29 28
47 867.0 555.5 32 33
47 850.0 167.5 26 25
47 859.5 198.5 33 29
47 160.0 11.0 30 22
47 229.0 6.0 24 12
47 353.5 39.0 31 32
47 563.5 18.0 31 34
47 543.0 163.0 20 38
47 212.0 18.0 24 32
47 65.0 555.5 20 17
47 209.0 473.0 32 24
47 358.0 681.5 18 21
47 505.5 669.5 33 29
