47 78.5 269.0 25 26
47 149.5 289.5 29 31
47 192.5 307.5 29 29
47 237.0 256.5 40 31
47 238.0 232.0 34 24
47 290.0 216.0 32 36
47 293.0 281.0 28 34
47 307.0 316.0 22 26
47 423.5 374.5 33 37
47 358.5 425.0 13 12
47 422.5 311.0 25 18
47 398.5 358.5 7 15
47 327.0 269.0 22 18
47 354.5 184.5 13 17
47 341.0 151.0 12 6
47 373.5 125.0 21 16
47 434.0 149.0 16 10
47 467.0 137.0 16 14
47 455.5 246.5 33 27
47 487.0 313.0 30 24
47 499.5 375.5 29 25
47 453.5 344.5 13 9
47 473.0 432.5 20 13
47 553.5 455.0 29 32
47 583.0 493.5 30 35
47 550.0 219.5 36 33
47 571.5 163.0 37 38
47 599.5 140.5 29 37
47 679.0 93.0 26 18
47 663.5 199.0 35 36
47 618.0 248.0 38 22
47 621.0 154.5 20 13
47 683.5 195.0 33 28
47 702.0 172.0 36 36
47 747.0 138.5 32 35
47 726.5 275.0 33 34
47 705.0 274.5 6 11
47 770.5 113.5 31 35
47 842.0 182.0 26 30
47 928.0 122.5 50 51
47 1093.5 553.5 33 25
47 1092.5 507.0 33 20
47 1066.5 539.5 25 31
47 1016.5 644.5 37 39
47 954.0 692.5 26 31
47 951.0 368.5 40 33
47 911.0 372.5 46 31
47 822.5 267.5 33 33
47 801.5 372.0 33 30
47 793.5 466.0 31 24
47 838.5 462.0 35 28
47 849.5 495.5 31 31
47 636.0 358.5 38 33
47 616.5 401.5 27 33
47 587.5 451.0 15 26
47 629.0 450.0 24 12
47 637.0 638.5 18 23
47 665.5 706.0 21 24
47 597.0 714.0 18 10
47 716.5 620.5 17 13
47 762.5 610.5 19 23
47 650.5 670.0 9 16
47 704.0 512.5 14 21
47 493.5 219.5 17 15
