47 31.0 370.0 34 30
47 47.0 393.0 38 26
47 64.5 372.5 27 29
47 76.0 346.5 30 35
47 98.0 310.5 34 19
47 133.0 358.5 36 31
47 192.5 307.5 39 29
47 231.0 348.5 38 33
47 135.0 377.5 34 17
47 187.0 391.0 28 24
47 208.5 373.5 35 31
47 166.5 342.5 39 21
47 246.0 404.5 26 25
47 328.0 454.5 30 25
47 365.5 499.5 27 27
47 385.5 510.0 23 24
47 315.5 283.5 33 27
47 357.5 404.5 23 31
47 381.5 394.0 23 20
47 435.5 370.5 35 35
47 377.0 373.0 18 20
47 432.0 174.5 20 17
47 260.5 312.0 23 22
47 281.0 389.5 36 27
47 329.0 270.0 18 22
47 496.5 480.5 31 27
47 516.5 520.0 29 26
47 524.0 460.0 40 30
47 572.0 395.5 26 33
47 597.5 407.0 31 28
47 645.5 410.5 25 21
47 628.5 438.0 21 24
47 524.0 289.5 30 31
47 599.5 264.5 39 29
47 590.5 232.5 31 39
47 683.0 274.5 34 33
47 776.0 381.5 32 39
47 701.5 288.0 27 28
47 676.5 393.5 21 27
47 753.0 399.0 24 22
47 760.5 419.0 21 20
47 722.5 238.5 21 25
47 867.0 379.0 34 34
47 925.5 396.0 43 26
47 1022.5 442.0 35 30
47 409.5 391.0 23 18
47 126.5 326.5 35 33
47 525.0 486.5 40 25
47 551.5 243.5 31 39
47 500.5 299.5 27 19
47 666.0 304.0 12 12
47 866.5 436.0 15 12
47 846.5 455.0 19 12
47 967.5 695.5 25 43
47 1021.5 470.5 35 33
47 925.0 326.0 22 24
47 898.5 411.5 15 21
47 682.0 199.0 24 24
47 735.5 196.5 17 23
