47 782.5 520.0 35 28
47 358.5 462.5 35 31
47 348.0 512.5 26 29
47 204.5 435.5 29 23
47 385.0 478.0 30 30
47 382.0 449.5 30 27
47 452.0 510.0 24 22
47 457.0 490.5 24 17
47 433.0 570.0 30 26
47 424.5 662.5 27 33
47 454.5 664.0 23 26
47 485.0 626.0 24 28
47 486.5 438.5 21 15
47 431.0 158.5 22 23
47 406.5 52.0 17 20
47 461.0 34.0 20 18
47 525.0 214.0 22 28
47 249.0 532.5 20 17
47 208.0 469.0 22 26
47 438.5 352.0 25 18
47 675.5 569.0 29 34
47 755.0 497.0 28 20
47 688.0 488.5 26 25
47 455.0 589.0 24 24
47 458.0 230.0 20 30
47 552.5 629.0 23 32
47 507.5 301.0 23 26
47 455.0 95.0 18 14
47 431.0 93.0 18 22
47 480.5 38.5 17 7
47 529.5 120.0 19 20
47 485.0 206.5 16 27
47 514.0 240.0 14 22
47 489.0 274.0 12 16
47 393.0 611.0 20 26
47 479.5 574.0 21 22
47 458.0 626.5 16 29
47 464.5 703.0 25 22
47 466.0 716.5 32 5
47 403.5 707.5 25 23
47 478.0 663.5 22 19
47 501.0 703.5 32 31
47 567.5 422.0 13 18
47 701.0 493.0 24 26
47 716.5 341.0 35 22
47 711.0 304.5 34 19
47 600.0 265.5 18 19
