47 165.5 106.5 37 37
47 148.0 74.0 30 28
47 182.5 70.5 37 35
47 182.5 100.0 27 26
47 249.5 238.0 27 30
47 334.0 251.0 30 28
47 346.5 277.5 27 29
47 239.5 663.5 29 25
47 351.5 633.0 37 32
47 356.0 657.0 30 32
47 384.5 670.0 41 38
47 345.0 693.5 34 31
47 450.5 615.5 33 37
47 473.5 650.0 29 36
47 535.0 636.0 22 30
47 617.5 649.5 23 27
47 549.5 571.0 25 32
47 624.5 237.5 35 39
47 629.5 620.5 27 29
47 642.0 663.0 28 36
47 745.0 627.0 34 32
47 666.0 646.5 28 23
47 828.0 526.5 30 33
47 545.5 675.0 29 26
47 558.0 628.0 30 42
47 240.0 681.0 44 24
47 298.0 616.5 32 31
47 228.5 96.5 35 35
47 911.0 64.0 36 24
47 677.5 611.5 25 23
47 344.0 713.0 36 12
