47 185.5 274.5 27 27
47 203.5 313.0 31 30
47 208.0 338.5 24 21
47 201.5 362.0 27 24
47 256.0 358.5 26 21
47 260.0 342.0 10 14
47 224.5 308.5 17 17
47 338.0 291.0 22 28
47 311.5 282.5 27 31
47 374.5 311.0 21 20
47 351.5 364.5 19 17
47 340.5 375.5 21 19
47 301.0 384.0 16 16
47 355.5 266.0 19 18
47 353.0 256.0 18 10
47 393.5 350.0 23 18
47 392.5 373.5 27 23
47 416.5 353.5 21 23
47 416.0 369.0 24 16
47 686.5 322.0 33 32
47 675.0 305.0 16 28
47 622.5 370.5 33 29
47 503.0 477.0 18 18
47 526.5 470.5 17 13
47 540.5 484.0 23 26
47 821.5 276.5 19 27
47 617.0 213.0 20 24
47 609.0 190.5 24 21
47 809.0 450.0 20 20
47 799.0 462.5 18 17
47 780.0 465.0 26 26
47 772.0 451.5 22 17
47 799.5 444.5 17 21
47 691.5 611.0 25 26
47 580.5 577.5 29 25
47 547.5 591.5 21 19
47 575.5 554.5 19 19
47 510.5 529.5 23 21
47 585.0 711.0 30 16
47 540.0 681.0 14 20
47 564.0 231.0 26 24
47 570.0 331.5 24 31
47 595.5 534.0 15 28
47 778.5 504.0 17 16
47 444.5 347.5 21 11
47 252.5 405.5 11 11
47 315.0 681.0 30 34
47 335.0 682.5 16 29
47 526.5 693.0 17 12
47 216.0 364.5 14 13
47 462.0 287.0 18 20
47 232.5 9.0 31 18
47 318.0 8.0 12 16
47 333.5 13.0 21 26
47 351.5 8.5 17 17
47 686.0 62.0 28 26
47 734.5 107.5 23 21
47 735.0 94.0 20 14
47 759.0 84.5 22 23
47 561.5 110.0 25 24
47 562.0 135.0 26 26
47 624.5 124.0 21 26
47 929.0 605.0 36 32
47 847.0 696.0 12 22
47 862.0 708.0 22 20
47 578.5 243.0 21 20
47 607.0 602.0 18 22
