47 510.0 207.0 10 14
47 518.0 227.0 16 22
47 500.0 237.0 24 16
47 537.5 300.0 21 18
47 481.5 323.0 17 18
47 481.0 374.0 16 16
47 430.0 264.5 4 5
47 534.0 385.0 16 12
47 540.5 431.0 25 24
47 564.5 352.0 9 12
47 665.5 379.0 7 14
47 615.0 376.0 16 22
47 733.0 283.0 18 18
47 781.0 255.0 12 8
47 793.5 111.5 9 9
47 814.0 71.5 16 19
47 861.0 143.0 22 10
47 891.0 181.0 20 16
47 933.0 167.5 28 19
47 944.0 127.0 12 16
47 922.0 19.5 14 11
47 766.0 285.5 12 9
47 708.0 502.5 14 7
47 673.5 557.0 11 10
47 800.5 495.5 17 11
47 865.0 528.0 8 14
47 878.5 540.0 19 20
47 900.0 551.5 12 11
47 910.5 507.0 15 14
47 929.5 609.5 11 13
47 866.5 682.5 13 17
47 961.5 647.0 15 10
47 869.5 512.5 7 11
47 790.0 585.0 6 8
47 760.5 510.0 19 16
47 583.5 580.5 15 13
47 517.0 552.0 8 10
47 526.5 466.5 11 11
47 402.5 467.5 13 9
47 389.0 512.0 20 16
47 385.5 532.5 15 13
47 355.5 526.0 25 16
47 320.0 506.5 18 17
47 365.5 495.0 17 18
47 349.5 453.5 19 19
47 355.0 432.0 12 6
47 337.5 426.5 15 13
47 272.0 419.0 16 16
47 364.5 391.0 21 14
47 362.0 373.5 20 19
47 342.0 381.0 12 12
47 741.0 363.0 12 12
47 483.0 215.0 30 22
47 301.0 442.5 28 17
47 692.0 287.5 30 27
47 813.0 261.0 30 14
47 841.5 299.0 19 24
47 837.0 344.0 16 16
47 775.0 444.0 30 18
47 919.5 522.0 19 18
47 968.5 549.5 21 17
47 987.0 556.0 20 18
47 972.5 589.0 31 14
47 961.0 612.5 22 23
47 952.0 674.0 18 20
47 1003.0 601.5 16 17
47 992.0 637.5 14 21
47 462.0 567.5 22 25
47 476.5 590.0 15 14
47 360.5 555.0 23 22
