47 26.5 386.0 51 50
47 36.5 369.5 43 31
47 173.5 320.5 43 39
47 231.5 446.0 55 52
47 270.5 401.0 55 46
47 193.0 21.5 36 41
47 234.0 302.0 36 44
47 383.5 416.0 51 38
47 321.5 405.5 15 21
47 283.5 452.0 29 40
47 382.0 463.0 32 32
47 396.5 500.5 49 37
47 363.0 532.0 26 36
47 512.0 639.0 36 44
47 421.5 255.5 13 25
47 448.5 253.0 23 28
47 466.5 237.5 35 39
47 500.5 228.0 35 36
47 537.0 227.5 46 45
47 481.0 281.5 40 23
47 517.0 292.5 38 37
47 526.0 318.0 38 30
47 614.5 211.5 27 17
47 634.0 258.0 42 46
47 649.0 316.5 28 27
47 639.5 355.0 31 38
47 675.0 334.0 38 40
47 652.0 514.5 44 33
47 744.5 271.5 25 25
47 889.5 264.0 45 48
47 810.0 360.0 20 28
47 1180.5 145.0 47 42
47 1169.5 87.0 25 28
47 346.5 452.0 33 30
47 845.5 353.5 33 33
47 795.0 521.5 28 21
47 743.5 575.0 43 38
47 1236.0 72.0 28 24
47 638.0 5.5 38 9
