47 33.5 502.5 19 23
47 51.0 587.5 38 35
47 122.0 510.0 36 30
47 147.5 586.0 35 36
47 158.5 561.0 29 20
47 188.0 549.0 24 26
47 212.0 581.5 42 37
47 165.0 636.0 38 32
47 119.0 633.0 28 22
47 300.5 518.0 35 34
47 337.0 510.5 34 27
47 447.5 624.0 33 32
47 493.5 618.0 33 36
47 543.5 15.0 27 18
47 525.0 567.0 8 18
47 550.0 511.0 38 40
47 661.5 77.0 23 24
47 660.0 101.0 26 18
47 684.5 38.0 31 36
47 681.0 86.5 14 17
47 561.5 417.5 35 35
47 574.5 460.0 39 36
47 621.0 502.5 36 33
47 634.5 473.5 29 27
47 605.5 472.0 29 36
47 591.0 402.5 32 33
47 612.0 393.5 22 23
47 673.5 465.5 31 35
47 800.0 30.5 28 29
47 790.0 55.5 38 29
47 712.5 73.0 27 32
47 825.0 58.0 34 36
47 832.5 145.5 27 29
47 774.5 606.5 25 27
47 772.0 636.0 28 26
47 740.5 352.5 29 29
47 793.0 348.5 22 21
47 789.0 392.0 22 20
47 809.0 466.5 32 29
47 800.0 554.5 26 27
47 798.5 521.0 19 22
47 866.5 495.0 23 20
47 863.0 452.5 16 17
47 897.5 446.0 23 16
47 159.0 606.0 18 10
47 162.5 673.5 29 35
47 210.0 649.0 36 40
47 236.5 679.5 21 21
47 268.0 713.0 30 10
47 289.5 663.0 33 32
47 312.5 690.0 33 30
47 331.0 705.5 26 23
47 362.0 459.5 12 15
47 401.5 526.5 33 29
47 431.5 515.5 25 35
47 386.5 650.0 15 14
47 450.5 650.0 33 28
47 531.5 705.5 19 21
47 573.0 711.0 14 14
47 550.5 57.0 33 24
47 697.0 631.5 38 23
47 797.5 436.5 23 7
47 700.0 398.0 14 26
