47 372.5 9.0 15 14
47 343.0 19.0 24 18
47 381.5 43.5 23 19
47 325.0 53.0 26 22
47 343.0 51.5 18 21
47 362.5 72.0 21 28
47 353.5 91.0 15 16
47 318.0 94.5 10 15
47 308.0 142.5 10 19
47 444.5 100.0 15 18
47 433.0 122.5 26 27
47 404.5 126.0 15 12
47 458.0 172.5 16 19
47 467.5 185.5 13 19
47 502.5 197.0 15 16
47 449.0 233.0 12 18
47 466.5 231.5 13 13
47 483.5 238.5 15 19
47 352.5 216.5 45 39
47 387.5 255.0 47 42
47 490.5 310.0 45 40
47 549.5 277.0 15 16
47 556.0 263.0 12 10
47 438.0 380.0 24 18
47 562.0 19.0 14 20
47 669.5 18.0 27 28
47 638.5 63.5 29 23
47 755.5 10.5 39 21
47 722.0 52.0 24 24
47 675.0 95.0 28 36
47 850.0 10.0 30 18
47 848.5 34.0 19 14
47 813.0 29.5 24 15
47 796.5 64.0 19 24
47 773.5 126.5 21 19
47 850.5 153.5 17 13
47 689.0 142.5 16 15
47 659.5 151.5 15 15
47 710.0 182.5 34 23
47 621.0 211.0 22 30
47 707.0 254.0 20 16
47 701.0 277.5 20 25
47 693.0 296.5 18 19
47 771.5 357.0 21 20
47 687.5 337.5 21 19
47 725.0 341.0 18 18
47 685.5 356.5 19 21
47 718.5 432.5 17 17
47 816.5 461.0 15 18
47 747.0 560.5 24 21
47 409.5 411.5 13 23
47 402.0 396.5 8 27
47 478.0 500.0 16 20
47 561.0 406.0 20 20
47 574.5 443.0 27 32
47 598.5 453.0 33 32
47 686.5 494.0 41 40
47 712.5 523.0 35 36
47 728.0 678.5 22 23
47 687.0 657.0 26 22
47 626.0 708.0 36 22
47 640.5 684.0 35 36
47 599.0 611.5 36 37
47 586.5 549.5 33 39
47 551.0 471.0 30 24
47 566.0 496.5 34 35
47 516.0 504.0 14 24
47 459.0 566.5 30 33
47 509.0 554.5 20 15
47 509.0 582.5 32 27
47 532.5 611.5 29 31
47 495.5 651.5 27 29
47 496.0 678.0 14 20
47 547.0 654.0 26 40
47 358.0 590.5 22 15
47 354.5 608.5 29 27
47 334.5 631.5 33 33
47 314.0 640.5 14 21
47 356.5 643.5 25 23
47 358.0 667.5 24 33
47 330.0 712.5 32 13
47 146.0 552.0 30 24
47 149.0 577.0 26 24
47 147.0 594.5 22 13
47 157.0 609.5 24 23
47 126.5 630.5 25 23
47 82.0 671.5 24 27
47 117.0 656.5 26 27
47 145.0 660.0 26 24
47 212.0 663.0 22 24
47 180.0 693.5 26 33
47 148.0 715.5 18 5
47 583.0 59.0 12 10
47 751.0 690.0 16 20
47 331.0 72.5 26 19
47 429.0 146.5 20 19
47 481.5 275.0 11 14
47 113.5 602.0 15 14
47 149.5 678.0 25 28
47 487.5 418.0 15 16
47 424.0 240.0 40 42
