47 142.5 600.5 39 39
47 114.0 593.5 36 33
47 152.0 685.5 42 41
47 156.5 165.0 37 24
47 198.0 125.0 26 32
47 149.5 138.5 15 23
47 301.5 47.5 33 33
47 223.0 107.5 32 17
47 228.5 185.0 35 34
47 319.5 101.0 25 26
47 277.5 163.0 21 16
47 371.0 164.5 22 23
47 269.5 536.5 27 33
47 283.5 548.5 15 19
47 315.5 531.0 31 26
47 304.5 573.5 39 31
47 401.0 288.0 28 30
47 414.0 298.5 24 31
47 394.5 661.0 33 30
47 470.5 143.0 25 34
47 414.5 228.5 31 17
47 359.0 670.5 28 25
47 615.5 187.5 35 33
47 529.5 34.0 19 16
47 626.0 534.0 30 32
47 722.0 156.0 22 20
47 626.0 66.5 20 15
47 478.0 267.0 32 26
47 555.5 293.0 23 26
47 536.0 332.0 26 30
47 413.0 503.0 26 22
47 479.0 589.5 30 27
47 478.0 614.0 40 34
47 511.5 626.5 27 23
47 522.5 653.0 19 24
47 488.5 491.5 31 27
47 811.5 531.5 33 33
47 688.0 512.5 28 19
47 507.0 517.0 20 20
47 429.0 179.0 16 18
47 257.5 567.0 37 30
47 291.5 607.0 21 16
47 343.0 650.5 18 15
47 391.0 704.0 24 16
47 419.5 689.0 11 18
47 574.0 39.0 18 14
47 498.0 660.0 18 14
47 856.0 44.0 30 30
47 476.5 711.5 27 15
