47 68.5 336.0 35 26
47 84.0 355.0 38 34
47 115.5 310.5 31 31
47 106.5 339.0 23 30
47 138.5 276.0 37 18
47 173.0 325.0 36 28
47 176.5 344.5 35 21
47 227.0 358.0 32 28
47 211.0 308.0 28 26
47 232.5 270.5 35 35
47 274.0 312.0 36 36
47 250.5 337.5 33 29
47 287.0 373.0 24 28
47 374.0 426.5 32 27
47 307.0 274.5 32 21
47 356.5 239.5 27 29
47 373.5 226.5 17 31
47 324.0 354.0 30 30
47 404.5 367.5 19 35
47 420.5 342.5 19 25
47 408.5 477.0 25 28
47 427.5 488.5 25 25
47 481.0 327.0 32 34
47 542.0 450.5 32 25
47 562.0 490.5 28 25
47 566.5 434.5 33 33
47 476.5 134.0 21 30
47 566.0 264.0 32 28
47 652.0 216.5 40 39
47 641.0 179.5 34 43
47 620.5 358.0 25 36
47 643.0 373.0 32 34
47 677.5 411.0 19 20
47 699.5 374.0 33 24
47 730.0 352.0 20 30
47 713.5 264.5 29 19
47 736.0 231.5 40 37
47 761.5 246.5 23 29
47 780.5 197.0 25 24
47 833.0 347.5 32 33
47 816.0 382.5 22 19
47 933.5 333.0 37 38
47 994.0 354.0 42 30
47 1099.0 395.0 42 32
47 601.0 199.5 26 39
47 571.0 458.5 38 21
47 430.0 365.0 24 30
47 456.5 348.0 21 14
47 172.0 292.0 42 36
47 736.5 147.5 27 23
47 808.5 361.0 29 24
47 837.5 324.0 17 14
47 732.5 276.5 25 19
47 676.5 241.5 25 23
47 1093.0 435.5 38 35
47 986.5 280.0 31 24
47 919.0 407.0 40 38
47 1033.5 677.0 27 40
