47 431.0 309.5 26 25
47 678.5 128.0 21 18
47 399.5 252.0 19 24
47 431.0 272.0 22 22
47 452.0 264.5 18 25
47 462.5 302.0 25 20
47 427.0 200.0 18 20
47 412.5 235.5 23 13
47 617.5 76.5 27 19
47 501.5 215.5 15 17
47 369.5 90.5 23 21
47 269.0 143.5 24 25
47 236.0 51.5 20 23
47 228.0 31.5 18 19
47 414.0 20.5 22 23
47 348.0 73.0 24 24
47 367.0 70.0 20 16
47 606.5 359.0 13 18
47 292.5 225.0 17 20
47 337.5 191.5 11 11
47 469.0 378.5 18 17
47 340.5 7.0 19 12
47 438.5 14.0 21 24
47 471.5 37.0 23 22
47 464.5 65.0 15 18
47 379.0 294.0 16 20
47 498.0 453.0 16 12
47 583.5 424.5 11 19
47 582.0 455.0 30 22
47 502.5 472.0 19 16
47 592.0 136.0 20 28
47 617.0 142.0 30 32
47 634.5 148.5 19 21
47 662.0 120.5 16 21
47 684.5 136.0 21 20
47 742.5 234.0 19 16
