47 213.0 74.0 24 18
47 306.5 94.5 31 27
47 321.5 120.5 25 23
47 616.0 63.0 32 38
47 88.0 607.5 40 37
47 225.0 524.0 32 32
47 282.0 471.0 30 30
47 226.0 551.0 44 26
47 340.5 488.0 37 30
47 352.5 514.5 33 27
47 340.0 560.5 34 29
47 337.0 594.0 38 36
47 332.0 627.0 22 14
47 383.0 535.5 38 37
47 445.5 471.0 35 36
47 420.5 586.5 29 39
47 470.0 516.0 32 28
47 464.5 534.0 25 22
47 529.5 487.0 25 26
47 548.5 528.5 23 27
47 554.0 485.5 22 25
47 546.5 419.5 21 25
47 577.5 674.5 31 31
47 603.5 651.0 25 34
47 638.0 607.0 30 30
47 627.5 468.5 23 31
47 616.5 496.0 23 30
47 643.0 511.5 32 29
47 666.0 491.0 28 18
47 751.5 477.0 25 24
47 837.5 375.0 19 26
47 973.5 583.0 47 42
47 762.0 659.5 32 35
47 596.0 538.0 16 16
47 824.5 682.0 21 44
47 681.0 468.5 16 41
