47 280.5 116.0 35 38
47 325.5 106.5 39 31
47 330.0 152.0 36 38
47 402.5 29.0 39 44
47 668.0 213.5 48 49
47 669.0 332.0 36 40
47 723.5 144.0 27 24
47 754.5 183.0 39 38
47 783.5 128.0 45 44
47 806.0 148.5 40 35
47 837.0 214.5 40 33
47 883.5 42.5 45 37
47 834.5 316.0 35 18
47 917.5 179.0 67 64
47 902.0 330.5 28 33
47 1025.5 226.5 13 37
47 1161.0 198.5 64 63
47 1041.0 284.0 20 28
47 1163.5 300.0 33 16
47 1085.0 670.0 52 54
47 983.5 706.5 35 25
47 901.5 625.5 39 39
47 828.0 682.5 46 51
47 786.0 702.5 50 31
47 713.5 635.5 39 47
47 690.5 669.0 35 38
47 660.0 707.5 30 19
47 385.5 704.0 41 28
47 547.5 46.5 41 27
47 540.5 83.0 35 22
47 486.5 226.0 33 32
47 473.0 206.0 30 18
47 794.0 258.5 20 25
47 828.5 256.0 29 24
47 961.0 84.5 28 23
47 881.5 648.0 33 36
47 695.0 288.5 20 11
47 1012.5 180.0 17 10
47 1107.5 469.0 39 46
