47 784.5 142.0 25 18
47 640.0 199.5 18 23
47 589.5 114.5 35 43
47 592.5 155.5 33 35
47 489.0 14.5 36 29
47 519.5 4.5 23 9
47 452.0 101.5 24 33
47 458.5 151.0 31 32
47 423.0 179.5 42 39
47 446.0 205.5 20 31
47 403.5 200.0 27 24
47 364.5 138.5 25 39
47 343.5 19.0 31 30
47 337.0 147.5 22 25
47 260.0 203.5 32 27
47 256.5 589.5 33 27
47 270.0 618.0 38 36
47 161.5 588.0 27 28
47 258.5 22.5 43 45
47 197.5 29.5 33 37
47 222.0 40.0 16 26
47 219.0 13.0 18 22
47 197.0 135.0 32 34
47 55.5 60.5 37 35
47 60.5 519.0 43 36
47 81.5 491.5 31 33
47 86.0 457.0 32 32
47 505.5 214.5 13 27
47 617.5 158.5 13 11
47 377.5 193.0 29 22
47 45.0 464.5 24 41
47 132.5 510.5 41 29
47 390.0 142.0 18 10
47 558.5 123.0 19 18
47 760.0 142.5 16 17
47 702.0 106.5 16 13
47 936.5 294.5 37 31
47 886.5 412.0 37 30
47 574.0 618.0 36 40
