47 148.5 496.5 37 33
47 240.5 432.0 37 36
47 377.5 344.0 33 28
47 433.5 290.5 33 33
47 382.5 383.5 31 17
47 480.5 418.5 37 31
47 486.0 387.5 36 31
47 486.5 304.0 33 34
47 497.5 334.5 37 31
47 521.5 370.0 37 36
47 589.5 295.0 37 34
47 564.0 403.5 34 35
47 636.0 516.0 30 20
47 474.5 455.0 21 14
47 716.5 504.5 27 29
47 688.5 361.5 31 25
47 665.0 308.5 22 33
47 444.0 423.5 32 35
47 776.5 442.5 39 33
47 740.5 482.5 27 39
47 905.0 499.5 30 31
47 911.0 470.0 22 24
47 783.5 335.5 33 35
47 809.0 320.5 34 29
47 774.0 296.5 32 41
47 757.5 326.5 27 29
47 897.5 308.5 29 27
47 1143.0 368.5 62 51
47 1029.0 669.5 42 43
47 1072.0 675.5 32 37
47 985.5 219.0 31 30
47 691.5 246.0 29 24
47 944.5 472.5 37 39
47 772.5 158.5 39 37
47 147.0 464.0 26 22
47 378.0 363.0 28 16
47 538.0 381.5 24 23
47 560.5 373.0 23 18
47 609.0 343.0 30 36
47 970.5 520.5 21 19
47 1115.5 668.0 17 34
47 1093.5 674.5 21 37
47 957.5 209.0 19 16
47 104.5 460.0 15 16
47 129.0 504.0 18 20
47 593.0 416.5 22 23
47 705.5 429.5 17 29
47 662.5 418.0 37 16
47 1101.0 427.0 26 12
