47 72.0 420.5 36 27
47 110.0 455.0 28 20
47 108.0 477.0 34 24
47 101.5 504.5 33 25
47 91.0 552.5 28 27
47 114.0 558.0 28 36
47 180.5 247.5 33 31
47 169.5 304.5 31 25
47 193.0 285.0 38 38
47 221.0 328.0 32 36
47 215.5 377.0 31 26
47 213.0 400.5 32 21
47 197.5 449.5 35 31
47 183.0 353.5 18 33
47 172.0 500.5 38 21
47 121.5 533.0 25 18
47 284.5 402.0 33 34
47 329.0 405.0 38 26
47 374.5 531.5 31 33
47 397.5 598.5 33 33
47 321.5 631.0 29 28
47 138.5 630.0 25 22
47 181.0 477.5 38 41
47 397.0 362.5 28 29
47 398.0 401.0 30 20
47 380.0 455.5 24 19
47 399.5 479.0 19 24
47 289.0 495.5 28 21
47 459.0 594.0 32 28
47 472.5 382.5 33 29
47 535.5 268.0 35 30
47 672.5 236.5 33 33
47 680.0 594.5 38 37
47 704.0 541.5 26 37
47 465.0 129.5 30 25
47 578.0 278.0 28 26
47 497.0 339.0 30 30
47 347.0 514.0 14 18
47 345.0 558.0 16 24
47 245.5 263.0 27 26
47 265.5 284.5 29 25
47 256.5 310.0 27 26
47 451.5 253.5 25 21
47 399.0 219.5 18 19
47 409.5 100.0 19 22
47 432.5 136.0 21 20
47 409.5 197.0 17 24
47 505.0 15.0 26 22
47 518.5 5.5 25 9
47 520.5 179.0 17 26
47 682.0 138.0 28 22
47 679.5 178.0 25 26
47 631.5 148.5 15 25
47 582.0 11.0 14 16
47 631.5 41.5 23 25
47 624.0 247.5 18 19
47 641.0 394.0 26 28
47 683.0 654.5 22 27
47 750.5 697.5 35 43
47 579.0 463.5 20 25
47 559.5 330.0 23 26
47 373.0 618.5 26 25
47 370.0 477.5 28 25
47 330.0 477.0 30 20
47 379.5 430.0 27 32
47 455.5 637.0 21 30
47 413.0 635.0 24 28
47 404.5 451.5 17 19
47 342.5 454.5 31 23
47 333.0 701.0 28 28
47 281.0 707.5 28 23
47 305.0 692.0 18 24
47 261.5 649.5 27 35
47 259.5 527.0 31 18
47 197.5 318.0 25 32
47 208.0 578.5 16 13
47 304.0 471.5 36 27
47 619.0 202.0 18 24
47 385.5 571.0 21 22
47 407.5 568.0 25 30
47 442.5 527.0 11 12
47 169.0 566.0 16 18
