47 89.5 355.0 45 42
47 85.0 325.0 40 34
47 116.5 352.0 27 42
47 205.5 325.0 51 46
47 214.0 300.5 48 39
47 330.5 245.5 29 35
47 397.0 382.0 46 38
47 381.5 229.0 39 44
47 425.0 339.5 46 45
47 532.5 228.0 39 40
47 510.0 344.5 22 31
47 538.5 366.0 35 30
47 544.0 417.5 40 35
47 522.5 449.5 31 39
47 527.5 395.0 21 22
47 652.5 517.5 37 35
47 601.5 173.0 31 36
47 653.5 261.5 23 27
47 611.5 214.5 33 27
47 560.5 228.5 19 21
47 566.5 179.5 39 43
47 631.5 170.5 35 41
47 657.5 172.0 27 42
47 764.5 204.5 47 27
47 769.0 248.5 36 43
47 832.5 243.0 35 36
47 798.5 216.5 39 39
47 751.5 151.0 27 26
47 1014.5 254.5 51 45
47 1008.0 213.5 52 39
47 1083.0 245.5 40 31
47 1138.5 241.0 31 30
47 869.5 177.0 49 42
47 883.5 204.5 23 21
47 473.5 343.0 17 22
47 938.0 417.5 22 17
47 1155.0 73.0 28 26
47 1045.5 94.5 37 33
