47 685.0 527.5 34 33
47 632.0 573.5 30 33
47 590.0 625.0 44 40
47 655.0 501.0 32 32
47 609.0 383.0 30 30
47 595.0 278.5 26 27
47 618.5 163.0 31 24
47 633.0 260.5 26 25
47 600.5 117.0 29 22
47 602.5 77.0 29 28
47 486.5 131.0 23 24
47 418.5 98.0 25 26
47 408.5 257.5 21 23
47 245.5 542.5 31 33
47 399.0 650.0 24 30
47 395.5 619.0 33 30
47 402.0 551.0 34 32
47 219.0 679.0 34 24
47 393.5 228.0 19 24
47 614.0 69.0 30 28
47 607.0 245.5 22 17
47 658.5 522.5 27 25
47 649.5 547.0 13 18
47 591.0 679.0 14 20
47 617.5 691.5 27 27
47 637.5 708.5 33 21
47 642.5 697.5 29 27
47 717.0 713.0 28 12
47 416.5 55.0 15 18
47 421.0 137.5 20 23
47 464.0 119.0 14 12
47 348.5 41.0 25 24
47 405.5 36.5 13 19
47 402.0 48.5 16 9
47 356.0 6.5 20 11
47 384.0 577.0 32 28
47 410.5 628.5 15 13
47 523.5 160.0 17 22
47 250.0 513.5 36 31
47 194.0 9.0 26 18
47 266.5 8.0 23 14
47 386.0 21.5 20 13
47 205.0 705.0 32 28
47 236.0 712.0 18 14
47 252.5 692.5 31 33
47 415.0 690.0 16 20
47 561.0 282.0 16 22
47 502.0 266.0 14 18
47 502.5 233.0 15 20
47 480.0 268.0 18 12
