47 141.5 577.5 31 29
47 138.5 691.0 35 36
47 203.0 564.0 32 30
47 189.0 606.5 26 27
47 242.5 655.5 33 25
47 249.5 627.5 41 31
47 289.5 661.0 29 30
47 269.5 402.5 33 27
47 229.0 539.5 30 33
47 282.5 608.5 31 31
47 275.0 582.5 26 19
47 329.5 561.0 29 24
47 410.5 509.5 29 29
47 624.5 440.0 27 26
47 577.5 443.5 31 33
47 677.5 406.5 33 27
47 644.0 371.5 28 29
47 638.0 178.5 20 27
47 599.5 182.5 27 29
47 623.0 57.5 26 25
47 325.0 673.0 26 28
47 613.5 271.0 23 24
47 426.5 172.5 21 21
47 151.5 658.5 27 29
47 340.0 696.0 28 26
47 269.0 377.5 24 19
47 224.0 611.5 26 25
47 620.0 553.5 26 31
47 700.5 581.0 25 22
47 650.0 394.5 30 19
47 439.0 11.0 22 18
47 408.0 479.0 24 26
47 115.5 673.5 31 31
47 201.0 713.0 26 12
47 221.0 582.5 26 23
47 273.5 543.5 17 15
47 271.0 563.5 14 9
47 257.5 585.0 19 14
47 260.0 711.5 22 15
47 242.5 714.5 13 9
47 319.5 700.0 25 22
47 300.5 710.5 31 17
47 354.0 673.0 28 24
47 454.0 568.5 24 19
47 526.0 648.0 28 26
47 481.5 713.0 31 12
47 415.0 140.0 18 16
47 441.5 46.0 19 22
47 399.0 444.5 24 23
47 410.0 422.0 24 22
47 419.5 560.5 31 27
47 583.5 529.5 17 13
47 607.0 538.0 22 30
47 665.5 598.0 17 24
47 716.0 608.0 28 24
47 746.0 597.5 12 19
47 616.0 166.5 22 19
47 612.5 194.0 17 16
47 519.0 223.0 18 20
47 500.0 39.0 26 32
47 480.5 26.0 9 12
47 608.0 19.5 24 23
