47 61.0 53.0 30 30
47 87.5 58.5 23 33
47 121.5 44.0 43 40
47 157.5 134.5 51 45
47 204.0 114.5 40 35
47 216.0 148.0 46 42
47 209.5 35.0 37 36
47 258.0 97.0 34 36
47 301.0 77.0 42 38
47 350.0 44.5 40 39
47 363.0 149.0 34 36
47 268.0 216.0 30 30
47 142.5 228.5 35 29
47 50.5 239.0 31 28
47 86.0 248.5 30 31
47 74.0 262.0 32 32
47 28.0 321.5 40 29
47 84.5 285.0 25 16
47 62.5 278.0 19 18
47 333.0 194.5 22 25
47 225.5 259.5 31 27
47 27.5 352.0 35 34
47 58.0 353.0 26 26
47 69.5 378.0 27 18
47 92.0 341.0 40 32
47 218.5 321.0 25 26
47 242.5 322.0 21 20
47 247.0 340.0 24 24
47 123.0 352.5 28 29
47 107.5 367.5 35 29
47 102.0 381.0 28 18
47 50.5 428.0 27 28
47 138.0 398.5 30 23
47 62.5 469.5 31 29
47 102.0 509.5 28 27
47 92.0 538.5 22 19
47 123.0 530.5 18 19
47 345.5 336.5 21 23
47 378.0 206.0 28 28
47 262.5 441.5 41 41
47 202.5 364.5 27 27
47 180.0 479.0 28 26
47 138.5 342.0 31 28
47 143.0 488.5 32 27
47 260.0 542.5 34 43
47 295.5 535.0 37 42
47 249.0 564.5 30 29
47 344.0 475.0 34 36
47 116.0 614.0 34 32
47 107.5 596.0 29 14
47 209.5 598.5 35 31
47 199.5 626.0 35 32
47 86.5 631.0 33 36
47 53.0 639.5 34 35
47 41.0 696.5 38 43
47 54.0 679.5 36 35
47 31.5 672.5 31 27
47 84.5 677.5 37 25
47 92.5 689.0 41 30
47 93.0 708.0 44 22
47 153.5 662.0 39 38
47 252.5 673.0 31 34
47 398.5 386.5 39 41
47 430.5 406.0 39 38
47 424.5 357.0 31 18
47 455.5 443.5 33 23
47 291.0 674.0 20 28
47 355.5 438.5 47 27
47 525.0 682.0 40 54
47 563.0 653.5 54 39
47 749.5 398.5 31 29
47 715.0 478.5 34 25
47 628.5 455.5 29 19
47 600.0 553.0 50 60
47 687.5 507.0 47 50
47 761.5 544.5 35 25
47 753.0 603.5 48 43
47 750.0 650.0 34 30
47 768.5 710.5 35 13
47 749.0 85.0 32 40
47 804.5 94.0 43 40
47 838.0 140.0 36 36
47 862.0 171.5 38 41
47 939.5 106.5 45 43
47 933.0 52.5 44 43
47 893.5 64.0 35 34
47 867.0 134.0 22 34
47 893.0 157.0 40 40
47 904.0 302.5 36 31
47 847.0 292.0 42 36
47 956.5 594.0 49 48
47 9.5 689.5 17 19
47 132.5 699.5 39 39
47 231.0 374.5 24 19
47 356.5 560.5 19 21
47 728.5 540.5 35 19
