47 854.0 115.5 30 29
47 871.0 92.0 16 28
47 693.5 59.5 27 25
47 669.0 186.5 12 11
47 644.0 410.0 32 34
47 668.5 33.5 21 25
47 643.5 8.5 27 15
47 666.5 5.0 15 8
47 681.0 2.5 12 3
47 570.5 92.5 19 27
47 581.0 69.5 20 23
47 519.0 91.5 28 23
47 495.0 94.0 22 22
47 499.5 13.5 31 25
47 509.5 31.0 13 10
47 501.0 68.0 24 20
47 473.5 79.5 29 21
47 479.5 46.5 19 15
47 444.5 23.0 35 34
47 412.0 28.5 16 21
47 455.5 63.0 23 26
47 347.0 79.0 30 26
47 293.0 16.0 28 22
47 254.5 6.0 15 10
47 351.5 422.5 29 23
47 360.5 450.0 25 28
47 261.0 410.0 26 20
47 238.5 295.5 25 17
47 177.5 306.0 39 32
47 199.5 290.5 21 33
47 198.5 264.0 33 32
47 163.5 265.5 23 25
47 867.5 212.5 17 11
47 968.5 119.5 33 33
47 956.5 155.5 21 15
47 926.0 232.5 42 27
47 864.5 711.0 19 16
