47 954.5 536.0 53 36
47 775.0 490.5 44 43
47 610.5 132.0 27 28
47 753.5 156.0 19 24
47 950.5 81.5 39 43
47 224.5 531.5 43 39
47 238.0 553.5 42 39
47 221.5 407.0 43 40
47 235.0 390.5 24 29
47 376.0 497.0 52 40
47 373.5 403.0 29 40
47 312.5 371.5 35 37
47 496.0 384.5 34 45
47 530.5 374.5 37 33
47 711.5 614.0 31 32
47 642.0 601.0 28 38
47 637.0 637.0 24 32
47 516.5 579.0 23 36
47 471.0 471.0 16 26
47 1003.0 420.5 32 31
47 308.0 412.5 24 19
47 713.5 666.5 21 19
47 651.5 140.0 21 24
47 1009.0 124.5 40 37
47 316.0 431.0 32 18
47 354.0 68.0 36 36
47 373.0 89.5 30 17
47 419.5 448.5 25 33
47 538.0 304.5 30 29
47 892.0 298.5 20 59
47 819.0 233.0 28 18
47 882.5 377.0 35 30
47 1029.5 371.0 19 28
47 1010.5 572.5 33 47
47 886.5 613.5 67 43
47 905.0 520.5 26 27
47 553.5 497.0 29 32
47 556.5 563.5 19 33
47 627.0 522.0 40 36
47 698.5 699.0 37 28
