47 381.0 498.0 32 32
47 406.5 600.5 33 31
47 562.5 596.0 25 40
47 346.5 611.5 31 23
47 375.0 624.0 32 34
47 651.0 416.5 32 33
47 623.5 390.0 19 30
47 651.0 383.0 34 30
47 666.5 311.5 29 23
47 567.0 384.5 24 31
47 725.5 337.5 37 31
47 395.5 651.5 33 37
47 364.5 556.0 33 18
47 435.0 520.0 36 30
47 444.0 541.5 28 29
47 525.0 590.0 28 26
47 567.0 659.5 24 21
47 529.5 689.5 37 35
47 661.0 251.5 28 27
47 768.0 295.5 26 29
47 791.5 310.5 29 33
47 823.5 317.5 39 33
47 708.0 381.0 34 32
47 727.0 223.0 18 22
47 492.5 34.0 23 24
47 583.0 337.5 26 27
47 568.0 686.5 26 27
47 634.5 662.5 25 23
47 719.5 689.0 21 36
47 600.0 381.0 20 20
47 556.0 713.5 16 11
47 392.5 550.0 29 24
47 594.5 162.0 21 30
47 602.5 195.5 19 19
47 705.0 180.5 26 41
47 576.5 110.5 27 17
47 564.0 100.5 12 11
