47 339.5 244.5 29 39
47 384.0 286.0 32 40
47 380.5 242.5 33 43
47 358.5 216.5 13 15
47 457.0 171.0 42 40
47 551.5 183.5 27 13
47 598.0 174.5 34 41
47 588.5 198.0 31 24
47 719.0 362.0 42 42
47 723.5 265.5 35 21
47 811.0 334.5 42 49
47 888.5 378.0 39 32
47 940.5 191.0 51 44
47 958.0 319.0 44 44
47 835.5 251.5 35 47
47 862.5 279.5 23 25
47 878.5 469.0 25 20
47 816.5 414.5 35 19
47 979.5 272.0 29 32
47 968.5 349.5 21 27
47 948.0 361.5 16 15
47 987.5 79.0 35 38
47 1022.0 215.5 28 25
47 1014.0 293.0 26 32
47 1083.5 385.0 17 34
47 1103.5 441.0 19 20
47 1034.5 330.0 29 24
47 1218.0 338.5 50 37
47 1169.5 682.0 27 20
47 721.0 447.5 32 33
47 1131.5 49.5 41 43
47 1034.5 14.0 19 20
47 1171.0 627.5 36 53
47 845.0 384.5 22 19
47 782.0 291.5 24 19
47 732.0 484.5 14 15
47 886.5 418.0 25 24
47 897.0 276.5 20 15
47 929.0 277.0 20 22
47 870.0 354.0 26 22
47 1071.0 338.5 14 31
47 1230.5 365.5 57 37
47 776.5 268.0 29 24
47 531.5 351.0 29 40
47 1230.0 467.0 38 24
