47 499.0 110.5 14 13
47 505.0 130.5 18 21
47 525.0 210.5 20 21
47 467.5 241.5 17 19
47 491.0 264.5 8 7
47 493.5 283.0 7 4
47 521.5 296.0 19 14
47 525.0 333.0 14 8
47 516.0 374.5 10 9
47 674.5 188.5 9 11
47 728.5 187.0 13 14
47 773.5 171.0 9 8
47 694.5 199.0 11 10
47 864.0 32.0 24 10
47 897.5 66.5 23 21
47 941.0 54.5 30 23
47 776.0 334.0 22 14
47 780.5 371.0 9 22
47 796.0 395.5 20 25
47 755.5 419.0 15 22
47 717.0 441.0 14 14
47 715.5 368.0 15 14
47 722.0 429.0 6 6
47 778.0 506.5 16 19
47 860.5 444.0 9 10
47 874.0 454.5 22 19
47 909.5 421.0 17 14
47 917.5 436.5 17 19
47 900.5 465.0 13 12
47 925.5 528.5 7 13
47 959.5 566.5 19 11
47 964.0 525.0 32 40
47 860.5 612.0 15 18
47 796.0 593.0 10 12
47 599.0 525.0 8 8
47 564.0 533.5 14 9
47 571.0 506.5 16 11
47 557.0 429.0 8 8
47 416.5 300.5 9 5
47 541.5 129.5 11 9
47 506.0 456.0 10 22
47 408.0 399.5 14 15
47 386.0 388.5 18 9
47 370.5 430.0 21 18
47 369.0 451.0 18 18
47 336.5 478.0 15 8
47 328.0 434.5 16 7
47 347.5 410.5 21 15
47 299.5 419.5 17 17
47 249.0 334.0 14 16
47 331.0 370.5 22 19
47 316.0 345.0 16 14
47 337.0 347.0 12 12
47 345.0 309.5 22 17
47 343.0 289.5 20 19
47 322.0 298.0 12 14
47 341.0 443.5 12 13
47 245.5 380.5 9 7
47 440.0 493.0 12 12
47 462.5 512.0 13 12
47 607.5 265.5 19 35
47 550.0 278.5 6 9
47 920.5 480.0 13 8
47 474.0 134.0 16 16
47 486.5 142.0 23 16
47 354.0 354.5 22 23
47 833.0 233.0 28 38
47 845.5 196.5 21 31
47 893.5 612.5 15 11
47 829.5 585.0 23 24
