47 64.0 22.0 16 22
47 65.5 53.0 27 34
47 112.0 60.5 38 35
47 85.0 57.5 14 13
47 109.0 43.5 32 21
47 119.5 30.5 21 19
47 174.0 16.5 20 21
47 224.0 6.5 16 11
47 196.5 42.0 19 16
47 246.0 29.5 18 15
47 235.0 71.0 18 24
47 269.0 53.0 16 18
47 244.0 160.5 36 33
47 67.0 103.0 22 22
47 84.0 118.5 20 17
47 91.0 165.0 32 20
47 92.5 144.5 13 23
47 115.0 149.0 32 28
47 124.5 168.0 29 18
47 151.0 178.5 32 27
47 463.0 33.5 36 31
47 423.5 56.0 33 34
47 422.5 77.0 23 18
47 497.5 116.0 35 30
47 481.5 139.5 29 35
47 668.5 28.0 31 34
47 601.0 104.0 18 24
47 453.0 198.5 20 23
47 378.5 128.0 33 30
47 318.0 173.5 32 37
47 306.5 240.0 21 20
47 399.0 247.5 34 35
47 419.0 274.5 18 23
47 449.5 290.0 25 20
47 761.5 200.0 17 20
47 797.5 228.0 21 22
47 768.5 298.0 21 22
47 712.5 308.0 29 32
47 742.5 316.5 25 25
47 654.5 328.0 29 36
47 641.0 313.0 18 14
47 698.5 345.5 17 13
47 734.5 361.0 31 34
47 857.5 343.5 17 13
47 806.0 388.5 22 21
47 783.0 381.5 20 27
47 762.0 351.5 16 19
47 730.5 430.5 37 37
47 695.5 488.0 37 26
47 745.0 476.0 20 16
47 767.5 543.0 33 32
47 808.5 532.0 41 42
47 880.5 563.5 31 35
47 823.0 609.0 28 18
47 714.5 590.0 41 42
47 607.0 514.5 28 31
47 615.5 563.0 29 36
47 680.0 634.5 28 27
47 608.5 629.5 15 19
47 580.0 675.0 36 36
47 613.0 678.5 24 27
47 630.0 708.0 34 22
47 583.0 448.5 10 17
47 521.0 621.5 18 19
47 513.5 666.0 13 20
47 434.0 672.5 20 21
47 469.0 352.0 20 22
47 524.5 371.5 15 15
47 494.0 452.0 14 16
47 266.5 259.5 21 21
47 283.0 284.5 26 19
47 273.0 317.5 26 25
47 315.0 299.5 18 19
47 334.0 297.0 14 22
47 305.5 337.0 25 26
47 273.0 344.0 24 24
47 291.5 360.0 25 20
47 380.0 378.0 20 24
47 445.0 380.0 18 16
47 455.5 407.0 15 16
47 532.0 458.0 18 20
47 527.5 481.0 17 22
47 520.0 499.0 18 14
47 306.0 448.0 22 20
47 288.5 422.5 19 25
47 222.5 359.5 17 13
47 192.0 431.5 26 27
47 226.0 451.5 22 19
47 282.0 503.0 20 20
47 290.0 558.0 24 24
47 170.5 496.5 33 29
47 219.5 504.5 29 29
47 244.0 537.5 28 25
47 260.5 557.5 21 21
47 270.0 590.5 26 29
47 246.5 575.0 19 28
47 222.5 581.0 33 26
47 233.5 604.5 23 19
47 253.5 625.5 25 27
47 220.5 641.5 27 27
47 194.5 674.5 29 27
47 219.5 678.0 23 16
47 205.0 699.0 24 28
47 308.5 700.0 13 20
47 347.0 697.0 32 30
47 338.5 715.0 27 6
47 482.5 504.5 11 11
47 488.5 520.5 11 15
47 477.5 522.0 13 14
47 739.0 646.5 14 13
47 734.0 666.5 12 11
47 421.5 152.0 11 14
47 391.0 94.0 36 22
47 156.0 122.5 28 23
47 383.0 643.0 24 18
47 509.0 461.5 14 23
47 467.0 413.0 16 18
47 656.5 459.0 11 12
47 489.0 34.5 26 41
