47 938.5 714.5 27 9
47 916.5 642.5 21 23
47 811.5 491.0 21 28
47 722.0 590.5 30 27
47 611.0 191.0 20 34
47 642.0 608.5 22 17
47 655.0 572.5 20 19
47 614.0 627.0 24 26
47 609.5 581.5 23 33
47 592.5 611.5 17 25
47 609.0 708.0 30 20
47 525.0 639.5 20 21
47 511.0 597.0 22 22
47 532.0 590.5 18 29
47 529.0 528.5 16 17
47 424.5 575.5 37 37
47 448.0 622.5 34 31
47 395.5 691.0 25 36
47 361.0 629.5 36 33
47 372.5 642.0 23 22
47 313.0 690.5 40 33
47 318.5 656.5 35 33
47 336.5 615.5 29 25
47 323.5 593.0 37 32
47 268.0 570.5 32 33
47 323.0 229.0 24 24
47 312.0 206.0 30 32
47 221.0 182.5 24 19
47 210.0 620.5 30 25
47 214.0 642.0 30 24
47 192.0 643.5 8 17
47 69.0 691.5 40 35
47 138.0 49.5 36 39
47 200.0 41.0 30 30
47 159.5 43.0 15 22
47 160.0 16.0 28 30
47 122.5 11.5 23 19
47 896.5 24.5 29 23
