47 305.0 213.0 32 34
47 347.5 250.5 33 41
47 344.0 209.5 30 33
47 418.5 127.5 41 41
47 563.5 144.0 39 32
47 557.5 174.0 35 22
47 690.0 307.0 40 42
47 697.0 420.0 22 30
47 714.5 381.0 19 28
47 741.5 236.5 31 25
47 780.0 275.0 40 30
47 799.0 218.0 38 44
47 822.0 232.5 36 39
47 853.0 417.5 32 23
47 860.5 314.0 39 26
47 901.5 139.0 45 42
47 935.5 256.0 51 54
47 977.5 257.5 25 19
47 1001.5 266.5 17 11
47 1072.0 374.5 24 33
47 931.5 291.0 27 26
47 1058.5 324.0 19 32
47 1186.5 292.0 65 66
47 929.0 416.5 34 21
47 949.0 32.0 32 40
47 502.5 319.0 27 34
47 977.5 172.0 31 26
47 1086.0 12.5 32 23
47 1143.0 568.5 40 65
47 1185.5 402.0 27 12
