47 109.5 389.0 33 30
47 142.0 349.0 28 28
47 208.0 358.0 24 32
47 229.0 374.5 22 19
47 240.5 424.0 25 32
47 241.0 293.0 30 34
47 282.5 277.5 33 29
47 281.5 305.0 27 24
47 250.0 321.0 28 22
47 309.5 317.5 21 23
47 313.0 374.5 26 23
47 366.0 386.5 28 29
47 390.5 377.5 25 27
47 400.0 422.5 28 27
47 397.5 464.0 37 32
47 353.0 400.0 20 20
47 361.5 260.0 31 30
47 392.0 278.5 26 39
47 357.0 317.5 14 15
47 414.5 342.5 21 21
47 443.0 349.0 26 14
47 501.0 262.0 32 30
47 468.5 315.0 19 16
47 490.5 331.0 25 20
47 483.0 379.5 32 35
47 439.0 490.0 32 32
47 492.0 426.5 26 25
47 506.5 365.5 35 37
47 596.0 497.5 32 33
47 563.5 220.0 19 30
47 601.5 210.0 27 24
47 625.0 244.0 32 30
47 701.5 369.0 21 20
47 704.0 447.0 22 24
47 678.5 510.5 17 25
47 688.5 538.5 23 21
47 646.0 197.5 24 31
47 687.5 86.0 27 28
47 742.5 272.0 25 28
47 843.0 164.0 26 28
47 837.5 409.5 23 25
47 919.0 439.5 36 35
47 890.5 200.5 31 29
47 1014.5 93.0 33 32
47 980.0 34.5 20 25
47 980.0 446.5 22 27
47 998.0 516.0 36 34
47 311.0 300.0 26 32
47 291.0 336.5 40 25
47 380.5 329.5 15 11
47 506.5 390.5 19 17
47 679.0 224.0 20 20
47 726.5 166.5 21 33
47 845.5 125.0 25 18
47 901.0 215.0 20 22
47 716.0 694.5 22 29
47 505.0 490.5 16 15
47 834.5 614.5 13 17
47 1185.5 76.0 19 20
47 1228.0 489.0 52 42
47 794.0 307.5 24 31
47 621.0 281.0 20 26
47 603.5 265.0 25 24
47 686.0 336.5 26 29
47 652.0 408.0 22 14
47 1031.5 630.5 17 15
47 1103.5 483.0 41 34
47 775.5 608.0 15 16
