47 107.0 351.5 32 21
47 112.5 323.5 27 21
47 118.0 310.0 18 22
47 196.5 286.5 43 35
47 168.5 302.0 23 18
47 151.5 360.5 33 29
47 177.5 354.5 41 37
47 182.5 381.0 39 30
47 219.5 366.0 37 18
47 204.0 263.0 38 36
47 229.5 239.5 29 31
47 252.5 371.0 35 24
47 245.0 402.0 34 32
47 308.5 335.0 37 42
47 267.0 280.0 28 18
47 271.5 240.0 35 28
47 331.0 240.5 16 17
47 358.5 283.0 21 26
47 369.0 252.5 34 19
47 362.5 225.0 21 26
47 388.0 340.0 44 30
47 399.0 304.0 18 16
47 409.5 389.0 31 18
47 443.5 708.0 37 22
47 531.5 663.5 37 43
47 518.0 704.5 22 13
47 442.0 90.0 32 26
47 467.0 102.5 30 39
47 469.5 169.0 19 36
47 493.0 35.0 32 30
47 531.0 29.5 24 29
47 557.0 17.5 22 27
47 521.5 68.5 25 31
47 546.5 88.5 25 27
47 526.5 133.5 15 27
47 492.5 131.0 19 20
47 479.5 137.5 29 15
47 488.5 222.0 29 36
47 483.5 251.5 29 25
47 605.0 147.5 34 37
47 555.0 191.0 32 30
47 555.0 228.5 32 29
47 527.5 293.0 31 30
47 546.5 386.5 33 29
47 533.5 407.5 33 33
47 548.5 461.0 31 28
47 521.5 459.0 13 10
47 522.5 488.0 17 12
47 565.0 503.5 24 27
47 669.5 144.5 29 25
47 583.0 243.5 20 25
47 633.5 345.0 29 36
47 604.0 432.5 18 17
47 643.5 463.0 39 34
47 705.0 514.0 24 28
47 692.5 248.0 31 20
47 697.0 342.5 14 17
47 747.5 115.5 37 37
47 786.5 91.5 29 27
47 872.0 59.5 24 21
47 943.5 67.0 21 30
47 992.0 69.5 36 35
47 900.5 93.0 41 24
47 837.0 121.0 24 20
47 850.0 158.0 32 24
47 770.0 206.5 22 33
47 743.5 247.5 27 35
47 759.0 287.0 34 30
47 825.0 274.5 28 25
47 838.5 320.5 33 25
47 851.0 368.0 30 16
47 741.0 391.5 18 21
47 767.5 636.0 37 44
47 864.0 659.0 24 28
47 865.5 571.5 33 35
47 883.0 510.0 26 16
47 914.5 518.5 35 33
47 914.5 370.5 31 25
47 852.0 437.0 26 28
47 590.5 358.5 15 23
