47 223.5 32.5 19 21
47 244.0 14.0 26 22
47 195.5 10.0 17 20
47 171.0 13.5 22 23
47 193.0 114.0 20 20
47 222.5 133.5 21 23
47 381.0 305.5 26 23
47 436.5 260.5 19 21
47 225.5 92.5 23 21
47 606.0 168.0 28 24
47 362.0 81.5 18 21
47 376.5 74.0 17 24
47 428.5 48.5 23 21
47 445.5 27.0 23 20
47 390.5 249.5 17 19
47 339.0 123.5 22 19
47 288.5 232.0 27 24
47 263.0 242.5 20 21
47 344.5 602.5 25 25
47 460.5 530.0 23 24
47 587.0 508.0 28 24
47 639.5 366.0 29 26
47 709.5 407.0 21 18
47 640.5 416.0 19 26
47 635.0 590.0 22 22
47 528.0 524.5 18 21
47 396.0 21.0 18 18
47 553.0 504.5 16 21
47 552.0 539.0 24 12
47 405.5 343.5 11 13
47 325.5 219.5 23 17
47 259.0 84.0 18 16
47 603.0 415.0 24 14
47 594.5 451.0 23 18
47 201.0 95.0 20 18
47 592.5 466.5 19 11
47 600.0 495.5 14 21
47 621.0 174.0 18 18
47 462.5 96.5 19 13
47 279.0 68.5 22 19
47 243.0 34.0 16 20
47 229.5 46.0 23 18
47 226.5 7.0 17 12
47 211.5 119.5 13 19
47 252.0 137.5 18 27
47 306.5 178.5 13 9
47 261.5 183.0 13 12
47 334.0 292.0 20 22
47 498.0 637.5 24 27
47 519.0 659.5 24 31
47 485.0 714.5 26 9
47 606.0 540.5 18 17
47 623.0 624.0 20 18
47 656.0 692.0 22 38
47 466.5 373.0 19 16
47 242.5 76.0 17 18
