47 193.5 323.5 31 21
47 185.0 298.0 16 18
47 235.5 281.5 27 31
47 270.0 341.5 26 23
47 258.5 265.5 31 21
47 335.5 203.0 31 34
47 347.0 210.0 16 18
47 509.0 284.0 24 26
47 437.5 431.5 25 25
47 449.0 441.5 24 23
47 656.5 333.0 31 32
47 671.5 345.0 19 34
47 762.0 303.5 30 25
47 405.5 322.0 15 20
47 449.5 384.0 23 12
47 563.0 189.0 24 12
47 313.5 319.5 19 11
47 355.0 258.5 28 27
47 468.0 332.5 14 13
47 578.5 476.0 27 32
47 868.0 690.0 26 26
47 671.0 698.5 34 33
47 454.5 655.0 21 22
47 354.5 697.0 27 26
47 470.5 698.5 15 15
47 311.0 700.5 26 31
47 560.0 123.5 28 31
47 524.0 57.0 18 22
47 547.0 80.0 18 22
47 513.0 377.0 14 12
47 529.0 132.5 22 15
47 506.0 301.0 20 10
47 658.0 206.5 24 21
47 893.0 176.0 24 26
47 682.0 572.0 22 28
47 738.5 673.0 19 22
47 849.0 102.0 32 36
47 595.0 432.5 22 29
47 526.5 639.0 27 26
47 565.5 88.0 9 16
