47 867.5 266.5 39 39
47 831.5 238.5 43 43
47 780.0 334.5 34 31
47 659.0 237.5 36 31
47 665.5 271.5 31 33
47 563.0 312.5 34 23
47 521.5 335.0 31 34
47 445.5 208.0 27 24
47 319.5 287.0 13 20
47 355.0 309.0 26 28
47 344.5 359.5 25 23
47 323.5 384.5 35 31
47 294.0 369.5 16 37
47 260.0 348.0 38 38
47 221.0 341.0 20 26
47 231.0 380.5 34 31
47 198.5 386.5 33 33
47 59.5 412.0 43 34
47 203.0 488.0 28 18
47 267.0 537.5 34 25
47 489.5 369.0 37 36
47 456.0 450.5 26 31
47 463.0 536.5 30 41
47 458.0 509.5 26 21
47 443.5 492.0 13 16
47 519.5 513.0 31 28
47 550.5 433.0 33 34
47 594.5 498.0 43 40
47 597.5 531.5 35 31
47 645.0 445.5 38 35
47 704.5 463.0 31 34
47 431.0 242.0 18 28
47 490.0 320.5 16 21
47 418.0 429.0 12 20
47 251.5 387.5 39 39
47 160.0 456.0 18 24
47 871.5 227.0 25 40
47 937.5 639.0 33 36
47 711.5 608.0 17 16
