47 163.5 309.5 33 31
47 194.5 325.0 29 24
47 202.0 356.0 46 40
47 191.0 391.5 42 41
47 228.5 360.5 13 15
47 397.5 424.5 25 27
47 386.0 457.5 34 25
47 411.0 463.5 16 15
47 422.5 400.0 31 32
47 442.5 367.0 47 44
47 480.5 315.0 37 40
47 509.0 294.0 30 26
47 538.0 501.0 32 20
47 546.5 488.0 31 28
47 561.0 336.5 24 17
47 718.0 255.0 38 32
47 626.5 368.0 43 38
47 619.5 398.5 43 49
47 646.0 453.0 34 30
47 629.5 508.5 31 29
47 625.5 529.0 25 14
47 741.0 404.0 46 48
47 767.5 315.0 17 32
47 803.0 383.5 42 49
47 782.5 421.5 37 29
47 764.5 454.0 43 40
47 792.5 479.0 25 30
47 848.5 425.5 27 25
47 838.0 360.5 32 27
47 904.5 427.0 31 28
47 861.0 459.0 32 32
47 1005.5 477.5 51 45
47 1121.0 226.0 44 42
47 985.0 202.5 24 31
47 1226.0 515.0 46 46
47 50.5 382.5 39 35
47 1108.0 78.5 26 29
47 1103.0 330.0 22 26
47 978.0 228.5 22 21
47 796.0 510.5 24 29
47 863.0 711.0 20 14
47 779.5 277.0 25 28
