47 328.5 290.0 41 40
47 593.5 100.0 39 38
47 690.5 128.0 39 36
47 633.5 300.0 39 36
47 572.5 338.5 17 19
47 654.0 372.5 34 25
47 645.5 353.0 37 32
47 676.0 453.5 28 27
47 661.5 507.5 35 33
47 668.5 484.0 17 20
47 686.0 467.5 28 29
47 685.5 492.5 23 19
47 701.0 371.5 30 23
47 749.0 247.0 34 24
47 764.0 242.0 24 24
47 873.5 296.5 37 37
47 912.0 268.0 28 36
47 906.0 303.0 34 34
47 765.0 452.0 26 34
47 788.5 476.5 31 39
47 772.0 533.5 26 37
47 863.5 329.0 31 34
47 528.5 275.5 11 15
47 771.0 21.5 26 19
47 779.0 51.0 12 18
47 922.0 40.5 38 35
47 833.0 271.0 34 26
47 884.5 459.0 27 36
47 1033.0 275.0 30 34
47 575.5 283.5 31 31
47 509.0 367.5 16 15
47 824.0 432.5 30 37
47 742.5 429.0 29 30
47 653.0 632.0 20 30
47 662.0 621.0 16 16
47 738.0 400.0 24 40
47 774.0 426.0 24 18
47 881.0 480.5 30 17
47 833.0 488.5 26 37
47 932.0 256.5 20 9
