47 359.5 333.0 39 36
47 536.5 417.5 23 27
47 615.0 149.0 38 34
47 712.0 172.0 38 40
47 660.0 345.5 36 35
47 604.5 333.5 27 23
47 598.5 381.5 19 17
47 676.0 392.0 38 26
47 797.0 84.5 36 45
47 726.5 418.5 29 25
47 681.5 413.5 37 23
47 707.0 495.5 24 23
47 860.0 310.0 32 24
47 943.5 82.0 33 26
47 936.5 305.0 29 36
47 961.5 289.0 27 16
47 903.0 331.0 38 36
47 932.0 339.5 32 33
47 887.5 364.0 35 28
47 854.5 465.5 37 41
47 863.5 534.5 29 29
47 917.0 488.5 26 19
47 914.0 512.5 28 35
47 819.5 512.0 31 36
47 796.5 487.5 23 37
47 775.0 469.0 36 46
47 760.5 434.5 11 31
47 714.0 508.5 24 35
47 805.5 574.0 27 38
47 692.5 547.0 29 34
47 696.5 523.0 19 18
47 688.5 673.0 25 24
47 687.5 698.5 19 27
47 489.0 318.0 16 12
47 554.0 322.0 16 22
47 905.0 385.0 24 18
47 806.0 461.5 26 15
47 778.5 287.5 33 17
