47 874.0 500.0 52 48
47 74.0 125.0 40 38
47 106.5 44.5 41 39
47 153.5 94.0 35 36
47 143.5 140.0 33 26
47 47.0 55.0 32 36
47 217.0 129.0 32 26
47 262.0 103.5 28 29
47 238.0 104.0 22 30
47 215.5 100.5 27 29
47 253.5 302.0 37 34
47 198.5 200.5 29 31
47 115.5 225.5 31 29
47 118.0 192.0 34 28
47 243.5 152.5 27 25
47 238.5 133.0 19 22
47 326.0 266.0 24 26
47 242.5 177.0 17 20
47 16.0 40.0 30 26
47 11.5 85.0 17 26
47 359.5 149.5 19 25
47 447.5 528.0 29 34
47 448.5 577.5 39 39
47 446.0 552.5 24 17
47 519.5 642.5 27 29
47 487.5 666.0 33 40
47 509.0 696.0 38 40
47 500.5 473.0 21 18
47 631.5 114.0 21 26
47 489.0 102.0 22 22
47 839.5 190.5 35 35
47 782.0 39.5 26 31
47 719.5 330.5 27 29
47 369.5 467.0 27 28
47 381.5 504.5 23 27
47 417.5 500.0 29 34
47 267.0 84.0 28 24
47 411.5 213.5 27 27
47 551.5 27.0 23 20
47 551.0 52.5 24 25
47 773.5 519.5 37 31
47 635.0 298.5 20 17
47 649.5 117.0 11 20
47 175.0 285.5 24 17
47 333.0 435.0 38 26
47 366.5 431.0 27 22
47 718.0 641.0 30 30
47 117.0 12.0 36 22
47 130.5 99.0 25 28
47 86.0 110.0 32 32
47 63.5 70.0 29 12
47 297.5 312.0 27 30
47 384.5 416.0 27 34
47 434.5 446.5 21 25
47 451.0 430.5 20 19
47 488.0 24.5 26 25
47 535.5 14.5 19 25
47 556.5 18.0 21 18
47 509.5 40.5 21 19
47 513.0 13.0 22 22
47 638.5 138.0 13 20
47 791.0 18.5 24 29
47 833.0 9.5 36 19
47 838.5 77.5 21 17
47 824.0 158.5 30 31
47 803.0 175.5 16 27
47 832.5 226.0 27 34
47 811.0 244.0 34 30
47 768.0 365.5 38 33
47 796.5 645.5 23 21
47 780.0 592.5 30 27
47 749.5 545.0 13 18
47 852.5 703.5 23 19
47 903.0 688.5 16 19
47 863.0 520.0 26 12
47 641.5 326.5 17 13
47 649.0 610.5 24 31
47 536.0 566.0 24 24
47 528.0 587.5 18 19
47 675.0 679.5 26 21
47 701.0 707.5 18 17
47 739.5 675.5 13 11
47 738.5 711.5 25 13
47 599.5 27.5 21 19
47 442.0 212.5 26 21
47 441.5 191.0 13 16
47 597.0 270.5 22 17
47 613.0 258.0 14 8
47 548.5 293.0 19 18
47 575.0 364.5 22 13
47 586.5 358.0 19 18
47 412.5 76.0 15 18
47 203.5 89.0 27 26
47 190.5 245.5 21 29
47 313.5 460.0 23 22
47 374.5 539.5 21 11
47 350.0 516.0 24 14
47 354.0 212.0 22 16
47 357.5 174.0 21 20
47 500.0 536.0 26 12
47 504.5 587.0 21 18
47 406.5 262.5 23 23
47 574.5 403.0 17 8
47 553.0 401.5 20 11
47 661.5 556.0 23 22
47 545.5 70.0 19 12
47 320.0 141.5 18 17
