47 71.0 349.5 36 31
47 89.0 372.0 42 28
47 106.0 354.0 26 26
47 119.0 324.5 32 27
47 140.5 292.5 33 19
47 177.0 342.5 36 33
47 176.5 361.0 35 20
47 225.0 377.0 32 24
47 285.5 391.0 29 26
47 248.0 358.0 38 28
47 215.0 327.0 24 24
47 237.0 290.0 34 32
47 274.0 335.5 38 37
47 305.0 294.0 24 24
47 367.0 445.0 34 26
47 355.5 268.5 31 29
47 370.5 256.0 17 22
47 400.5 493.0 27 30
47 418.5 503.5 31 25
47 399.0 390.5 24 31
47 416.5 365.0 17 20
47 422.5 390.0 21 22
47 473.5 357.0 35 34
47 535.0 473.0 38 28
47 553.5 514.0 29 24
47 562.5 285.5 29 35
47 476.0 164.5 18 23
47 639.5 219.0 35 34
47 645.0 252.5 36 33
47 612.5 388.5 29 33
47 637.5 401.5 37 31
47 666.5 436.0 25 20
47 687.5 405.5 29 23
47 720.0 389.5 24 23
47 727.0 269.0 40 38
47 750.5 283.0 29 32
47 770.0 236.0 24 24
47 819.5 384.5 37 35
47 802.5 418.0 21 20
47 917.5 377.0 35 36
47 977.5 397.0 43 28
47 1076.5 441.5 39 25
47 560.5 454.5 39 29
47 169.0 311.0 40 36
47 322.5 373.5 39 27
47 449.5 378.5 15 15
47 562.5 479.5 33 21
47 795.5 396.0 27 24
47 826.0 364.5 18 19
47 731.5 189.5 23 19
47 707.0 299.0 22 14
47 911.5 437.0 13 16
47 893.0 456.5 20 11
47 974.5 323.5 27 21
47 1069.0 478.5 34 35
47 1002.0 701.0 36 32
47 592.5 233.0 25 34
