47 249.0 518.5 40 31
47 251.0 536.5 30 19
47 418.5 368.0 23 22
47 439.0 364.5 22 29
47 346.5 580.5 29 25
47 340.0 556.0 16 16
47 374.5 561.5 27 23
47 405.5 542.0 29 26
47 419.0 524.5 22 23
47 381.5 141.0 27 20
47 395.0 523.0 22 20
47 327.0 682.0 30 30
47 367.5 690.5 25 35
47 283.5 656.5 37 37
47 287.0 632.5 30 17
47 142.5 632.0 51 40
47 526.5 496.5 29 33
47 676.0 617.0 30 32
47 696.5 608.5 37 35
47 755.0 569.5 42 41
47 768.0 535.5 40 41
47 782.5 593.5 37 45
47 551.5 687.0 21 26
47 530.0 674.0 20 16
47 527.5 691.0 9 16
47 327.5 712.0 17 14
47 372.5 536.0 17 20
47 364.5 535.5 1 19
47 315.5 709.5 19 11
47 354.0 543.0 12 20
