47 108.5 259.0 25 32
47 111.0 297.0 38 24
47 149.0 245.0 42 40
47 154.0 295.5 38 29
47 190.0 157.5 28 39
47 239.0 170.0 46 36
47 293.5 183.5 39 39
47 319.5 182.0 21 24
47 323.0 152.5 32 41
47 231.5 309.0 37 28
47 357.5 241.5 27 33
47 382.0 326.5 40 31
47 393.5 354.5 37 37
47 335.0 616.0 30 32
47 362.5 619.5 29 33
47 374.0 649.0 22 30
47 529.0 43.0 38 46
47 604.0 144.0 34 36
47 632.5 117.0 27 28
47 640.5 145.0 25 30
47 522.0 225.5 36 31
47 533.5 258.5 27 33
47 601.0 222.0 30 36
47 625.5 246.0 39 40
47 636.5 277.0 29 36
47 639.5 302.5 37 37
47 655.5 264.5 17 27
47 704.5 183.0 35 40
47 648.5 358.0 29 26
47 636.0 372.5 30 27
47 523.0 624.0 38 38
47 547.5 655.0 37 38
47 548.0 690.5 24 31
47 698.0 701.0 36 34
47 704.5 423.5 15 23
47 794.0 245.0 40 40
47 753.5 139.0 35 36
47 850.0 77.5 30 33
47 808.0 216.0 36 50
47 774.0 135.0 28 34
47 760.5 167.5 25 19
47 961.0 288.0 46 42
47 1034.5 311.0 35 44
47 189.0 281.5 20 17
47 558.5 45.0 17 32
47 385.5 605.0 17 20
47 275.5 104.0 33 26
47 597.5 69.0 25 28
47 585.0 88.5 24 23
47 520.0 326.5 16 19
