47 867.0 54.5 24 39
47 927.0 26.0 28 50
47 819.0 286.0 20 18
47 821.0 304.0 20 16
47 798.5 308.5 23 29
47 831.0 369.0 24 30
47 755.5 361.5 21 31
47 737.0 418.5 32 27
47 579.0 411.5 34 31
47 591.5 395.0 27 32
47 560.5 453.0 15 14
47 563.0 485.0 20 14
47 646.5 436.0 23 14
47 691.5 484.0 29 22
47 671.0 517.5 20 21
47 671.5 530.0 19 14
47 717.5 510.5 27 33
47 739.0 438.5 16 17
47 768.0 424.5 28 29
47 791.5 429.0 19 24
47 798.0 476.5 30 27
47 790.0 501.5 34 35
47 829.0 565.5 16 33
47 822.5 497.0 27 26
47 843.0 283.0 30 28
47 849.0 270.5 22 23
47 892.0 10.0 36 18
