47 123.0 71.5 78 69
47 127.0 139.5 80 65
47 50.0 264.5 28 29
47 34.5 281.5 27 27
47 16.0 296.5 30 31
47 6.0 228.0 10 30
47 83.0 262.0 22 26
47 62.5 302.5 27 29
47 54.0 343.0 30 30
47 157.0 492.5 70 55
47 140.0 618.5 68 65
47 72.0 657.0 76 72
47 181.5 604.0 55 62
47 206.5 481.0 59 54
47 297.0 349.5 68 57
47 289.5 405.5 63 55
47 268.0 534.0 38 48
47 299.0 549.5 32 33
47 296.5 579.0 37 28
47 369.0 683.0 50 54
47 326.0 712.5 20 13
47 368.5 477.0 37 40
47 415.0 436.5 38 31
47 414.5 503.5 25 29
47 462.5 532.0 27 24
47 493.5 608.0 43 40
47 531.5 631.5 29 35
47 596.0 534.5 42 47
47 614.5 574.0 43 36
47 619.5 592.0 37 28
47 391.5 248.0 61 60
47 320.0 85.5 52 37
47 315.5 176.0 29 28
47 303.0 199.5 34 27
47 331.0 233.5 30 23
47 371.5 19.0 53 36
47 251.5 12.0 43 24
47 399.0 26.5 44 51
47 439.5 82.0 61 56
47 466.0 190.0 62 56
47 516.0 242.5 48 47
47 537.5 250.0 41 46
47 556.0 215.0 48 40
47 495.0 114.0 42 56
47 605.5 236.5 35 39
47 665.5 148.0 49 42
47 693.5 256.0 41 36
47 726.5 229.0 29 22
47 742.5 46.5 23 41
47 829.5 70.0 43 30
47 821.0 112.0 28 40
47 794.5 242.0 35 28
47 584.0 380.0 38 42
47 552.0 293.0 30 24
47 653.0 353.0 30 32
47 655.0 378.0 34 26
47 691.5 438.5 37 33
47 667.5 459.5 29 31
47 624.0 632.5 22 27
47 755.0 353.0 28 26
47 750.0 383.0 38 32
47 803.0 299.5 28 21
47 809.5 283.5 25 15
47 796.5 311.5 19 15
47 767.5 640.5 23 17
47 758.5 607.0 39 28
47 1064.0 154.0 50 42
47 1065.5 105.0 41 40
47 1077.0 120.0 28 26
47 980.0 439.0 20 20
47 925.5 500.0 15 16
47 945.5 577.5 15 11
47 981.5 667.5 15 17
47 1080.0 646.0 18 14
47 1139.5 562.0 25 24
47 1163.5 546.0 17 18
47 1197.5 690.5 27 19
47 1174.5 565.5 21 23
47 1046.0 446.0 20 16
47 1099.0 413.5 20 11
47 1215.5 237.5 29 25
47 419.5 397.0 49 50
47 75.0 40.0 24 48
47 18.5 62.0 25 30
47 158.0 10.0 30 16
47 186.5 44.0 47 36
47 11.0 392.0 20 16
47 311.0 532.0 28 40
47 339.0 268.0 8 16
