47 12.0 79.5 24 23
47 74.0 86.5 46 41
47 168.0 84.5 42 35
47 249.0 19.0 38 34
47 258.0 40.5 22 9
47 319.0 8.0 32 16
47 319.0 104.5 36 41
47 670.5 18.0 29 24
47 748.0 47.0 18 18
47 848.5 49.0 31 38
47 266.5 138.5 43 43
47 210.0 152.0 24 36
47 327.0 202.5 34 33
47 339.0 244.0 20 22
47 156.5 170.0 39 34
47 103.5 197.5 41 41
47 171.0 203.0 46 40
47 82.5 246.0 21 30
47 30.0 281.0 28 22
47 15.5 299.5 31 27
47 24.0 320.5 28 19
47 175.5 290.0 25 28
47 225.0 246.5 16 15
47 737.5 175.0 25 30
47 792.5 182.5 37 39
47 921.0 143.0 40 36
47 930.0 192.5 40 39
47 823.0 232.0 36 38
47 853.0 222.5 22 33
47 876.5 243.5 37 33
47 847.5 264.5 29 39
47 876.0 376.5 28 29
47 825.5 387.0 39 36
47 723.0 487.5 26 31
47 618.5 427.5 15 11
47 592.5 544.0 29 14
47 689.0 593.0 36 28
47 652.0 626.5 36 43
47 743.5 679.5 49 31
47 689.0 662.0 28 44
47 572.5 693.0 49 50
47 166.5 344.0 23 20
47 191.0 347.0 18 20
47 197.5 366.5 21 23
47 70.0 330.0 22 20
47 80.5 376.5 25 21
47 33.5 380.5 35 31
47 46.0 411.5 32 37
47 64.5 391.0 25 30
47 77.5 441.0 29 28
47 98.0 412.0 24 20
47 148.5 402.5 27 27
47 177.0 397.5 24 25
47 220.0 370.0 18 16
47 182.5 424.0 23 16
47 205.5 449.0 19 24
47 301.5 396.5 27 21
47 418.0 418.0 24 32
47 384.5 436.0 29 28
47 358.0 472.5 38 39
47 390.0 492.0 38 38
47 417.0 519.5 36 35
47 461.0 571.0 20 6
47 520.5 512.0 21 24
47 9.0 511.0 16 26
47 43.0 555.0 32 30
47 60.0 572.0 20 16
47 29.5 584.0 15 22
47 84.5 532.5 31 27
47 124.5 528.0 27 24
47 214.5 525.0 41 40
47 297.5 560.5 31 37
47 305.5 610.5 19 23
47 462.0 686.5 20 17
47 407.5 682.0 9 16
47 23.0 706.5 36 25
47 53.5 692.0 35 32
47 44.0 674.0 26 14
47 94.0 715.0 28 8
47 139.0 695.0 30 32
47 151.5 661.0 29 32
47 206.5 638.0 33 32
47 243.5 624.5 35 39
47 220.0 587.0 22 22
47 276.0 680.5 24 25
47 306.5 698.0 27 18
47 342.5 704.0 19 22
47 464.5 160.5 11 17
47 410.0 168.0 14 20
47 386.5 239.0 13 22
47 395.5 155.0 17 24
47 10.5 420.0 19 16
47 881.0 149.5 34 37
