47 450.5 317.0 29 32
47 462.5 287.5 19 21
47 485.5 312.0 27 50
47 494.0 364.5 34 37
47 558.5 260.5 31 33
47 644.0 251.5 28 19
47 687.5 236.5 41 35
47 818.0 446.0 42 38
47 908.5 412.5 39 41
47 982.0 463.5 40 31
47 922.0 307.5 34 41
47 1027.0 259.5 44 37
47 1066.5 151.0 37 38
47 1106.0 332.0 24 34
47 1049.0 386.0 46 38
47 1130.5 404.0 43 28
47 1172.5 466.0 29 38
47 1160.0 435.5 22 27
47 1082.0 417.5 64 41
47 980.5 541.5 23 23
47 816.0 318.5 12 19
47 684.5 262.5 29 23
47 822.5 493.5 31 31
47 832.0 525.0 24 30
47 878.5 351.0 23 32
47 823.0 335.0 20 18
47 864.5 317.0 31 34
47 890.5 302.0 27 18
47 956.5 335.0 27 30
47 1214.0 116.0 38 38
47 1112.0 274.0 26 18
47 1067.5 310.5 41 39
47 1038.5 431.5 11 17
47 1203.0 516.0 34 24
47 1265.0 680.0 28 34
