47 256.5 371.0 35 38
47 554.0 236.0 32 34
47 592.0 243.5 26 33
47 576.0 132.5 14 13
47 691.0 58.0 22 26
47 770.5 223.0 23 26
47 843.5 212.5 29 29
47 581.5 366.0 23 22
47 558.0 400.5 22 21
47 552.5 517.5 35 29
47 507.0 479.5 26 21
47 528.0 465.0 16 16
47 512.0 446.5 28 15
47 716.5 654.0 15 22
47 852.0 574.5 24 25
47 845.5 680.5 17 19
47 457.5 215.0 29 26
47 463.0 242.0 22 26
47 575.5 174.5 27 21
47 639.5 86.5 21 17
47 690.5 81.5 37 21
47 698.5 200.0 29 20
47 705.0 226.0 24 34
47 795.5 199.0 35 48
47 944.0 372.0 20 30
47 868.5 463.0 21 8
47 811.0 631.5 14 29
47 850.0 649.0 36 34
47 872.5 681.5 25 13
