47 54.5 292.5 39 41
47 14.5 332.5 25 43
47 50.0 527.0 32 42
47 47.0 556.0 34 26
47 28.0 649.0 54 58
47 85.0 582.0 42 34
47 91.5 559.0 55 36
47 101.0 524.0 56 44
47 101.0 491.0 38 26
47 113.0 461.5 44 43
47 145.0 438.0 52 52
47 167.5 491.0 41 46
47 178.5 519.5 33 25
47 211.5 590.5 41 47
47 95.0 316.0 24 28
47 110.0 366.0 24 26
47 172.0 372.0 34 48
47 200.0 438.0 32 32
47 150.0 311.5 28 21
47 219.0 294.5 42 37
47 217.5 343.5 43 37
47 248.0 272.0 40 38
47 281.0 278.5 30 29
47 307.0 302.5 38 41
47 328.5 336.0 35 34
47 349.0 326.0 28 40
47 340.5 477.0 37 34
47 266.5 436.0 37 36
47 341.0 521.0 30 32
47 324.5 554.5 43 29
47 367.5 581.5 39 39
47 368.5 620.5 35 37
47 366.0 660.5 48 45
47 357.5 689.0 43 36
47 398.0 608.0 28 24
47 393.5 626.0 15 16
47 474.5 615.5 41 33
47 454.0 583.5 20 27
47 426.0 519.5 38 31
47 452.5 422.5 49 49
47 450.0 462.5 48 23
47 459.5 499.5 27 41
47 489.5 568.5 33 31
47 517.0 629.5 44 51
47 528.0 665.5 44 35
47 510.0 705.0 40 28
47 452.5 265.0 19 24
47 473.5 242.5 39 37
47 474.5 309.0 37 44
47 504.0 359.0 34 36
47 547.0 519.5 38 33
47 564.5 231.0 29 22
47 596.5 209.0 37 28
47 524.5 144.5 25 25
47 539.0 127.0 18 20
47 678.5 243.0 47 38
47 685.5 205.0 35 40
47 725.5 213.5 39 41
47 667.5 278.0 41 46
47 691.0 300.0 34 34
47 674.0 330.5 30 39
47 593.0 377.5 24 15
47 537.5 319.5 31 39
47 469.0 215.0 32 26
47 679.5 534.0 43 38
47 663.5 515.0 35 28
47 604.5 515.5 19 27
47 688.0 631.0 30 36
47 600.5 533.5 23 19
47 738.5 690.0 33 28
47 718.0 440.0 38 36
47 704.0 494.0 22 22
47 761.0 194.5 34 41
47 783.0 158.0 40 42
47 805.5 198.0 37 50
47 788.0 234.0 42 32
47 867.0 418.0 48 38
47 916.5 708.5 43 21
47 1019.0 326.5 48 43
47 896.5 368.0 27 40
47 993.0 511.5 34 35
47 972.0 456.0 30 38
47 965.5 597.5 33 17
47 993.0 667.0 36 38
47 982.5 708.5 39 21
47 991.0 606.0 22 12
47 1081.0 249.5 36 39
47 1134.5 172.0 41 42
47 1146.5 96.0 49 42
47 1144.5 57.0 47 42
47 1208.0 202.0 54 48
47 1051.0 679.5 26 37
47 567.0 495.5 22 25
47 719.0 12.5 40 23
47 552.0 10.0 40 18
47 811.0 10.0 30 16
47 1084.5 42.0 25 18
47 1131.5 15.0 37 28
47 776.5 358.5 33 37
47 495.5 656.0 19 20
