47 121.0 347.5 32 35
47 163.0 426.5 44 45
47 237.0 276.0 42 36
47 244.5 394.0 41 40
47 300.0 253.5 36 35
47 338.5 258.5 41 39
47 272.5 246.5 23 19
47 271.5 276.0 21 18
47 427.0 188.0 32 34
47 371.0 241.0 38 38
47 307.5 321.0 25 28
47 303.5 350.5 19 29
47 465.0 183.5 34 35
47 444.0 233.0 26 36
47 484.5 227.0 25 28
47 562.0 166.5 28 21
47 573.5 230.0 23 28
47 593.0 401.0 36 40
47 659.0 429.5 38 35
47 629.0 238.0 32 36
47 636.0 147.5 30 19
47 717.0 216.5 38 35
47 681.5 267.5 31 37
47 662.0 237.0 34 24
47 698.0 133.5 30 33
47 819.5 121.0 25 26
47 840.5 160.5 41 27
47 758.0 379.5 28 37
47 758.0 422.0 28 20
47 757.5 465.5 33 31
47 812.5 421.5 25 29
47 926.0 399.5 36 39
47 971.0 359.5 34 31
47 943.5 306.0 31 24
47 1087.0 54.5 30 29
47 1003.5 393.5 23 31
47 1049.5 498.5 29 33
47 985.5 692.0 29 30
47 1022.0 452.0 26 24
47 835.5 447.5 21 29
47 581.5 132.5 15 25
47 999.5 450.0 17 24
47 599.5 450.0 35 34
47 388.5 336.0 35 30
47 750.0 111.0 24 30
47 483.5 119.5 29 21
47 624.5 180.5 29 29
47 623.0 204.5 30 17
47 596.5 363.5 13 33
47 717.5 238.0 37 20
47 728.0 171.5 36 37
47 1108.0 108.5 32 37
47 961.5 510.0 33 34
47 706.0 430.5 26 41
