47 927.0 281.5 30 29
47 913.5 399.0 35 30
47 935.5 371.0 21 26
47 857.0 371.0 28 34
47 856.5 427.0 35 24
47 883.0 427.0 24 20
47 1008.0 468.5 28 33
47 1082.5 573.5 29 31
47 1106.0 542.5 18 21
47 834.5 347.0 25 14
47 850.0 324.5 18 23
47 674.0 411.5 36 35
47 687.5 446.0 31 26
47 657.5 352.5 39 31
47 656.0 391.5 24 35
47 730.0 423.5 30 33
47 873.0 29.0 34 36
47 837.0 42.0 32 28
47 827.0 146.0 18 20
47 830.5 117.5 17 21
47 919.5 53.0 31 30
47 928.0 19.0 26 32
47 744.5 325.5 25 27
47 872.5 494.5 19 17
47 567.5 10.5 35 17
47 624.5 8.0 25 14
47 596.0 44.5 32 35
47 611.0 61.5 26 19
47 639.0 81.5 22 31
47 645.0 113.5 24 29
