47 285.5 123.5 23 23
47 261.0 32.0 24 30
47 381.0 72.5 22 23
47 362.5 56.5 17 23
47 379.0 52.5 16 13
47 427.0 18.5 18 17
47 669.0 108.0 20 18
47 437.5 278.5 27 23
47 435.0 188.5 16 17
47 502.0 186.5 12 17
47 581.0 376.5 20 15
47 459.5 241.5 17 19
47 466.5 272.0 21 22
47 436.5 239.5 15 19
47 407.5 223.5 17 25
47 353.0 171.5 16 17
47 617.0 132.0 18 24
47 609.0 122.5 12 13
47 306.5 199.5 15 17
47 546.5 428.0 9 14
47 545.5 371.0 13 14
47 539.5 303.0 9 18
47 503.5 453.0 21 20
47 469.5 340.0 15 16
47 472.5 72.5 15 17
47 655.0 103.0 18 16
47 630.0 135.5 18 21
47 676.0 117.5 24 21
47 604.0 333.0 14 12
47 389.5 262.5 17 21
47 500.5 433.0 13 16
47 612.5 47.5 27 21
