47 522.0 357.0 22 18
47 518.0 379.0 24 26
47 590.0 335.5 34 37
47 612.0 321.5 22 29
47 691.0 342.0 16 14
47 674.5 402.0 35 32
47 658.5 422.5 31 33
47 759.0 458.5 34 39
47 769.5 356.0 31 44
47 798.0 399.0 32 38
47 892.0 133.0 38 32
47 913.0 177.0 34 32
47 829.5 304.0 23 30
47 853.0 368.0 18 18
47 929.0 349.5 32 25
47 821.5 444.0 29 32
47 831.5 503.0 43 32
47 864.0 524.0 28 36
47 806.5 541.5 23 35
47 549.5 366.0 25 18
47 574.0 408.5 32 27
47 720.0 62.0 32 22
47 659.0 49.5 30 23
47 285.5 20.5 43 39
47 615.5 365.0 23 28
47 625.5 406.0 33 30
47 663.0 23.0 42 38
47 941.0 17.5 40 33
47 924.0 316.5 26 15
47 822.5 707.5 15 9
47 783.5 709.0 25 20
47 802.0 713.0 14 12
