47 418.5 67.0 33 34
47 491.0 33.5 32 35
47 492.5 9.5 31 15
47 710.0 280.0 34 30
47 740.5 296.5 29 31
47 682.0 180.5 22 27
47 679.5 211.5 25 23
47 728.0 216.0 28 30
47 702.5 209.0 19 32
47 725.0 187.0 34 26
47 804.0 169.5 36 43
47 860.0 156.5 26 35
47 842.5 342.0 41 42
47 743.0 529.0 46 42
47 748.0 568.0 48 44
47 906.5 578.5 41 33
47 912.0 148.5 30 35
47 957.5 35.5 27 23
47 844.0 422.0 32 32
47 981.0 348.0 30 36
47 903.0 548.0 40 34
47 930.0 556.5 20 13
47 912.0 10.0 38 18
47 925.0 58.5 28 35
47 947.5 164.5 21 33
47 942.0 190.0 26 24
47 828.0 276.0 24 12
47 816.0 330.5 14 25
