47 405.5 337.5 35 37
47 365.0 437.0 44 34
47 325.5 436.5 25 37
47 329.5 475.0 35 42
47 366.0 482.0 34 28
47 348.5 499.5 17 15
47 447.5 351.5 45 37
47 449.5 469.5 33 35
47 494.0 362.0 40 26
47 480.5 291.5 31 41
47 524.5 328.5 35 39
47 552.0 405.5 26 39
47 582.0 498.5 38 37
47 592.0 526.5 36 39
47 723.0 395.0 32 38
47 730.0 427.0 32 32
47 733.0 247.0 36 44
47 754.0 227.5 28 27
47 787.0 270.5 34 25
47 798.0 303.5 28 11
47 826.5 257.0 29 28
47 833.0 286.5 28 31
47 831.5 171.0 23 26
47 790.5 210.0 19 28
47 800.0 383.0 28 30
47 821.5 400.0 43 44
47 847.0 411.0 24 30
47 838.5 466.5 33 31
47 852.0 498.0 38 36
47 866.0 471.0 24 28
47 901.5 452.5 29 29
47 908.5 489.0 21 14
47 908.0 348.5 38 39
47 935.5 434.5 13 25
47 959.5 310.5 37 35
47 985.0 298.0 28 18
47 982.0 315.0 24 22
47 1070.5 248.5 35 39
47 1211.5 45.5 35 27
47 1027.5 399.0 37 50
47 1013.5 441.5 43 41
47 1047.0 436.5 28 31
47 1198.0 493.5 46 41
47 1273.5 531.0 11 42
47 1036.0 62.5 26 23
