47 284.5 4.5 27 9
47 295.0 19.5 24 21
47 336.5 21.0 43 36
47 407.0 7.5 26 13
47 370.0 52.5 40 39
47 405.5 52.0 33 40
47 468.5 111.0 43 42
47 592.0 37.5 22 25
47 675.5 11.5 27 21
47 631.0 35.0 16 16
47 547.5 65.0 15 18
47 812.5 43.0 17 20
47 679.0 133.5 22 19
47 673.5 152.5 21 19
47 666.5 170.0 17 16
47 661.0 197.0 18 14
47 660.0 212.0 18 18
47 696.5 203.0 23 20
47 742.0 217.0 18 20
47 326.0 177.0 18 20
47 421.0 324.5 12 17
47 452.5 388.0 25 26
47 12.5 649.5 17 15
47 40.0 690.5 24 19
47 40.0 642.0 18 24
47 95.5 536.0 21 18
47 148.5 422.0 27 22
47 151.5 443.0 25 16
47 134.5 491.0 25 24
47 127.0 514.5 30 25
47 153.5 457.5 19 13
47 165.0 473.0 20 20
47 156.0 518.0 18 22
47 160.5 537.0 23 14
47 156.0 576.5 26 23
47 219.5 519.0 23 22
47 186.5 545.0 29 26
47 206.0 595.0 18 16
47 158.0 602.5 16 25
47 211.0 655.5 48 37
47 193.5 696.0 45 44
47 237.5 686.0 35 32
47 293.5 607.5 39 39
47 299.0 642.5 42 43
47 299.5 685.0 35 36
47 309.0 715.5 28 7
47 351.5 640.5 31 23
47 336.5 672.0 35 36
47 361.5 677.5 31 39
47 366.0 708.5 26 21
47 354.0 433.5 20 7
47 354.0 447.5 26 23
47 335.0 468.5 26 31
47 363.5 479.5 11 19
47 358.5 500.0 23 20
47 354.5 527.0 25 24
47 336.5 537.0 25 26
47 374.5 577.0 27 24
47 398.5 576.0 21 24
47 838.5 646.0 19 8
47 819.0 654.5 18 21
47 678.0 586.5 30 37
47 710.0 678.5 38 41
47 678.0 634.0 22 20
47 711.0 485.0 28 24
47 723.5 395.5 21 19
47 698.0 364.5 20 23
47 661.5 280.5 39 39
47 685.5 309.0 29 32
47 534.0 277.0 28 22
47 578.5 276.0 27 18
47 544.0 295.5 30 27
47 567.5 331.0 33 34
47 584.0 391.5 30 27
47 502.0 402.5 24 25
47 488.0 457.0 20 26
47 537.5 429.5 23 35
47 624.0 432.5 34 29
47 614.0 462.0 28 32
47 595.5 504.5 37 35
47 529.5 532.5 13 27
47 600.0 590.0 42 36
47 558.5 583.0 31 20
47 530.5 609.5 39 43
47 575.5 646.5 45 45
47 633.5 683.5 23 13
47 411.0 633.0 24 28
47 530.0 171.5 24 23
47 120.0 471.5 14 17
47 128.5 710.0 19 18
47 163.0 622.5 18 19
47 425.0 197.0 28 28
47 611.5 66.5 15 17
47 518.0 21.5 14 19
47 394.5 262.0 25 28
47 333.5 711.0 27 16
47 684.5 344.0 25 28
47 737.0 9.5 28 19
47 672.5 72.0 23 22
47 668.0 468.0 24 26
47 467.5 340.5 21 17
47 445.5 342.5 15 13
47 461.0 136.0 22 14
47 462.0 262.5 20 17
