47 930.0 187.5 48 43
47 892.0 157.5 42 37
47 836.5 265.0 39 38
47 703.5 182.5 35 31
47 708.0 215.5 34 31
47 482.0 167.5 30 25
47 560.0 289.0 34 32
47 527.0 321.0 36 38
47 380.0 267.0 36 30
47 370.0 315.5 34 23
47 355.0 342.0 40 36
47 326.0 331.0 26 32
47 286.5 309.0 43 38
47 247.5 302.5 21 29
47 254.5 336.5 29 35
47 221.5 343.5 35 35
47 77.5 366.0 43 32
47 599.0 264.0 20 30
47 527.5 275.0 19 18
47 372.5 439.5 33 27
47 399.0 456.5 22 29
47 431.0 481.0 16 14
47 489.5 406.5 29 33
47 497.5 490.0 33 48
47 554.5 480.0 33 34
47 561.5 453.5 25 33
47 634.5 446.0 39 38
47 641.0 481.5 36 35
47 221.0 447.0 20 26
47 291.0 502.0 38 26
47 280.0 345.0 42 38
47 180.0 415.0 20 22
47 457.5 272.5 19 19
47 445.0 408.0 24 22
47 586.5 385.5 29 33
47 475.0 459.5 26 15
47 663.5 431.5 19 21
47 683.5 394.0 17 26
47 951.5 707.5 35 23
47 1011.0 601.5 16 21
