47 255.5 413.5 31 31
47 281.0 356.0 36 26
47 279.5 290.0 13 12
47 306.5 314.5 17 15
47 299.5 327.0 13 12
47 367.0 330.0 38 30
47 359.5 353.0 31 22
47 353.5 406.5 29 29
47 417.5 417.5 35 29
47 414.5 344.0 37 32
47 417.5 298.0 37 22
47 461.5 306.5 27 23
47 462.0 331.5 12 17
47 451.5 397.5 25 25
47 526.0 381.5 36 41
47 558.0 387.0 28 32
47 500.0 289.0 36 38
47 515.0 256.0 28 38
47 574.5 458.5 33 35
47 540.5 271.0 23 20
47 596.0 333.5 36 31
47 617.5 414.5 33 33
47 627.5 383.0 27 20
47 594.5 252.5 29 27
47 627.5 248.0 31 34
47 639.5 238.0 13 16
47 639.5 303.0 31 42
47 679.5 334.0 27 30
47 701.5 341.5 23 23
47 732.5 349.5 33 27
47 686.5 543.5 27 31
47 738.0 530.5 24 19
47 802.5 411.0 33 32
47 938.5 321.0 39 32
47 966.5 308.0 37 26
47 778.5 364.0 19 24
47 476.0 356.5 24 19
47 700.0 477.5 16 21
47 710.5 527.5 19 17
47 732.0 491.5 24 25
47 774.5 479.0 21 30
47 304.0 373.5 16 13
47 417.5 322.0 37 20
47 920.0 313.0 20 20
47 926.5 393.5 13 21
47 1062.0 453.0 38 28
47 805.5 605.0 25 26
47 807.5 515.0 13 24
