47 604.0 555.5 36 35
47 195.0 350.5 32 33
47 172.5 368.5 35 29
47 357.0 464.5 34 35
47 382.5 474.5 23 29
47 658.5 398.0 41 34
47 446.0 471.5 24 29
47 562.5 421.5 31 33
47 179.0 428.5 22 25
47 577.5 179.5 31 35
47 641.5 54.5 43 47
47 700.5 281.0 37 40
47 789.0 270.5 34 37
47 801.0 374.5 32 33
47 598.0 201.0 30 32
47 673.5 256.0 27 34
47 749.0 270.5 34 35
47 669.5 377.5 33 29
47 552.5 246.0 23 18
47 676.0 457.5 32 29
47 662.0 482.0 30 34
47 698.5 532.5 33 35
47 642.0 524.5 28 27
47 578.0 498.5 32 31
47 812.5 474.0 27 30
47 498.0 124.0 24 24
