47 158.0 414.5 24 27
47 141.5 454.5 33 41
47 186.0 459.0 40 44
47 193.5 519.0 29 34
47 264.0 427.5 46 41
47 371.0 381.5 42 31
47 416.0 355.0 42 30
47 414.5 381.0 39 26
47 422.0 342.0 34 28
47 354.5 518.5 23 21
47 319.5 509.0 19 14
47 555.0 626.5 46 39
47 558.0 444.0 32 38
47 603.5 436.0 31 46
47 619.0 462.0 30 32
47 604.5 389.0 31 46
47 629.0 384.0 26 26
47 647.0 369.0 24 28
47 644.0 590.5 44 45
47 717.0 665.5 46 43
47 658.0 433.5 30 41
47 686.0 463.5 24 43
47 709.0 483.0 30 28
47 757.0 420.5 42 41
47 803.0 326.5 42 39
47 944.5 282.0 41 30
47 1037.5 601.5 29 25
47 1016.0 574.5 40 35
47 887.5 648.5 39 45
47 882.5 613.5 31 33
47 884.5 555.5 23 21
47 855.5 577.0 39 40
47 824.0 611.0 34 30
47 803.0 572.0 44 26
47 777.5 542.0 41 36
47 745.5 586.0 27 28
47 333.5 5.0 33 8
47 677.5 569.0 21 36
47 1029.5 708.5 47 19
47 991.0 190.5 36 39
47 838.0 420.0 16 24
47 835.5 464.5 19 29
47 581.5 32.5 39 43
47 651.0 43.5 24 33
