47 274.0 12.0 30 24
47 258.5 56.5 23 27
47 308.0 35.0 20 12
47 301.5 72.5 23 17
47 362.5 9.5 21 19
47 376.0 45.0 18 16
47 375.0 61.0 18 20
47 354.0 108.0 16 20
47 323.0 120.5 26 19
47 500.0 27.0 14 12
47 506.0 55.5 14 13
47 516.0 71.5 12 11
47 575.5 7.0 13 10
47 841.0 31.5 18 19
47 827.5 57.0 35 34
47 793.5 66.0 27 32
47 892.0 91.5 32 33
47 730.5 36.0 31 30
47 696.5 68.5 9 19
47 837.5 128.5 27 21
47 840.0 154.0 20 10
47 799.5 140.0 23 20
47 837.5 244.5 19 11
47 779.5 163.5 19 17
47 741.5 119.5 35 35
47 651.5 80.5 27 27
47 656.5 127.0 29 30
47 708.5 167.0 25 24
47 759.5 220.5 21 21
47 567.0 155.5 16 15
47 624.0 181.0 30 22
47 663.0 209.5 32 33
47 676.0 228.5 12 11
47 645.5 247.5 13 15
47 700.5 295.5 27 23
47 689.0 281.5 16 17
47 696.0 350.0 22 20
47 689.5 373.5 23 19
47 680.5 391.5 17 17
47 610.5 327.0 27 30
47 363.0 146.5 18 21
47 304.0 157.5 30 25
47 323.0 156.5 16 21
47 336.0 153.0 14 16
47 344.5 177.0 23 22
47 334.0 195.5 26 17
47 304.0 201.5 20 17
47 282.0 226.0 28 24
47 296.5 238.0 15 10
47 430.0 206.0 16 10
47 418.5 232.5 27 29
47 413.0 252.0 18 14
47 443.5 265.0 19 16
47 452.0 279.5 12 19
47 487.0 291.0 14 14
47 432.5 327.5 19 21
47 449.0 328.0 16 16
47 465.5 334.0 17 16
47 466.0 348.5 18 11
47 466.0 364.5 18 11
47 763.0 458.5 20 19
47 677.5 460.0 19 20
47 680.0 440.5 20 21
47 719.0 444.0 18 16
47 331.5 350.0 47 44
47 408.0 364.5 36 39
47 367.5 385.5 47 43
47 474.5 437.0 47 42
47 712.0 530.5 14 21
47 748.5 672.5 27 21
47 685.0 629.0 46 42
47 712.5 655.0 35 36
47 551.5 511.5 25 25
47 565.5 563.0 31 32
47 590.5 572.0 31 30
47 415.5 498.0 23 22
47 540.5 604.0 27 20
47 568.0 599.0 18 18
47 557.5 629.5 39 43
47 579.0 689.0 40 42
47 123.5 667.0 29 26
47 129.5 689.5 29 21
47 126.0 709.0 18 14
47 447.5 692.5 27 31
47 502.0 705.0 28 26
47 312.0 178.0 20 20
47 384.0 237.0 18 14
47 424.5 351.0 19 24
47 432.0 371.0 16 16
47 440.5 355.0 13 16
47 650.0 163.5 18 13
47 504.0 633.0 12 26
47 491.0 666.0 12 14
47 466.0 524.5 32 25
47 392.5 528.5 19 23
47 543.5 188.0 13 16
47 659.0 502.5 16 21
47 699.5 606.5 21 17
47 720.5 636.5 21 19
