47 88.0 428.5 50 41
47 195.5 352.0 35 42
47 223.5 371.0 39 42
47 229.0 399.0 48 34
47 223.0 436.5 52 47
47 257.5 409.5 25 27
47 390.5 456.5 39 59
47 415.5 463.0 23 46
47 418.0 497.5 32 33
47 449.0 507.0 34 44
47 446.0 452.5 26 43
47 477.0 425.5 52 53
47 510.5 360.0 39 44
47 543.0 350.0 44 50
47 550.5 396.0 27 20
47 590.0 384.5 30 39
47 575.5 531.0 31 50
47 652.5 400.0 47 38
47 651.5 444.0 55 52
47 678.5 489.5 41 51
47 663.5 545.5 45 57
47 744.5 292.0 41 56
47 770.5 439.0 51 50
47 803.0 317.0 38 48
47 830.0 418.0 52 62
47 796.0 348.0 18 22
47 797.0 492.5 48 51
47 815.0 456.0 36 30
47 832.5 508.5 35 39
47 840.0 545.5 50 33
47 904.0 487.0 58 48
47 871.0 397.5 44 45
47 890.0 452.5 56 31
47 1040.5 502.0 61 48
47 1153.5 234.0 53 48
47 1131.5 343.0 41 34
47 1131.5 82.5 39 61
47 1006.0 223.0 36 60
47 765.0 582.0 40 48
