47 87.5 599.5 87 75
47 97.0 661.0 88 58
47 45.0 491.0 30 32
47 6.5 458.0 13 24
47 24.5 403.0 47 42
47 7.0 297.0 12 44
47 25.0 290.0 32 42
47 74.5 325.0 41 44
47 103.0 433.0 48 44
47 130.5 400.0 43 28
47 108.5 326.0 29 30
47 111.5 293.0 35 18
47 75.5 213.5 19 29
47 64.5 167.0 43 38
47 88.5 135.5 19 23
47 118.5 163.5 41 37
47 119.0 20.5 54 41
47 239.0 23.5 44 39
47 171.5 25.5 25 25
47 302.0 75.5 48 45
47 311.0 39.5 48 41
47 276.5 139.0 53 50
47 213.0 205.0 40 42
47 161.0 231.5 30 29
47 111.0 262.0 42 42
47 151.5 449.5 49 41
47 262.5 482.5 21 27
47 265.5 533.0 33 26
47 384.5 641.0 65 64
47 350.5 399.5 59 55
47 297.0 305.5 46 53
47 194.5 280.0 31 28
47 219.0 251.0 44 50
47 310.0 241.0 50 48
47 322.0 141.0 36 36
47 345.0 103.5 28 25
47 367.0 189.5 40 35
47 380.0 351.0 52 54
47 370.5 313.0 31 28
47 427.0 438.5 66 63
47 423.5 399.5 17 19
47 403.0 574.5 24 41
47 293.5 577.0 35 26
47 426.5 678.5 33 37
47 431.0 706.0 36 26
47 463.5 514.5 59 55
47 518.5 529.5 53 47
47 483.5 404.0 61 48
47 666.5 379.5 47 47
47 611.0 460.5 40 41
47 557.5 463.0 35 44
47 593.0 601.0 44 48
47 678.5 632.5 37 37
47 687.5 661.5 35 41
47 702.0 591.5 30 31
47 677.0 497.5 38 35
47 663.5 544.0 29 22
47 701.0 482.0 38 42
47 761.5 494.0 29 24
47 835.5 355.0 37 34
47 842.5 315.0 49 40
47 750.0 280.0 32 40
47 679.5 322.5 27 33
47 595.5 396.0 13 24
47 545.0 296.5 24 31
47 1096.0 349.5 50 41
47 1085.5 385.0 45 40
47 993.0 139.5 44 41
47 1034.0 67.5 44 37
47 1036.5 28.5 65 55
47 677.5 51.5 31 33
47 392.0 135.5 36 31
47 122.5 62.5 31 33
47 145.0 97.5 20 13
47 277.0 176.5 24 17
