47 352.0 278.0 40 40
47 347.5 295.0 35 22
47 299.5 400.5 25 39
47 320.0 450.5 38 43
47 347.5 407.0 41 40
47 341.5 447.5 39 45
47 482.0 310.5 32 19
47 408.5 460.0 43 38
47 482.0 401.5 30 33
47 609.5 347.0 45 46
47 515.5 372.0 39 42
47 694.0 286.0 44 48
47 724.0 200.0 32 36
47 723.0 234.5 28 25
47 567.5 374.0 31 24
47 588.0 421.5 44 41
47 635.5 535.0 49 44
47 817.0 129.5 38 39
47 795.5 234.5 35 49
47 769.5 455.0 37 36
47 972.5 203.0 39 34
47 955.0 48.0 30 42
47 886.0 134.5 20 15
47 876.5 237.0 23 46
47 937.5 244.0 37 44
47 834.0 377.5 40 49
47 884.0 338.5 26 45
47 973.0 334.0 24 26
47 956.5 656.5 31 33
47 952.5 688.5 31 25
47 990.0 416.5 42 39
47 958.0 451.5 34 27
47 1137.5 306.0 61 52
47 983.5 476.0 29 30
47 866.5 464.0 39 34
47 932.0 509.0 36 38
47 623.0 407.0 30 42
47 654.5 430.0 33 44
47 412.0 395.0 40 32
47 513.5 445.5 17 25
