47 166.5 595.5 39 25
47 231.0 620.5 26 23
47 317.5 581.0 39 32
47 372.5 604.5 33 37
47 375.0 541.5 28 33
47 409.0 588.5 10 27
47 495.5 710.5 29 17
47 576.5 711.5 35 13
47 530.5 673.0 15 16
47 546.5 566.5 17 17
47 568.5 642.5 25 31
47 629.5 543.5 29 37
47 655.0 493.5 36 39
47 679.5 459.5 35 37
47 751.0 521.0 40 32
47 786.5 495.0 37 32
47 815.0 618.0 40 38
47 832.0 462.0 28 30
47 854.5 440.0 35 32
47 934.5 511.5 27 23
47 920.5 608.5 33 37
47 317.5 557.5 33 29
47 1021.0 709.0 42 20
47 1062.5 699.5 39 37
47 1022.0 464.0 52 56
47 279.5 5.0 19 6
47 443.5 69.0 31 30
47 432.5 49.0 25 20
47 623.5 35.0 43 40
47 633.5 177.0 23 34
47 659.0 135.0 26 14
47 715.0 14.0 40 26
47 744.0 79.5 30 33
47 726.0 110.0 32 28
47 786.5 26.0 35 28
47 782.5 140.5 23 15
47 778.5 71.0 21 24
47 959.5 42.0 37 40
47 959.0 15.0 20 16
47 919.0 4.0 18 6
47 887.0 80.5 22 37
47 861.5 166.5 29 29
47 886.0 559.5 28 39
47 898.0 702.0 38 30
47 384.5 642.0 23 30
47 989.0 92.5 28 25
47 1105.0 19.5 48 31
47 1046.0 80.0 38 24
47 1044.5 283.5 31 39
47 762.0 407.5 30 19
47 705.5 564.5 37 31
47 721.5 699.5 43 39
47 524.5 640.5 27 23
47 499.0 632.5 22 23
47 269.5 634.5 31 29
47 772.0 511.0 32 30
