47 206.5 301.5 33 33
47 416.0 147.0 26 22
47 422.5 171.5 17 25
47 510.0 170.5 30 29
47 550.0 179.0 24 26
47 663.0 139.0 18 22
47 663.5 167.5 23 39
47 537.5 307.5 29 31
47 514.5 337.5 13 15
47 504.0 454.5 32 27
47 459.0 416.5 24 21
47 467.5 383.0 29 20
47 480.0 407.0 16 22
47 803.0 156.0 30 30
47 745.5 533.0 11 10
47 401.5 366.0 21 20
47 364.0 344.0 12 12
47 534.0 110.0 26 22
47 533.5 61.0 21 20
47 600.5 25.5 19 11
47 619.0 19.5 16 23
47 656.0 16.0 48 24
47 736.5 168.5 27 25
47 755.5 139.5 33 39
47 896.5 319.0 15 28
47 819.5 405.5 23 11
47 800.5 522.0 25 18
47 759.0 570.5 16 29
47 787.0 616.0 18 34
47 815.0 623.5 18 11
47 821.5 704.0 21 16
47 666.0 596.0 18 22
47 648.0 641.5 10 11
47 632.0 701.0 14 18
