47 290.5 198.0 31 28
47 298.0 177.0 30 22
47 192.0 297.0 24 24
47 118.0 313.0 28 22
47 170.0 320.0 28 20
47 147.5 280.5 19 13
47 156.5 298.5 27 19
47 170.5 300.0 13 18
47 270.5 263.5 19 25
47 318.5 339.5 35 27
47 531.5 317.5 33 33
47 471.5 300.5 29 23
47 472.0 239.5 22 25
47 806.5 191.0 21 20
47 822.5 452.5 27 23
47 831.0 481.5 32 29
47 410.5 665.5 29 25
47 255.0 688.0 38 36
47 550.0 714.0 30 10
47 693.5 706.5 25 19
47 759.0 702.0 16 24
47 422.5 691.0 21 16
47 408.5 713.5 27 11
47 804.5 677.5 23 25
47 706.0 168.5 24 29
47 728.0 175.0 18 22
47 527.0 54.5 18 21
47 459.5 77.0 21 10
