47 17.5 107.0 35 48
47 16.5 529.5 33 39
47 31.5 649.5 39 41
47 61.5 633.5 33 31
47 74.5 699.0 37 36
47 170.0 651.5 38 45
47 200.5 625.5 37 35
47 180.5 577.0 25 24
47 153.5 556.5 31 33
47 191.0 493.0 36 38
47 56.5 509.0 37 38
47 59.5 50.5 27 25
47 416.5 268.5 35 35
47 455.0 218.0 26 34
47 589.0 402.0 22 30
47 392.5 321.0 25 24
47 407.5 365.0 27 28
47 335.0 489.0 30 26
47 304.0 475.5 18 17
47 412.0 585.5 26 27
47 524.5 602.0 25 34
47 468.5 531.0 21 38
47 426.0 617.0 20 20
47 427.0 696.0 22 24
47 580.5 506.5 23 31
47 491.5 426.0 17 18
47 632.5 471.5 27 25
47 655.0 517.0 28 36
47 680.5 611.5 19 27
47 725.0 379.0 18 24
47 762.0 408.0 32 32
47 765.0 274.5 38 31
47 735.5 275.0 19 22
47 744.0 38.5 26 25
47 768.0 157.5 22 17
47 86.0 546.5 18 21
47 119.0 514.0 24 16
47 121.5 552.5 19 31
47 251.0 5.0 22 8
47 277.0 7.0 28 12
47 467.5 348.5 35 13
47 686.0 321.0 16 18
47 861.5 603.5 31 29
47 797.0 232.5 26 17
47 560.0 57.0 28 40
