47 872.5 227.0 25 18
47 805.0 199.5 20 9
47 763.0 120.5 16 15
47 679.0 329.0 18 20
47 711.5 335.5 13 15
47 738.0 316.0 12 10
47 563.5 405.0 17 10
47 560.5 426.0 13 16
47 513.0 391.0 8 10
47 481.5 426.5 17 15
47 487.0 471.0 24 22
47 427.0 412.0 14 14
47 431.0 361.0 18 18
47 485.5 342.0 21 22
47 446.5 280.0 21 16
47 460.5 249.0 9 12
47 467.0 269.0 16 20
47 473.0 520.5 20 25
47 460.0 602.0 12 14
47 417.0 635.5 10 9
47 529.0 619.0 16 10
47 720.0 487.0 28 18
47 741.0 537.0 16 18
47 731.5 627.0 9 10
47 805.0 568.5 6 13
47 817.5 581.0 17 18
47 850.0 549.0 14 16
47 855.0 564.5 6 11
47 841.5 592.0 13 8
47 901.0 640.5 12 15
47 903.5 655.5 15 15
47 898.5 684.5 13 9
47 929.5 678.0 13 8
47 888.5 708.5 11 9
47 908.5 626.0 23 10
47 807.5 713.5 15 11
47 332.0 552.0 22 20
47 330.0 570.5 10 17
47 300.5 566.0 47 28
47 310.5 534.0 21 20
47 346.5 503.5 13 7
47 262.5 545.5 21 19
47 293.5 491.0 17 18
47 281.5 463.5 15 13
47 300.0 468.5 16 11
47 214.0 457.0 14 18
47 245.5 479.5 25 15
47 287.5 417.5 11 9
47 307.0 409.0 20 18
47 309.5 429.0 21 16
47 297.5 602.0 15 6
47 236.0 500.5 16 11
47 436.5 256.5 19 19
47 543.5 371.5 21 19
47 409.0 607.0 18 22
47 321.0 469.0 20 14
47 639.0 328.0 34 32
47 836.5 10.0 19 20
47 869.5 15.0 29 26
47 856.0 71.0 20 18
47 821.0 132.0 14 18
47 743.0 166.5 18 9
47 879.0 186.5 12 15
47 834.5 238.5 27 21
47 760.5 311.5 25 17
47 784.5 352.5 19 23
47 777.0 399.5 22 17
47 798.0 368.5 24 25
47 693.5 410.0 27 14
47 701.5 557.0 23 30
47 909.5 587.0 17 20
47 927.5 596.5 21 23
47 955.5 706.0 17 26
47 868.0 648.0 16 14
