47 406.5 122.5 39 39
47 388.0 95.5 38 37
47 388.5 12.5 39 25
47 590.5 5.5 37 11
47 766.5 98.0 41 38
47 761.5 125.5 31 15
47 813.5 120.5 45 45
47 806.0 91.0 30 36
47 807.5 29.0 31 38
47 946.0 4.5 20 9
47 946.5 25.5 29 27
47 915.5 462.5 35 39
47 944.0 366.0 24 36
47 706.0 410.0 32 32
47 736.0 369.5 28 27
47 692.5 474.0 31 40
47 668.5 434.5 27 23
47 640.5 430.0 17 26
47 643.0 455.5 24 23
47 876.5 521.0 41 40
47 792.5 465.0 29 30
47 742.5 472.5 29 31
47 778.5 488.0 35 34
47 726.5 382.0 23 28
47 893.5 414.5 15 31
47 1005.5 42.0 37 24
47 1002.5 78.5 41 43
47 1049.0 78.0 42 36
47 1003.5 198.5 35 33
47 1022.0 242.5 36 39
47 1242.5 57.0 39 44
47 943.5 499.5 35 37
47 955.0 567.0 40 34
47 928.0 604.0 24 40
47 989.5 585.5 35 39
47 805.0 399.5 16 33
47 815.5 72.0 35 20
47 1064.5 93.0 33 24
47 970.0 419.5 28 33
47 1044.5 370.5 33 29
47 1048.0 404.5 34 27
47 736.0 433.5 26 27
47 700.5 439.5 23 9
