47 19.5 91.0 35 52
47 94.5 121.5 39 49
47 129.5 74.5 35 41
47 357.0 110.5 54 59
47 89.0 236.0 84 74
47 100.0 304.5 84 63
47 301.0 232.5 34 43
47 128.0 128.5 30 37
47 138.0 154.0 36 38
47 391.5 96.5 43 55
47 234.5 23.5 43 47
47 373.5 25.0 21 42
47 209.0 142.0 20 36
47 175.5 150.5 31 27
47 344.0 253.5 24 35
47 385.0 370.5 62 63
47 198.0 485.0 32 38
47 200.0 626.5 60 59
47 150.5 647.0 69 62
47 12.5 389.0 23 30
47 289.5 485.0 67 60
47 286.5 539.5 63 59
47 274.5 583.5 29 27
47 314.5 575.5 25 35
47 328.5 540.5 29 31
47 348.5 562.0 35 32
47 422.5 497.5 53 53
47 431.5 177.0 63 64
47 466.5 278.0 61 56
47 491.5 181.0 55 60
47 430.5 536.0 33 32
47 501.5 669.0 41 44
47 482.0 511.0 22 26
47 506.0 520.5 16 19
47 559.0 183.0 22 22
47 559.0 272.0 40 44
47 673.0 193.0 42 46
47 757.5 89.0 21 46
47 686.5 164.5 35 27
47 615.0 284.5 40 45
47 703.5 309.0 41 40
47 677.0 312.0 32 18
47 772.5 358.5 27 25
47 849.5 121.0 43 36
47 839.0 166.0 38 38
47 804.5 110.5 37 23
47 775.0 273.0 32 36
47 823.5 292.5 21 17
47 769.0 387.5 38 33
47 667.0 396.5 38 43
47 735.0 674.0 40 38
47 702.5 465.5 41 35
47 522.0 318.0 54 50
47 594.0 432.0 40 46
47 680.0 497.0 36 34
47 691.5 532.0 33 34
47 603.0 608.5 42 47
47 771.5 696.5 25 23
47 624.5 650.5 37 39
47 537.0 675.5 28 39
47 324.5 43.5 37 45
