47 11.0 284.5 18 31
47 138.0 179.5 34 29
47 144.5 206.0 31 26
47 146.0 228.0 32 18
47 196.5 121.5 37 35
47 256.0 135.5 42 37
47 262.0 166.5 46 29
47 297.5 215.5 41 43
47 254.5 234.5 37 27
47 252.0 263.0 40 38
47 201.0 263.5 26 19
47 209.0 272.0 26 10
47 246.0 327.0 12 14
47 270.5 334.0 19 16
47 295.5 312.0 29 14
47 338.5 238.0 33 30
47 333.5 218.5 25 21
47 361.5 130.0 37 38
47 389.5 180.0 37 36
47 374.0 259.0 36 22
47 445.0 143.0 26 30
47 465.5 82.0 25 18
47 543.5 16.5 19 19
47 543.5 135.5 29 25
47 530.0 163.5 32 31
47 558.5 169.5 35 33
47 579.5 174.0 17 20
47 462.0 194.5 46 33
47 447.0 270.0 14 16
47 496.0 344.0 34 34
47 441.0 678.0 24 28
47 442.5 703.0 17 12
47 559.0 587.5 16 19
47 575.0 655.0 26 36
47 522.0 324.5 34 31
47 489.0 282.0 16 10
47 554.5 284.5 35 33
47 657.0 148.5 12 25
47 580.5 140.0 27 12
47 727.5 56.0 27 14
47 751.5 71.0 31 28
47 872.0 172.5 48 51
47 873.0 203.5 36 21
47 842.0 474.0 18 20
47 824.5 489.5 33 31
47 781.5 481.5 39 35
47 635.0 627.0 20 24
47 660.5 638.5 27 37
47 664.0 535.5 20 21
47 683.5 311.5 27 29
47 679.0 339.5 30 31
47 651.0 400.0 10 16
47 711.5 305.0 25 32
47 825.5 632.0 31 44
47 734.5 592.5 19 25
47 901.5 624.0 33 26
47 247.5 299.0 17 10
47 529.5 682.0 13 12
47 699.0 702.0 24 20
47 735.0 335.5 36 27
