47 149.5 507.5 37 33
47 107.0 469.5 26 29
47 241.5 442.0 37 36
47 133.0 514.5 28 29
47 378.5 358.0 33 28
47 433.5 303.5 33 33
47 383.0 396.0 30 22
47 479.5 430.0 37 30
47 484.0 401.5 36 31
47 488.5 320.0 33 34
47 497.5 347.5 37 31
47 521.0 377.0 30 36
47 592.5 308.0 37 34
47 568.0 418.5 34 35
47 635.0 532.0 30 32
47 475.5 468.0 21 24
47 717.5 516.5 27 29
47 689.5 375.5 31 25
47 670.0 321.5 22 33
47 437.0 433.5 32 35
47 778.5 457.5 39 33
47 739.5 497.5 27 39
47 909.0 514.5 30 31
47 915.0 486.0 22 24
47 789.5 349.5 33 35
47 812.0 330.5 34 29
47 777.0 308.5 32 41
47 761.5 337.5 27 29
47 899.5 326.5 29 27
47 1147.0 394.5 62 51
47 1033.0 688.5 42 43
47 1074.5 694.5 33 37
47 992.5 236.5 31 37
47 691.5 259.0 29 24
47 948.5 483.5 37 39
47 773.5 166.0 39 42
47 149.0 478.0 26 22
47 380.0 375.0 28 16
47 535.0 387.5 24 23
47 560.5 384.0 23 18
47 692.0 330.0 26 10
47 613.0 354.0 30 36
47 976.5 536.5 21 19
47 1107.5 447.5 19 41
47 1117.5 672.0 17 34
47 1097.5 690.5 21 37
47 963.5 220.0 19 16
47 729.5 396.5 23 7
