47 199.5 372.5 25 41
47 219.0 422.0 38 44
47 249.5 422.0 27 42
47 247.5 376.5 45 47
47 254.5 252.5 45 45
47 311.0 440.0 46 40
47 420.0 352.5 36 43
47 396.5 383.5 21 31
47 385.5 289.0 35 14
47 498.0 392.5 48 47
47 518.5 321.0 45 48
47 536.0 379.5 30 43
47 558.0 405.0 22 44
47 544.5 512.5 43 43
47 599.0 260.0 46 44
47 629.0 179.0 28 28
47 699.5 214.0 31 40
47 737.0 363.0 32 30
47 682.0 432.0 30 40
47 720.5 114.5 39 35
47 852.0 47.0 28 36
47 870.5 198.5 39 37
47 863.5 302.5 33 37
47 785.0 310.0 36 38
47 717.0 244.5 24 25
47 890.0 408.5 38 33
47 1022.0 275.5 56 49
47 882.0 461.5 20 31
47 860.0 448.0 26 44
47 835.5 501.5 27 27
47 859.0 641.5 36 39
47 857.0 674.5 32 29
47 322.0 373.5 26 21
47 475.5 359.0 31 48
47 629.5 215.0 31 32
47 776.0 224.5 22 25
47 766.5 451.5 23 29
47 624.0 371.5 16 23
47 579.0 513.0 18 18
