47 288.5 304.0 25 22
47 360.5 327.0 25 22
47 450.0 294.5 40 37
47 450.5 270.5 35 25
47 501.5 328.0 31 36
47 503.5 261.0 35 38
47 632.5 426.0 31 36
47 665.0 305.5 30 35
47 719.0 437.5 42 37
47 702.0 370.0 24 28
47 711.5 282.5 19 19
47 664.0 400.0 10 16
47 773.0 272.0 36 26
47 810.5 204.5 33 45
47 832.0 199.0 30 34
47 907.0 249.5 40 35
47 932.0 248.0 22 28
47 948.5 221.0 41 36
47 983.5 319.0 45 40
47 1006.0 188.5 38 39
47 1030.5 155.0 33 34
47 1118.0 237.5 32 35
47 1092.5 315.5 25 23
47 1225.0 155.5 58 55
47 1203.5 465.5 43 41
47 1251.0 465.0 48 42
47 1118.0 603.0 34 42
47 1056.0 567.5 38 37
47 1243.0 604.5 34 41
47 868.5 422.0 53 38
47 767.0 534.5 36 37
47 793.0 592.0 30 32
47 397.5 351.5 29 21
47 514.5 364.0 21 22
47 677.0 502.5 22 15
47 828.0 301.5 26 19
47 837.5 490.0 33 36
47 802.0 544.0 26 32
47 844.5 537.5 19 21
47 1109.5 566.5 37 31
47 1110.5 657.0 29 22
47 1069.0 460.5 28 35
47 1049.5 540.0 21 14
