47 392.0 30.5 34 35
47 347.0 61.5 34 39
47 275.5 414.0 33 32
47 257.0 448.5 34 31
47 271.5 468.0 21 18
47 287.0 523.5 32 35
47 264.0 491.5 28 21
47 302.5 502.5 31 33
47 321.5 478.0 31 30
47 294.0 461.5 20 21
47 318.5 430.5 31 33
47 315.0 553.0 36 38
47 353.0 402.0 28 26
47 350.5 382.0 29 18
47 374.5 395.5 25 29
47 387.5 417.0 29 34
47 394.0 343.5 18 31
47 444.0 329.0 18 24
47 496.5 324.5 25 27
47 513.0 297.0 18 26
47 574.0 300.5 34 29
47 592.0 316.5 34 31
47 588.0 346.0 26 32
47 552.5 361.5 23 19
47 550.0 387.5 30 27
47 590.5 401.5 25 29
47 555.0 437.5 20 31
47 531.0 431.0 32 32
47 507.0 410.5 28 23
47 454.0 455.0 38 34
47 410.5 480.5 27 35
47 398.0 503.0 22 28
47 402.5 534.0 29 28
47 379.0 560.5 28 23
47 388.0 585.5 24 29
47 403.0 569.0 24 28
47 451.5 561.0 31 36
47 468.5 539.0 35 28
47 441.5 525.0 23 20
47 451.0 511.0 30 22
47 480.5 477.0 39 38
47 516.5 599.5 31 31
47 553.0 562.0 30 32
47 548.0 530.5 30 25
47 652.5 406.0 21 20
47 724.5 220.5 33 27
47 687.0 22.0 46 44
47 746.0 56.0 42 50
47 733.0 194.5 24 27
47 746.5 189.0 25 34
47 758.5 235.5 31 31
47 747.0 305.5 16 29
47 592.0 698.5 26 31
47 713.5 608.0 33 36
47 748.5 635.5 27 29
47 808.0 677.5 28 37
47 866.5 14.5 43 27
47 917.5 107.0 29 42
47 998.0 120.5 34 31
47 1025.0 91.0 34 40
47 1054.5 99.0 39 46
47 800.5 545.5 29 31
47 802.5 522.5 17 23
47 790.0 405.0 26 26
47 804.5 390.5 29 29
47 847.5 480.0 27 42
47 822.0 504.0 18 20
47 917.5 640.5 23 31
47 980.0 296.5 26 29
47 856.0 216.0 20 28
47 812.0 308.5 24 21
47 833.0 356.5 18 17
47 794.5 235.5 29 37
47 820.0 184.0 20 26
47 846.5 151.5 27 35
47 561.5 483.0 25 24
47 137.0 475.0 24 16
47 190.0 448.5 24 15
47 804.0 88.0 20 14
47 773.5 502.5 19 15
47 582.5 10.5 25 15
