47 809.5 73.5 33 39
47 856.0 164.5 24 39
47 917.0 142.0 28 50
47 816.0 394.0 20 16
47 795.5 403.5 23 29
47 828.0 464.0 24 30
47 752.5 461.5 21 31
47 733.0 516.0 32 28
47 576.0 513.5 34 31
47 589.5 495.0 27 32
47 555.5 555.0 15 14
47 562.0 588.0 20 14
47 642.5 540.0 23 14
47 687.5 592.0 29 22
47 667.0 630.5 20 21
47 712.5 615.5 27 33
47 737.0 541.5 16 17
47 763.0 521.5 28 29
47 789.5 528.0 19 24
47 797.0 586.0 30 28
47 786.0 609.5 34 35
47 821.5 603.0 27 26
47 830.5 666.0 21 28
47 810.5 374.0 17 22
47 840.0 380.0 24 16
47 843.5 361.5 17 19
47 883.5 114.0 41 36
47 868.5 92.0 15 12
47 878.5 58.5 33 31
47 850.0 23.0 38 32
47 855.5 7.0 37 14
47 702.0 24.5 34 39
47 721.0 16.0 30 30
47 668.0 34.5 22 13
47 667.0 14.0 34 28
47 614.5 16.5 33 29
