47 30.0 120.5 26 27
47 56.0 121.0 26 28
47 103.5 112.0 15 14
47 76.0 127.5 18 19
47 217.5 230.5 31 27
47 263.5 166.5 25 31
47 265.5 116.5 25 25
47 253.0 147.5 12 19
47 35.5 100.0 21 16
47 217.0 199.5 26 17
47 385.0 347.0 38 32
47 390.0 383.5 34 35
47 441.0 394.0 30 24
47 406.0 269.0 28 36
47 453.0 225.5 32 33
47 430.5 94.0 33 32
47 395.0 81.5 24 21
47 423.5 132.0 25 20
47 537.5 267.5 25 21
47 504.5 266.5 23 21
47 475.0 260.0 18 18
47 542.5 108.0 23 22
47 531.0 127.5 18 23
47 626.0 126.0 34 20
47 575.5 123.0 29 26
47 590.5 323.5 25 17
47 586.5 252.5 25 27
47 448.0 299.0 24 24
47 342.0 126.5 24 21
47 615.0 447.5 22 17
47 550.0 449.5 10 15
47 585.0 373.0 16 22
47 310.5 226.0 19 20
47 555.0 74.0 18 24
47 519.0 145.0 16 22
47 590.5 454.0 19 20
47 104.5 151.5 21 15
47 357.5 396.0 15 20
47 727.5 578.5 27 33
47 509.5 103.0 21 34
47 652.5 210.0 19 20
47 635.0 249.5 14 19
47 110.5 185.5 27 29
47 184.0 228.0 22 26
47 130.0 146.5 22 17
47 213.5 249.5 25 19
47 457.0 90.5 16 39
47 599.5 219.5 17 19
47 614.5 220.0 17 26
47 633.5 219.0 17 20
47 605.0 274.5 26 17
47 602.5 259.0 23 12
47 615.5 294.0 15 12
47 574.0 100.5 20 11
47 553.5 95.0 21 16
47 805.0 210.0 24 24
47 814.5 247.0 19 24
47 804.0 267.5 26 23
47 799.0 286.5 18 15
47 730.5 87.5 15 31
47 668.0 450.5 18 19
47 711.5 411.0 23 24
47 700.5 357.5 17 17
47 803.0 492.5 16 15
47 667.5 472.0 21 18
47 642.0 465.5 12 15
47 418.5 446.0 11 16
47 378.0 458.0 14 14
47 147.5 186.0 23 24
47 60.5 96.0 25 20
47 737.5 237.5 19 23
47 705.5 317.0 19 22
47 416.0 360.0 18 22
47 413.0 381.5 16 23
47 771.0 691.5 30 27
