47 801.0 361.5 24 31
47 787.0 266.5 28 33
47 770.0 157.0 38 38
47 688.5 422.5 29 31
47 678.0 181.0 34 18
47 645.0 299.5 34 31
47 650.5 378.5 29 29
47 665.0 354.5 24 19
47 731.5 167.0 27 24
47 653.0 280.5 22 21
47 561.0 82.0 18 20
47 575.5 100.5 13 15
47 633.0 429.0 26 22
47 590.0 451.5 34 31
47 568.0 404.0 24 24
47 528.0 344.5 12 15
47 462.0 62.0 12 20
47 547.0 345.0 8 18
47 426.5 382.0 17 32
47 365.0 395.5 28 29
47 344.0 382.0 28 26
47 179.0 261.5 28 23
47 156.5 281.5 21 19
47 544.5 226.0 11 10
47 158.5 337.5 17 23
47 691.5 161.5 13 9
