47 17.5 254.5 27 45
47 171.5 210.5 51 49
47 131.0 290.5 50 45
47 183.0 307.0 44 34
47 171.5 345.0 39 30
47 225.5 345.5 35 27
47 338.0 379.5 48 41
47 277.0 218.0 46 38
47 364.5 246.0 37 40
47 344.0 102.5 40 49
47 307.5 105.5 29 45
47 356.0 142.0 52 48
47 413.0 75.0 42 38
47 357.0 317.0 42 46
47 324.5 211.0 37 34
47 559.5 258.5 29 31
47 574.5 192.5 39 41
47 603.0 68.0 42 34
47 643.0 133.0 42 50
47 709.5 356.5 41 41
47 789.0 206.0 50 54
47 945.0 402.0 36 36
47 494.5 625.5 53 51
47 509.0 685.0 44 54
47 349.5 709.0 33 18
47 988.5 457.0 43 54
47 446.5 219.0 19 32
47 607.5 417.0 43 42
47 637.0 271.5 28 27
47 600.5 312.0 23 40
47 685.5 337.5 15 31
47 587.5 364.5 17 27
47 829.0 243.5 36 21
47 307.5 701.0 37 36
47 264.0 686.5 14 15
47 289.0 261.0 30 18
47 395.0 282.0 26 12
47 417.5 123.0 27 30
47 398.5 142.5 29 41
47 416.5 165.0 21 14
47 486.0 365.5 22 13
47 444.5 367.0 27 22
47 607.0 172.0 26 14
47 792.0 268.0 40 44
47 738.0 338.5 30 21
47 918.5 350.5 31 43
47 951.0 208.5 20 21
