47 168.0 28.5 30 29
47 220.5 43.5 29 23
47 214.0 19.5 20 25
47 237.5 16.5 23 29
47 361.0 56.5 36 31
47 511.0 13.5 30 21
47 570.5 34.5 35 35
47 855.0 189.0 34 26
47 863.0 215.0 36 30
47 548.0 172.5 12 33
47 325.0 4.5 18 9
47 17.5 518.0 25 20
47 11.0 501.0 22 22
47 30.0 499.0 30 30
47 11.5 563.5 23 11
47 41.0 577.0 24 28
47 63.0 529.5 32 27
47 80.5 536.0 29 34
47 109.5 556.0 29 28
47 125.5 503.5 29 23
47 140.5 521.5 31 29
47 158.0 522.5 22 27
47 133.5 595.0 33 32
47 149.0 577.5 30 23
47 184.0 577.5 32 27
47 183.0 544.5 36 25
47 206.0 536.0 26 18
47 210.5 504.5 25 25
47 190.5 481.5 27 13
47 246.5 524.0 27 14
47 275.0 587.0 28 24
47 283.0 605.0 24 22
47 255.5 439.0 33 28
47 306.5 376.5 37 31
47 449.0 424.0 26 32
47 454.5 374.0 29 20
47 522.5 477.5 23 19
47 584.0 426.0 34 30
47 582.0 449.5 22 21
47 596.5 528.5 31 31
47 440.5 619.5 33 31
47 466.5 617.5 27 33
47 490.5 671.0 37 36
47 478.0 658.0 26 30
47 488.5 635.5 31 25
47 513.5 662.0 21 20
47 529.0 624.5 26 19
47 554.0 620.5 22 25
47 579.5 586.0 17 14
47 604.5 586.0 17 14
47 743.0 609.5 40 27
47 784.5 607.5 17 17
47 802.5 587.0 25 12
47 642.5 599.5 31 35
47 667.0 679.5 24 25
47 782.0 444.0 22 24
47 798.5 512.0 19 26
47 877.0 607.0 28 28
47 878.0 573.5 34 33
47 319.5 497.0 19 20
47 304.0 482.5 22 21
47 316.5 537.5 25 13
47 302.0 537.5 16 9
47 516.0 689.5 34 37
47 370.5 700.5 19 25
47 268.5 479.0 21 18
47 218.0 497.0 38 36
47 200.5 583.5 17 13
47 68.5 567.5 41 29
47 513.0 579.5 22 11
47 395.5 458.0 27 12
47 456.0 404.5 32 11
47 837.5 420.0 15 18
47 635.0 620.0 28 16
