47 107.0 399.5 32 33
47 147.0 376.5 30 29
47 142.5 350.5 29 23
47 199.0 373.0 36 34
47 195.5 407.0 33 34
47 312.5 315.0 29 32
47 298.5 349.5 29 27
47 266.0 376.5 28 31
47 234.0 372.0 38 34
47 183.5 448.0 35 40
47 215.0 467.0 42 36
47 227.0 495.5 40 35
47 251.5 481.0 25 28
47 180.5 518.0 31 34
47 229.0 536.5 36 35
47 239.5 569.0 35 34
47 268.0 508.5 24 39
47 294.5 620.5 27 29
47 225.5 606.5 31 31
47 332.5 475.5 29 31
47 312.5 514.5 29 31
47 379.5 398.0 21 14
47 483.0 38.5 20 21
47 356.5 384.0 27 32
47 470.0 423.5 28 31
47 461.0 476.5 26 29
47 474.5 501.5 21 23
47 290.0 647.0 32 36
47 254.0 654.0 30 32
47 256.5 695.0 19 22
47 288.0 687.5 36 37
47 321.0 701.0 36 34
47 316.0 642.0 22 28
47 433.0 548.5 24 27
47 428.5 570.0 27 24
47 554.0 110.5 22 13
47 573.0 170.0 26 24
47 621.5 175.0 31 30
47 574.5 289.0 21 24
47 571.5 330.0 25 22
47 567.5 352.0 25 22
47 524.0 473.0 30 30
47 534.5 435.5 13 15
47 484.5 546.5 23 17
47 474.5 527.0 25 26
47 488.5 518.0 23 30
47 599.0 560.0 34 28
47 596.5 593.5 31 27
47 711.0 6.0 34 12
47 645.5 170.5 19 29
47 635.5 370.5 33 37
47 724.5 399.0 33 38
47 606.5 625.5 33 25
47 769.5 22.5 43 43
47 754.0 65.0 48 46
47 878.5 225.0 41 42
47 846.0 223.0 32 36
47 800.5 281.5 33 33
47 788.0 404.5 18 53
47 671.5 364.5 15 31
47 624.5 692.5 23 29
47 911.0 657.0 36 38
47 649.5 700.0 29 34
47 635.5 709.5 29 19
47 599.0 701.5 18 27
47 830.5 435.5 25 33
47 964.5 600.0 27 36
47 893.5 492.5 23 39
47 907.0 596.0 24 32
47 750.0 413.0 42 40
47 503.0 533.0 26 24
47 714.0 126.0 20 16
47 713.0 478.0 44 30
47 839.5 465.0 31 30
