47 198.0 362.0 30 24
47 175.5 377.5 25 27
47 175.0 437.0 18 18
47 354.5 477.0 29 32
47 376.5 490.5 23 29
47 441.5 483.0 33 24
47 558.0 430.5 26 29
47 568.0 510.5 14 23
47 563.0 486.5 10 13
47 594.0 560.0 36 34
47 632.5 541.0 27 14
47 601.0 507.0 10 10
47 654.5 408.0 37 36
47 655.0 489.0 32 30
47 694.0 541.5 34 35
47 673.5 468.0 25 22
47 669.0 389.0 20 22
47 694.5 296.0 35 30
47 780.5 281.5 37 35
47 794.5 386.5 33 33
47 805.5 484.0 27 30
47 741.5 291.5 29 19
47 667.5 260.5 25 17
47 577.5 194.5 27 23
47 595.5 213.5 25 21
47 645.5 65.0 33 32
