47 648.5 12.0 27 22
47 621.0 138.5 28 25
47 619.0 180.5 30 31
47 663.5 597.0 35 40
47 623.0 456.0 30 32
47 606.0 334.5 26 27
47 498.5 176.0 21 26
47 426.5 139.0 21 28
47 241.5 599.0 35 34
47 398.0 609.5 32 27
47 394.5 682.0 35 30
47 635.5 652.0 27 36
47 411.5 286.0 19 26
47 398.0 255.0 18 18
47 528.0 183.0 18 18
47 429.5 180.5 17 19
47 693.0 604.0 28 44
47 270.0 15.0 26 28
47 242.5 10.0 27 20
47 242.5 565.0 23 28
47 267.5 42.5 21 17
47 188.5 24.5 17 23
47 224.0 27.0 12 8
47 361.5 24.5 21 13
47 353.5 55.5 23 23
47 410.5 67.5 15 17
47 409.5 51.5 25 19
47 425.5 67.5 15 23
47 474.5 163.5 17 21
47 631.5 129.0 29 28
47 539.0 175.5 16 15
47 484.5 284.5 21 13
47 506.5 285.0 13 18
47 505.5 303.0 15 22
47 577.0 212.0 20 28
47 644.5 226.5 23 21
47 640.0 240.5 30 33
47 614.5 281.5 15 15
47 614.0 307.0 22 20
47 646.0 296.0 22 28
47 597.0 481.0 18 24
47 379.0 632.5 32 27
47 410.5 689.0 19 24
47 398.5 708.0 33 22
