47 871.5 208.0 37 44
47 833.5 181.0 45 42
47 782.5 278.5 33 41
47 896.5 708.0 31 22
47 653.5 192.5 33 37
47 661.0 224.5 32 31
47 597.5 459.0 53 36
47 559.0 274.0 26 20
47 456.0 501.5 38 47
47 483.0 333.0 36 36
47 484.0 285.5 18 19
47 449.0 418.5 28 33
47 435.0 471.5 18 27
47 435.0 178.5 26 29
47 330.0 330.5 28 27
47 313.5 352.5 35 37
47 281.5 340.5 17 39
47 253.0 518.0 32 24
47 306.5 256.0 13 22
47 244.5 321.5 43 37
47 208.0 317.0 26 32
47 213.0 353.0 34 32
47 185.0 461.0 28 22
47 180.0 361.0 34 34
47 35.0 385.5 38 33
47 142.5 435.0 21 24
47 473.0 440.5 18 13
47 715.0 569.5 14 21
47 754.5 479.0 15 14
47 239.0 359.5 42 43
47 518.5 470.0 17 18
47 513.5 495.0 29 32
47 960.5 607.5 21 21
47 340.5 279.5 33 31
47 515.5 294.0 39 46
47 547.0 398.0 38 34
47 599.5 497.0 43 38
47 623.5 442.0 21 16
47 646.0 399.0 30 26
47 699.0 419.5 28 27
