47 157.5 53.0 23 26
47 195.5 30.5 27 25
47 396.5 13.5 23 25
47 279.5 6.0 25 12
47 270.0 7.0 16 12
47 265.5 83.5 21 21
47 388.0 61.0 22 22
47 401.0 131.0 22 18
47 271.0 140.0 32 24
47 263.0 170.5 26 15
47 231.5 5.5 31 7
47 197.5 6.5 25 11
47 205.5 59.0 29 32
47 244.5 110.5 33 25
47 242.5 127.0 33 28
47 359.5 161.5 17 25
47 216.5 103.0 27 26
47 184.0 77.0 22 24
47 189.5 136.0 23 26
47 417.5 168.5 17 25
47 455.0 29.0 24 22
47 439.0 5.5 22 9
47 495.5 84.0 21 24
47 432.5 166.0 17 26
47 547.5 64.5 13 15
47 490.5 7.5 15 13
47 496.0 3.5 16 7
47 511.0 177.0 24 16
47 438.0 265.5 30 31
47 546.0 289.0 24 24
47 511.5 303.0 27 30
47 487.5 288.5 21 21
47 608.0 97.5 30 37
47 640.0 97.0 34 34
47 550.0 275.0 18 12
47 438.5 304.5 25 25
47 405.5 373.0 21 20
47 424.0 406.0 26 26
47 496.5 386.0 19 14
47 596.5 345.5 25 35
47 648.5 614.5 37 35
47 666.0 140.5 32 41
47 652.0 253.5 34 29
47 640.0 269.0 30 28
47 639.5 315.5 35 37
47 668.0 369.5 34 21
47 665.0 388.5 34 33
47 630.5 467.5 33 33
47 667.0 701.5 18 23
47 626.0 627.0 22 24
47 633.5 420.5 21 13
47 522.5 383.5 15 19
47 525.5 397.5 15 19
47 673.5 408.0 13 18
