47 561.0 364.0 18 18
47 557.0 387.0 24 26
47 628.0 345.5 34 37
47 649.5 323.5 21 29
47 725.0 349.0 16 14
47 709.5 406.0 35 32
47 696.5 429.5 31 33
47 795.0 460.5 34 39
47 831.0 401.0 32 38
47 920.0 143.0 38 32
47 940.5 184.0 35 34
47 862.5 308.0 23 30
47 888.0 369.0 18 18
47 958.0 347.5 32 25
47 857.5 443.0 29 32
47 869.5 504.0 43 32
47 899.0 527.0 28 36
47 844.5 537.5 23 35
47 588.5 372.0 25 18
47 611.0 414.5 32 27
47 745.0 69.0 32 28
47 685.0 60.5 30 23
47 321.5 44.0 43 42
47 653.5 372.0 23 28
47 660.5 412.0 33 30
47 691.0 36.0 42 38
47 967.0 25.5 40 33
47 957.0 321.5 26 15
47 303.0 15.5 42 27
47 724.5 59.0 19 20
47 733.5 30.5 21 19
47 918.0 21.5 36 37
47 743.5 13.0 23 22
47 979.0 195.0 22 24
47 807.5 351.0 19 26
47 823.5 699.5 23 23
47 826.0 714.5 24 9
