47 966.0 94.0 28 20
47 788.5 35.0 19 22
47 741.5 427.0 17 28
47 726.5 415.5 15 23
47 664.5 68.5 27 29
47 674.0 48.0 20 14
47 607.5 65.5 25 27
47 587.5 45.0 25 28
47 588.5 9.0 29 16
47 603.5 15.0 11 12
47 559.5 59.5 27 23
47 500.0 10.5 18 21
47 527.5 10.0 23 18
47 433.0 60.0 30 28
47 378.0 5.0 26 8
47 448.0 447.5 28 27
47 439.0 418.0 30 30
47 352.0 408.5 24 21
47 268.5 317.5 39 33
47 290.5 268.0 29 32
47 290.0 299.0 24 34
47 326.0 310.0 22 28
47 581.0 68.5 22 19
47 983.5 68.0 17 14
47 251.5 281.0 29 12
47 250.5 265.5 13 17
47 562.5 26.0 21 22
47 1085.5 104.0 41 36
47 1043.0 226.0 34 34
47 951.5 712.0 19 12
