47 117.0 15.0 46 28
47 158.0 12.0 36 24
47 160.5 53.5 45 31
47 180.5 29.5 49 45
47 226.0 44.5 36 29
47 392.5 172.5 37 33
47 559.0 52.0 20 28
47 597.5 32.0 37 36
47 597.0 52.5 32 21
47 614.5 163.0 53 54
47 887.0 236.5 58 65
47 982.0 232.5 54 55
47 292.5 493.5 41 37
47 301.5 461.0 35 32
47 282.5 523.0 37 28
47 338.0 507.0 32 34
47 281.0 560.0 40 22
47 292.0 567.5 4 3
47 338.5 583.0 39 32
47 333.0 615.5 44 31
47 336.5 651.5 41 43
47 404.0 525.5 36 23
47 403.0 548.0 34 22
47 438.0 580.5 40 41
47 439.5 616.0 41 34
47 499.0 501.5 32 39
47 522.5 480.0 23 20
47 554.0 437.5 36 41
47 570.5 408.5 35 25
47 604.0 470.0 44 48
47 624.0 435.0 40 28
47 634.0 463.0 30 36
47 657.0 419.0 36 36
47 634.0 396.5 36 37
47 661.5 388.5 29 27
47 498.5 606.5 27 35
47 529.0 631.0 40 42
47 502.5 573.0 33 18
47 577.5 653.5 39 33
47 589.0 625.5 40 29
47 599.5 652.0 15 24
47 589.0 705.0 36 28
47 653.5 622.0 39 36
47 692.0 619.5 38 33
47 649.5 587.0 31 26
47 709.5 596.0 29 38
47 742.5 608.5 35 37
47 756.5 693.5 47 47
47 798.0 648.0 44 42
47 770.0 633.0 32 32
47 764.0 494.5 36 37
47 740.0 465.5 42 37
47 978.0 485.5 40 39
47 301.0 568.0 28 20
47 595.5 673.0 27 14
47 735.5 667.5 29 15
47 618.5 621.5 25 25
47 351.5 87.5 19 23
47 320.5 524.0 33 22
47 404.5 627.5 19 15
47 618.0 44.0 18 22
47 600.5 574.5 19 13
47 547.5 481.0 21 14
47 956.5 291.0 27 20
47 1117.5 617.5 31 29
47 1107.0 682.5 42 43
47 771.0 665.5 18 13
