47 66.5 444.0 43 36
47 168.0 489.5 20 23
47 205.5 518.0 33 28
47 204.0 421.5 38 35
47 229.0 377.5 28 33
47 234.0 411.0 34 38
47 257.5 432.0 37 20
47 265.5 409.5 31 19
47 263.5 381.5 45 35
47 303.5 400.5 27 31
47 271.5 563.5 39 31
47 328.0 322.5 20 23
47 324.5 354.5 21 25
47 331.0 418.0 44 30
47 343.0 389.0 32 28
47 357.5 343.5 31 35
47 448.0 248.0 24 24
47 503.0 355.5 36 25
47 526.0 369.5 34 35
47 495.5 402.5 45 39
47 460.5 482.5 29 33
47 442.0 519.0 22 26
47 417.0 500.5 16 15
47 368.0 487.0 14 20
47 459.0 535.5 36 21
47 466.0 565.5 36 37
47 732.0 23.0 38 38
47 768.0 19.5 34 37
47 791.5 37.5 27 23
47 570.5 346.0 39 28
47 551.5 463.0 43 34
47 521.0 541.0 30 26
47 505.0 580.5 16 15
47 599.0 526.0 52 40
47 599.0 560.5 36 31
47 648.5 469.5 31 25
47 702.5 494.0 39 38
47 659.0 276.5 40 33
47 667.5 308.0 33 34
47 780.0 367.5 26 29
47 835.5 282.5 51 45
47 868.5 308.0 43 40
47 878.0 256.0 32 36
47 933.0 652.0 36 26
47 713.0 635.0 14 16
