47 345.0 283.5 34 23
47 593.5 417.0 31 28
47 589.5 443.0 29 20
47 604.0 193.0 24 22
47 700.0 223.5 20 21
47 684.5 358.0 35 30
47 680.0 383.5 32 33
47 755.0 202.5 24 29
47 725.5 201.5 25 23
47 798.5 202.0 41 34
47 735.0 362.5 24 23
47 772.0 522.5 26 27
47 785.5 572.5 21 19
47 785.0 549.0 28 20
47 714.5 505.0 25 22
47 701.5 531.5 19 19
47 755.5 469.5 21 29
47 757.5 439.0 27 20
47 733.0 386.0 16 18
47 796.0 264.0 20 20
47 581.0 15.5 32 25
47 880.5 692.0 29 30
47 536.5 258.0 23 20
47 804.5 287.0 23 28
47 380.0 281.5 14 19
47 597.0 131.0 22 18
47 807.5 108.0 21 24
47 698.0 41.5 20 15
47 714.5 427.0 25 14
47 628.0 241.0 26 16
47 625.0 285.0 34 28
47 630.5 328.0 19 24
47 724.5 450.5 29 27
47 772.0 295.5 22 21
47 751.5 297.5 23 15
