47 235.0 294.0 36 38
47 253.5 256.0 29 38
47 220.0 253.5 28 23
47 296.0 277.0 28 30
47 346.0 9.0 28 14
47 402.0 66.0 30 26
47 498.0 13.0 30 24
47 556.5 11.5 31 23
47 466.5 15.0 15 24
47 534.0 32.0 20 18
47 528.5 67.5 27 23
47 556.0 55.0 26 26
47 543.5 77.5 11 19
47 575.5 75.5 25 27
47 633.0 79.0 26 30
47 640.5 56.5 21 13
47 739.0 6.0 18 12
47 755.0 46.5 20 21
47 929.5 105.5 29 17
47 946.5 77.5 19 11
47 315.0 405.5 26 21
47 405.0 417.0 32 26
47 415.5 444.0 25 28
47 706.5 417.0 31 34
47 573.0 23.0 16 12
47 925.0 709.5 24 15
47 1008.0 231.5 38 33
47 1050.0 114.5 32 29
47 1040.0 153.0 14 8
47 938.5 201.0 11 20
47 258.5 286.0 21 28
