47 288.5 238.5 35 41
47 366.5 322.5 37 33
47 350.0 370.5 30 31
47 319.0 369.0 28 26
47 316.5 395.0 27 30
47 242.0 262.5 20 23
47 209.0 350.0 28 28
47 169.0 265.0 26 28
47 153.5 253.5 31 27
47 121.5 192.5 19 21
47 98.0 157.0 26 24
47 117.5 158.5 21 25
47 194.5 207.0 21 24
47 236.0 461.5 26 21
47 241.0 519.5 14 25
47 303.5 626.0 29 30
47 346.0 645.5 28 29
47 257.0 126.5 36 35
47 290.5 119.0 31 22
47 272.0 96.5 38 39
47 297.0 79.0 36 28
47 263.0 59.0 30 20
47 238.5 82.0 31 34
47 347.0 161.5 30 37
47 335.5 133.5 33 31
47 366.0 126.0 36 22
47 336.0 94.0 38 34
47 333.0 62.0 36 34
47 271.0 178.5 30 33
47 191.5 32.5 25 23
47 417.0 304.5 36 39
47 441.5 374.5 35 29
47 439.0 314.0 20 32
47 419.5 199.5 27 33
47 340.0 570.0 26 26
47 328.0 597.5 36 33
47 216.5 23.5 23 19
47 395.5 170.0 29 32
47 380.5 187.5 27 23
47 402.0 483.0 22 22
47 364.0 56.0 24 28
47 396.0 93.0 28 28
47 383.0 30.5 26 23
47 378.5 53.5 19 23
47 380.0 15.5 22 17
47 361.0 11.0 46 22
47 207.0 7.5 22 13
47 441.0 395.5 26 23
47 551.5 184.0 29 26
47 179.0 134.5 22 13
47 548.0 66.5 40 39
47 509.5 38.0 35 38
47 579.0 289.0 26 28
47 637.0 298.0 30 34
47 664.0 275.5 26 27
47 679.5 293.5 37 33
47 604.0 543.0 30 34
47 463.0 439.5 30 25
47 650.0 123.0 32 36
47 629.5 46.5 31 35
47 646.0 183.5 30 37
47 625.0 220.0 18 24
47 680.0 212.5 34 29
47 717.5 246.5 25 29
47 748.0 240.5 22 25
47 768.5 345.5 35 35
47 719.5 428.0 25 26
47 752.5 154.0 23 22
47 805.0 250.0 20 20
47 631.5 553.0 27 38
47 644.5 491.0 31 32
47 751.0 500.5 30 27
47 752.0 480.0 16 14
47 667.0 594.0 22 24
47 674.0 614.5 22 23
47 749.0 696.0 26 26
47 816.5 670.0 33 24
47 828.0 679.5 18 15
47 814.0 421.5 24 19
47 897.0 288.5 28 21
47 879.5 331.5 27 27
47 912.5 300.5 23 27
47 773.0 552.0 18 22
47 681.0 566.0 22 24
47 507.5 656.0 17 16
47 548.0 708.0 14 16
47 560.5 711.5 19 11
47 602.0 702.5 14 19
47 452.5 206.0 19 28
47 209.0 54.0 18 26
47 127.5 255.0 25 22
47 443.0 167.0 28 32
47 575.5 57.0 25 20
47 626.5 87.5 21 33
47 595.0 126.5 18 21
47 779.0 183.0 22 16
47 701.5 547.5 25 31
47 743.5 466.0 21 16
47 687.0 449.0 14 26
47 297.0 710.5 18 17
