47 57.0 55.0 40 32
47 89.0 82.5 38 37
47 54.0 124.0 36 34
47 68.5 192.5 41 33
47 96.5 189.5 33 37
47 215.0 69.5 44 37
47 205.5 141.5 35 35
47 153.5 298.5 41 39
47 105.5 271.5 45 39
47 103.0 228.0 38 32
47 152.0 189.5 36 23
47 122.5 185.0 21 14
47 88.0 115.5 30 21
47 179.5 130.5 31 35
47 199.0 182.0 42 38
47 225.0 171.5 42 37
47 223.0 201.5 28 21
47 276.0 26.5 38 35
47 316.5 13.5 35 25
47 345.5 53.5 43 43
47 324.5 84.5 31 33
47 342.5 103.5 25 29
47 413.5 147.0 33 28
47 326.5 304.0 39 40
47 407.5 311.0 35 40
47 394.0 64.0 32 24
47 431.0 181.0 28 30
47 442.5 153.5 27 33
47 465.0 78.5 30 29
47 513.5 109.5 29 25
47 551.5 210.0 19 54
47 434.5 264.0 31 26
47 427.5 351.0 23 26
47 604.0 17.5 28 33
47 636.0 216.5 40 43
47 808.0 218.0 50 52
47 901.0 202.5 54 57
47 699.5 170.0 35 34
47 517.0 54.5 28 31
47 494.5 314.5 23 31
47 566.5 407.5 31 27
47 281.0 243.5 26 37
47 209.0 247.0 26 32
47 52.0 216.5 36 35
47 14.0 122.0 28 40
47 15.5 146.0 29 24
47 259.5 673.5 43 25
47 419.0 516.0 54 32
47 421.5 542.5 41 29
47 480.5 548.0 37 36
47 459.0 502.0 34 38
47 509.5 479.0 27 30
47 779.5 393.0 31 34
47 743.5 401.5 27 33
47 679.0 532.5 30 27
47 659.5 588.5 45 39
47 678.0 563.0 32 36
47 809.5 482.5 25 29
47 16.0 187.0 28 28
