47 150.5 319.5 33 31
47 184.5 335.0 29 20
47 186.0 363.5 46 39
47 179.0 400.0 50 44
47 212.5 369.5 13 15
47 328.5 424.0 23 26
47 435.5 371.0 47 44
47 466.5 316.0 37 40
47 494.0 294.0 30 26
47 528.0 506.0 32 20
47 534.5 494.0 31 28
47 702.0 250.0 38 32
47 612.5 367.0 43 38
47 629.0 453.5 34 37
47 619.5 514.0 31 30
47 616.5 537.0 25 14
47 729.0 404.0 46 48
47 753.5 316.0 17 32
47 788.0 383.5 42 49
47 770.5 421.5 37 29
47 752.5 454.0 43 40
47 780.5 478.0 25 30
47 836.5 424.5 27 25
47 824.0 359.5 28 27
47 887.5 434.5 37 43
47 850.0 458.5 38 35
47 1107.0 224.0 44 42
47 965.0 210.5 26 43
47 36.5 392.5 39 35
47 1087.0 80.5 26 29
47 959.0 307.5 22 21
47 863.0 711.0 20 14
47 765.5 275.0 25 28
47 363.0 471.0 16 18
47 398.0 473.5 30 21
47 498.5 356.0 25 16
47 382.5 427.0 13 10
47 410.5 404.0 17 16
47 609.0 390.5 42 33
47 598.5 410.5 35 29
47 785.0 515.5 22 27
47 989.5 476.0 47 40
47 1203.0 507.0 60 50
47 1244.5 349.5 45 47
47 1084.5 325.5 29 37
