47 875.0 556.5 32 45
47 838.5 530.0 47 44
47 749.5 213.5 31 29
47 783.0 215.0 36 36
47 778.0 181.0 14 28
47 663.5 487.0 31 28
47 669.0 519.5 26 27
47 697.0 699.0 32 38
47 646.0 677.0 20 38
47 626.5 703.5 27 29
47 643.0 622.5 8 9
47 548.0 672.5 38 39
47 491.5 609.5 39 41
47 526.5 569.5 31 31
47 574.0 543.5 26 27
47 498.5 658.5 19 19
47 450.0 682.5 24 35
47 453.0 443.5 20 17
47 455.0 714.0 22 8
47 432.5 705.0 21 28
47 411.5 694.5 15 35
47 361.5 526.0 17 18
47 337.0 687.5 22 25
47 323.0 611.5 38 31
47 342.0 578.0 26 30
47 319.0 542.5 18 21
47 289.5 583.0 15 12
47 291.5 595.5 19 11
47 258.5 563.0 37 38
47 223.5 554.0 25 30
47 227.5 594.0 33 32
47 246.5 613.0 17 20
47 256.5 591.5 25 21
47 199.5 613.0 37 40
47 6.0 571.0 10 30
47 60.0 623.5 44 15
47 155.5 684.0 25 36
47 193.0 700.0 30 38
47 368.0 690.5 40 53
47 503.0 113.0 8 16
47 883.5 436.0 29 42
