47 146.5 583.5 39 39
47 118.0 575.5 36 33
47 156.0 669.5 42 41
47 169.5 145.0 37 24
47 210.0 101.0 26 32
47 161.5 121.5 15 23
47 314.5 29.5 33 33
47 238.0 88.5 32 17
47 238.5 169.0 35 34
47 332.5 84.0 25 26
47 288.5 142.0 21 16
47 382.0 142.5 22 23
47 275.5 513.5 27 33
47 283.5 548.5 15 19
47 318.5 515.0 31 28
47 309.5 556.5 39 31
47 410.0 273.5 28 29
47 422.0 286.5 24 31
47 396.5 645.0 33 30
47 483.5 128.0 25 34
47 420.5 215.5 31 17
47 364.0 657.5 28 25
47 626.5 168.5 35 33
47 540.5 18.0 19 14
47 631.0 518.0 30 32
47 730.0 136.0 22 20
47 634.0 51.5 20 15
47 490.0 258.0 32 26
47 565.5 276.0 23 26
47 543.0 313.0 26 30
47 421.0 487.0 26 22
47 484.0 572.5 30 27
47 482.0 592.0 40 34
47 504.5 640.5 17 25
47 517.5 608.5 27 23
47 526.5 632.0 19 24
47 494.5 479.5 31 27
47 815.5 519.5 33 33
47 692.0 496.5 28 19
47 512.0 504.0 20 20
47 441.0 165.0 16 18
47 261.5 553.0 37 30
47 297.5 594.0 21 16
47 345.0 635.5 18 15
47 394.0 694.0 24 16
47 425.5 673.0 11 18
47 590.0 20.0 18 14
47 490.0 656.0 18 14
47 484.5 698.5 29 21
47 562.5 426.5 25 23
47 867.0 32.0 30 30
