47 19.0 429.0 34 36
47 30.0 398.0 46 40
47 60.0 375.0 44 38
47 131.0 387.5 44 37
47 121.5 472.0 29 18
47 133.0 432.0 30 36
47 146.0 358.0 28 18
47 159.0 337.0 20 18
47 190.5 419.5 39 27
47 192.0 464.5 40 43
47 213.5 449.5 45 17
47 219.0 405.0 32 26
47 255.5 377.0 33 30
47 299.5 596.0 35 40
47 319.5 640.0 35 34
47 293.0 518.5 24 21
47 307.5 272.5 15 21
47 352.0 340.5 24 23
47 347.5 386.0 25 22
47 371.0 382.0 28 28
47 444.0 394.0 26 30
47 534.0 108.0 18 36
47 559.5 121.0 33 34
47 519.0 247.5 12 17
47 655.0 499.5 38 45
47 614.0 230.5 32 33
47 673.0 327.0 38 38
47 694.5 444.0 33 30
47 718.5 360.5 39 45
47 747.5 265.0 29 34
47 769.5 338.5 43 45
47 750.5 369.0 35 28
47 962.0 590.5 24 33
47 983.5 596.5 27 29
47 536.0 513.0 22 24
47 202.0 429.5 40 21
47 590.0 93.0 20 16
47 595.5 62.0 23 20
47 618.5 39.0 19 14
47 809.0 74.5 22 31
47 685.5 159.5 31 29
47 885.5 139.0 25 30
47 879.0 36.0 14 10
47 827.0 294.0 22 26
47 826.5 455.5 15 21
47 700.0 558.5 30 33
47 753.5 591.0 19 24
47 637.5 461.5 37 39
47 210.5 379.0 35 42
47 1046.5 713.5 39 11
