47 257.0 222.5 22 19
47 319.5 239.5 25 27
47 361.5 261.0 25 30
47 406.0 208.5 36 37
47 409.5 187.5 31 17
47 460.0 246.5 32 31
47 463.0 182.0 26 36
47 589.0 334.0 34 36
47 669.5 344.5 39 39
47 652.0 277.0 30 26
47 720.0 191.0 32 24
47 622.5 185.0 23 14
47 744.0 112.0 30 40
47 768.5 118.0 25 36
47 837.0 153.0 34 34
47 865.5 154.0 23 26
47 875.5 125.5 33 31
47 909.0 209.5 44 37
47 925.0 94.5 30 31
47 948.5 64.5 37 39
47 1029.5 136.5 31 37
47 1123.5 42.5 49 45
47 1048.5 471.0 29 30
47 1007.0 480.5 40 29
47 1041.5 520.5 23 25
47 984.0 449.5 36 21
47 1040.0 440.5 26 17
47 996.0 342.5 20 27
47 804.5 312.5 41 25
47 784.5 387.0 27 30
47 720.0 433.0 36 30
47 751.0 484.0 34 30
47 1256.0 639.0 44 46
47 614.0 223.5 34 29
47 635.5 401.5 27 17
47 1016.0 199.0 30 24
47 1119.5 328.5 43 33
47 1163.0 328.0 46 36
47 1178.5 705.0 21 28
47 888.5 693.0 15 24
47 945.0 661.5 16 17
47 845.0 713.0 24 10
47 616.5 308.0 15 16
47 593.5 713.0 15 12
