47 315.0 88.0 22 22
47 336.0 159.5 26 31
47 389.0 157.5 34 27
47 400.0 172.0 36 26
47 497.0 134.5 24 21
47 514.5 126.0 39 18
47 567.5 172.5 21 23
47 649.5 178.5 31 25
47 706.0 127.0 32 28
47 780.5 89.0 19 38
47 734.5 184.5 17 27
47 772.0 4.5 26 7
47 746.0 279.0 20 26
47 769.0 269.0 28 26
47 794.5 351.0 29 30
47 805.5 336.5 45 21
47 724.5 362.5 23 27
47 712.0 376.0 20 28
47 754.5 245.5 19 17
47 731.5 276.0 11 16
47 758.5 619.0 35 36
47 799.5 607.0 27 32
47 813.5 627.0 29 26
47 685.0 701.0 14 18
47 582.5 705.5 27 27
47 450.0 634.5 16 27
47 381.5 59.0 29 24
47 400.0 46.5 24 19
47 756.5 122.0 23 22
47 832.5 135.0 21 26
