47 263.5 366.0 31 28
47 556.5 229.0 31 28
47 596.5 237.0 23 28
47 848.0 204.0 32 30
47 778.5 218.5 25 25
47 704.0 192.0 24 22
47 579.5 125.0 13 10
47 588.0 359.5 24 23
47 565.0 392.0 18 18
47 531.5 460.5 17 23
47 557.0 508.0 28 26
47 512.0 470.0 20 22
47 724.0 647.0 10 14
47 645.0 81.0 18 16
47 461.0 210.0 34 26
47 470.0 234.5 16 23
47 519.0 438.0 30 20
47 582.0 166.5 30 21
47 699.0 50.0 26 32
47 692.0 76.0 44 22
47 710.5 220.5 23 35
47 800.5 190.0 31 38
47 950.5 362.5 19 31
47 874.5 453.0 25 8
47 795.5 484.0 17 14
47 858.0 573.5 24 21
47 859.0 639.5 24 31
47 816.5 621.5 17 25
47 849.0 668.0 14 30
47 874.5 675.0 29 16
