47 37.5 365.5 43 41
47 71.0 470.0 52 42
47 75.5 405.5 21 17
47 157.0 449.0 42 40
47 205.0 502.5 42 29
47 209.5 460.0 33 40
47 244.5 424.5 45 35
47 258.0 449.0 30 30
47 249.5 479.5 49 29
47 286.0 384.5 42 37
47 327.5 225.5 41 41
47 307.5 236.0 31 28
47 343.5 185.5 43 45
47 395.5 100.0 35 38
47 366.5 235.0 35 52
47 360.0 402.0 30 20
47 325.5 473.0 41 40
47 347.0 435.5 42 45
47 389.5 438.0 49 46
47 398.0 478.5 44 35
47 400.5 504.0 49 22
47 439.0 527.5 44 39
47 423.0 624.0 44 44
47 421.5 705.5 43 27
47 505.0 299.5 30 39
47 525.0 358.0 48 48
47 511.0 403.5 48 49
47 426.0 393.0 46 44
47 534.0 62.5 40 37
47 542.0 30.0 42 40
47 538.5 7.5 37 15
47 562.5 198.0 31 28
47 473.0 487.5 48 41
47 473.0 456.5 30 17
47 504.5 557.5 45 47
47 605.5 166.5 43 35
47 687.0 28.0 36 38
47 655.5 156.0 35 44
47 694.0 186.5 28 33
47 649.5 297.0 29 36
47 691.5 276.0 27 26
47 679.5 469.5 39 35
47 673.0 499.0 46 40
47 630.0 561.0 42 26
47 595.0 510.5 30 23
47 599.5 398.5 37 31
47 598.0 438.5 38 45
47 695.0 451.0 30 24
47 767.0 359.0 34 36
47 696.5 554.5 31 27
47 720.5 481.5 19 15
47 748.0 438.0 32 36
47 763.5 480.0 47 42
47 805.5 704.0 41 30
47 835.5 618.0 41 36
47 816.0 672.0 34 24
47 853.5 692.5 31 27
47 845.0 541.5 54 41
47 875.5 574.5 39 43
47 932.0 645.5 50 27
47 915.5 599.0 37 30
47 874.5 619.0 31 38
47 982.0 663.5 38 25
47 884.0 470.0 46 42
47 820.0 379.5 30 49
47 886.0 283.5 34 35
47 862.5 340.5 33 35
47 961.5 350.0 33 36
47 915.0 63.5 36 37
47 1030.5 241.5 35 43
47 934.5 197.5 25 19
47 1003.5 27.0 39 44
47 1119.5 11.5 47 19
47 1112.5 138.5 47 49
47 997.0 603.0 32 36
47 1002.0 682.0 26 24
47 1190.0 480.5 34 37
47 1248.5 556.5 59 55
47 1080.5 668.5 41 41
47 1109.0 642.5 40 31
47 1232.0 691.0 62 32
47 1064.5 609.5 23 23
47 1179.5 206.5 39 45
47 626.0 579.0 38 32
47 416.5 450.5 23 25
47 4.5 413.5 7 27
47 579.0 230.0 24 22
47 655.0 82.0 18 18
47 1123.5 678.5 23 53
47 811.0 178.0 22 20
47 854.5 652.5 39 27
47 1120.0 282.0 24 22
