47 521.0 331.0 32 32
47 529.0 361.5 32 33
47 501.5 328.0 15 22
47 501.0 391.5 32 31
47 499.5 427.5 41 35
47 676.5 334.0 31 28
47 631.0 431.5 26 33
47 684.5 545.0 29 34
47 689.5 573.5 29 29
47 694.5 601.5 35 35
47 692.0 634.0 32 24
47 664.0 609.5 12 13
47 739.0 476.5 26 33
47 732.0 455.0 10 16
47 812.0 354.5 20 19
47 834.0 329.0 22 12
47 884.5 273.5 31 31
47 872.5 220.5 27 29
47 844.5 243.0 13 8
47 853.0 204.0 16 20
47 870.5 188.0 29 32
47 894.0 187.5 18 29
47 894.5 475.5 25 31
47 912.0 500.0 28 30
47 786.5 688.0 29 22
47 895.5 519.5 23 21
