47 690.0 375.0 50 50
47 755.5 404.5 49 49
47 886.0 642.0 50 50
47 886.0 351.5 46 47
47 749.5 361.5 39 41
47 587.0 444.0 24 28
47 736.0 445.5 50 35
47 851.5 624.5 47 55
47 655.5 193.0 25 20
47 511.0 147.5 22 23
47 435.5 266.0 15 22
47 536.5 535.5 21 23
47 535.0 586.5 30 25
47 529.5 613.0 25 20
47 249.5 630.0 33 30
47 233.5 672.0 27 32
47 195.5 703.0 25 26
47 160.0 704.0 40 30
47 116.5 709.5 37 19
47 56.0 687.5 26 29
47 310.0 51.5 26 25
47 416.0 100.0 38 30
47 371.5 148.5 29 25
47 266.0 18.5 26 29
47 171.0 10.5 26 21
47 209.0 19.5 26 25
47 364.0 125.0 20 24
47 437.5 76.0 37 34
47 439.5 5.5 19 9
47 488.5 82.0 21 24
47 489.5 165.0 19 24
47 613.5 56.5 25 25
47 625.0 100.5 18 13
47 800.0 474.0 28 18
47 821.5 362.5 25 27
47 793.5 593.0 29 32
47 673.0 410.5 18 17
47 514.5 327.0 19 12
47 537.5 424.5 27 27
47 614.5 433.5 27 33
47 560.5 568.0 19 20
47 63.0 711.5 34 15
47 287.5 711.5 31 15
47 315.5 715.0 21 8
47 608.5 712.0 31 14
47 650.0 698.0 20 24
47 686.5 706.5 27 25
47 739.0 636.5 26 29
47 703.5 675.5 17 15
47 695.0 591.5 18 29
47 476.0 112.5 16 29
