47 288.0 252.0 28 34
47 336.0 287.5 34 37
47 329.0 247.0 34 36
47 404.0 167.5 38 37
47 554.0 176.0 30 40
47 679.0 348.5 48 45
47 688.5 453.5 19 29
47 707.5 415.0 25 32
47 769.5 313.0 37 40
47 785.5 244.5 37 47
47 818.0 260.5 26 37
47 850.0 345.5 38 29
47 909.0 299.0 40 46
47 885.0 167.0 44 42
47 933.5 265.5 37 31
47 965.5 280.5 21 25
47 1038.0 351.5 26 37
47 1179.0 320.5 76 65
47 845.5 450.5 27 23
47 800.5 358.5 19 23
47 932.0 54.5 30 41
47 500.0 178.0 22 8
47 732.5 263.5 29 37
47 786.0 393.5 48 31
47 970.5 195.5 23 21
47 1067.5 25.0 37 44
47 1065.5 405.5 33 35
47 1149.5 611.5 51 49
47 1148.0 681.5 26 19
47 1175.5 407.5 25 17
47 1187.0 431.5 30 23
47 886.0 274.0 20 24
