47 72.5 431.0 37 34
47 110.0 467.0 42 40
47 145.0 462.5 28 39
47 168.5 504.0 39 32
47 180.0 472.5 42 35
47 212.0 451.5 38 29
47 278.0 464.5 42 39
47 283.5 504.5 27 37
47 270.5 540.5 25 17
47 289.5 428.5 21 29
47 299.0 402.5 16 11
47 309.0 412.0 14 16
47 335.5 531.5 37 41
47 438.5 660.5 37 41
47 460.0 703.5 34 31
47 337.0 493.0 42 26
47 358.0 471.0 30 30
47 351.0 514.0 44 18
47 393.0 441.5 36 25
47 332.0 454.5 12 29
47 445.0 339.0 24 30
47 453.0 370.5 20 25
47 410.0 363.5 12 31
47 807.5 401.5 39 39
47 833.5 525.0 41 44
47 857.5 439.5 41 47
47 909.0 411.0 48 44
47 894.5 450.0 41 32
47 946.0 455.0 30 20
47 799.0 591.5 50 47
47 770.0 555.0 34 58
47 747.0 297.5 38 41
47 965.0 342.0 24 32
47 889.0 319.5 28 33
47 865.5 330.5 35 35
47 815.0 279.0 30 20
47 812.0 199.0 36 32
47 946.0 119.5 30 29
47 1026.5 175.0 27 38
47 1020.0 74.5 18 15
47 689.5 193.5 39 35
47 659.0 176.5 20 37
47 598.0 56.5 34 33
47 603.0 78.5 34 27
47 745.5 83.0 25 24
47 718.0 124.0 36 38
47 705.5 150.0 35 14
47 775.5 96.5 21 23
47 672.0 25.5 44 41
47 1139.5 687.5 37 47
47 1115.5 670.5 31 41
47 877.0 628.0 18 20
47 658.0 580.5 36 25
47 576.0 461.0 28 26
47 404.0 13.0 22 26
47 501.5 446.0 33 22
47 490.0 403.5 36 31
47 568.0 300.5 18 19
47 749.0 333.5 38 39
47 648.0 312.5 16 19
47 865.0 75.0 22 32
47 873.0 12.5 20 23
47 718.0 649.0 18 26
