47 525.0 436.0 30 26
47 552.5 289.5 33 29
47 53.5 298.5 31 33
47 60.5 312.0 31 22
47 76.5 295.5 29 33
47 56.5 348.0 33 22
47 91.0 367.0 24 30
47 109.5 321.5 33 27
47 102.5 350.0 19 12
47 127.0 330.0 28 30
47 122.0 366.5 28 23
47 171.0 298.5 30 23
47 228.5 374.5 33 25
47 253.5 303.0 29 28
47 221.0 338.5 24 23
47 180.0 389.0 34 34
47 297.0 240.0 30 30
47 247.5 331.0 25 24
47 288.0 318.5 26 23
47 311.0 388.5 18 23
47 324.0 402.5 22 23
47 325.5 384.0 17 16
47 342.5 182.5 41 37
47 342.5 282.0 25 22
47 523.5 471.5 39 35
47 512.0 456.5 30 27
47 546.5 462.0 21 22
47 356.5 296.0 19 18
47 488.0 185.5 32 25
47 484.0 235.0 28 32
47 431.0 264.5 18 13
47 475.0 419.5 34 31
47 503.0 420.5 28 33
47 669.0 409.5 30 37
47 619.0 242.5 36 31
47 609.5 262.5 35 25
47 764.5 418.5 35 27
47 486.0 323.0 12 16
47 498.0 325.0 10 12
47 627.5 338.5 27 27
47 822.0 408.5 38 39
47 900.5 386.5 33 35
47 814.0 271.5 22 27
47 592.0 637.0 18 26
47 580.0 680.5 18 25
47 391.0 701.0 18 18
47 150.0 348.0 30 34
47 192.5 372.5 33 29
47 582.5 427.0 21 20
47 908.0 28.0 30 44
47 186.5 317.0 29 30
47 200.5 320.0 17 26
47 231.0 282.5 24 21
47 256.0 291.0 26 22
47 246.5 382.0 15 10
47 342.5 335.0 19 14
47 360.0 337.0 18 14
47 407.0 494.5 14 19
47 485.5 527.0 15 10
47 475.5 288.5 15 13
47 411.5 306.0 11 12
47 558.5 430.5 25 21
47 688.5 485.5 27 21
47 308.5 278.5 19 19
47 489.0 214.0 28 10
47 635.5 394.0 27 12
47 630.0 366.0 32 28
47 755.0 249.0 14 14
47 897.0 415.5 34 31
47 825.5 328.5 17 19
47 870.0 247.0 12 16
47 546.0 489.0 32 28
