47 151.5 484.0 29 26
47 156.0 507.0 28 20
47 154.5 523.0 21 16
47 165.0 538.5 22 19
47 123.5 533.5 13 11
47 132.0 556.0 30 24
47 126.0 582.0 32 26
47 92.5 598.0 27 16
47 157.0 583.0 26 22
47 159.5 600.5 19 19
47 189.0 613.5 28 25
47 219.5 585.5 21 23
47 157.0 645.5 26 25
47 158.0 673.0 24 26
47 208.0 662.0 20 22
47 412.5 46.0 27 24
47 283.0 57.0 20 22
47 345.0 19.0 12 18
47 295.0 79.5 12 11
47 336.5 92.5 43 37
47 371.5 129.0 41 38
47 407.5 123.0 33 36
47 333.0 229.5 16 17
47 385.5 221.0 23 20
47 470.0 184.5 40 41
47 433.0 259.0 10 20
47 642.5 42.0 15 16
47 596.0 103.5 22 27
47 680.5 76.0 27 20
47 636.5 90.0 13 10
47 616.0 120.5 16 19
47 762.0 4.0 16 6
47 744.5 60.5 21 21
47 769.0 47.5 18 19
47 821.0 90.0 22 18
47 677.0 126.5 20 19
47 616.5 196.5 13 15
47 682.5 186.0 19 18
47 679.5 207.0 19 22
47 672.5 226.0 21 18
47 750.0 274.0 18 24
47 669.0 254.0 20 18
47 666.0 270.5 16 19
47 706.5 260.0 19 20
47 800.0 397.5 18 13
47 734.5 457.5 23 25
47 707.5 427.5 23 23
47 692.5 406.0 17 16
47 667.5 352.5 43 37
47 695.5 382.0 29 30
47 704.5 356.5 17 17
47 425.5 384.5 9 19
47 477.5 399.5 19 19
47 456.0 455.5 26 29
47 508.5 471.0 27 24
47 495.5 529.5 21 23
47 537.5 347.0 27 22
47 587.0 341.0 26 22
47 550.5 373.0 35 42
47 574.5 406.5 31 33
47 593.0 418.5 16 15
47 592.5 469.0 39 34
47 720.0 559.0 22 24
47 542.0 510.0 24 40
47 628.5 515.0 33 34
47 621.0 547.0 30 34
47 601.5 591.0 39 38
47 852.5 716.5 19 5
47 686.0 676.5 32 39
47 536.0 700.0 50 38
47 564.5 679.0 41 30
47 603.5 672.0 31 24
47 547.5 623.5 43 39
47 357.0 500.0 26 16
47 356.0 514.5 28 25
47 339.5 537.0 27 34
47 360.5 545.5 25 17
47 363.5 569.5 27 23
47 338.5 611.5 27 29
47 357.5 602.5 25 25
47 378.0 650.0 26 24
47 405.5 644.5 23 25
47 442.0 700.5 20 17
47 415.5 704.0 29 26
47 294.0 692.5 44 35
47 293.5 715.5 33 5
47 349.5 705.0 31 20
47 537.0 211.5 16 11
47 532.5 226.5 19 19
47 321.0 658.0 28 30
47 243.0 704.0 50 30
47 312.5 12.0 19 16
47 309.0 33.0 20 18
47 471.0 322.0 22 24
47 674.0 13.0 20 22
47 553.0 118.5 22 17
