47 514.5 354.0 39 30
47 486.0 386.0 36 32
47 493.5 424.5 35 33
47 656.5 329.0 27 36
47 679.0 552.5 26 31
47 692.5 582.5 29 27
47 703.5 610.5 31 29
47 736.0 473.5 28 29
47 832.0 184.0 24 26
47 836.0 210.0 26 14
47 811.5 201.5 15 23
47 849.5 249.0 31 26
47 811.5 241.0 19 16
47 879.5 456.0 29 22
47 886.0 497.0 22 24
47 905.0 480.5 24 29
47 676.5 620.5 23 25
47 670.0 439.5 26 23
47 621.5 409.5 17 21
47 853.5 184.0 21 24
47 791.5 339.0 25 26
47 724.5 456.5 13 21
47 702.5 514.0 21 12
47 692.0 448.5 22 19
47 501.5 322.0 45 34
