47 141.5 407.0 33 40
47 178.5 445.0 41 46
47 217.0 433.0 30 32
47 239.5 480.5 39 31
47 254.5 445.5 35 39
47 280.5 412.5 35 43
47 343.5 439.5 45 47
47 348.5 478.5 27 39
47 362.0 395.5 32 31
47 404.5 505.0 35 34
47 413.5 427.5 41 37
47 426.5 452.5 31 25
47 505.5 633.5 35 41
47 551.5 374.5 37 33
47 462.5 419.0 37 16
47 520.5 681.5 35 43
47 640.5 439.0 33 32
47 761.0 169.0 38 36
47 735.5 152.5 21 33
47 824.0 281.5 28 29
47 862.0 594.0 44 50
47 837.0 547.0 36 42
47 886.0 403.0 44 40
47 908.0 533.5 48 47
47 935.5 452.0 37 48
47 973.5 468.0 41 32
47 995.5 424.5 43 51
47 1049.0 336.0 22 28
47 886.5 338.5 39 35
47 894.0 270.5 30 27
47 778.5 630.5 25 35
47 509.0 314.5 18 35
47 790.5 405.5 21 25
47 493.5 477.0 15 32
47 395.5 463.0 31 38
47 410.5 468.5 33 41
47 421.5 487.5 31 17
47 565.0 361.0 12 18
47 564.0 424.5 18 15
47 782.0 137.0 44 32
47 677.5 11.0 39 18
47 681.0 43.0 22 40
47 732.0 570.0 24 22
47 966.0 306.0 24 30
47 1035.5 464.5 45 33
47 1092.5 458.0 47 42
47 1045.5 92.0 25 16
47 1033.0 104.5 22 23
47 1123.0 154.0 32 28
47 1118.0 58.5 20 19
47 828.5 54.0 27 24
47 800.5 92.5 39 31
47 862.5 74.0 25 24
47 747.5 9.0 25 18
47 701.0 503.0 32 20
47 899.0 178.0 18 26
47 1192.5 675.0 31 30
47 1214.0 694.5 42 45
