47 21.0 489.0 40 34
47 22.5 451.5 45 45
47 35.0 415.0 54 44
47 63.5 355.5 43 41
47 87.5 373.5 39 19
47 125.0 305.5 40 23
47 117.5 261.5 37 41
47 175.0 311.0 34 32
47 164.5 340.0 23 32
47 154.0 586.0 34 42
47 184.0 631.5 36 37
47 364.0 102.5 16 29
47 396.0 125.5 36 35
47 417.0 84.5 48 31
47 470.5 234.0 33 56
47 464.0 278.0 24 12
47 539.0 385.5 46 51
47 517.0 576.5 40 41
47 495.0 530.0 38 24
47 557.0 512.5 38 65
47 584.0 443.5 44 59
47 621.0 460.5 26 29
47 636.0 412.0 46 40
47 685.5 249.5 21 25
47 703.5 361.5 27 39
47 726.5 368.0 29 32
47 819.5 586.0 33 34
47 674.5 458.0 29 14
47 664.5 183.5 21 27
47 603.5 239.5 19 15
47 257.0 237.5 22 21
47 538.0 223.0 28 38
47 381.0 518.5 38 17
47 428.0 14.0 30 28
47 532.5 45.5 33 37
47 552.5 12.5 31 23
47 608.5 382.5 17 23
47 754.0 61.5 30 25
47 813.5 612.5 23 19
47 536.5 296.5 31 27
