47 256.5 381.0 35 26
47 454.5 225.0 25 28
47 461.5 249.5 21 19
47 551.0 242.0 38 34
47 587.5 249.0 25 28
47 700.0 202.5 28 21
47 700.0 228.5 20 33
47 582.5 372.5 29 29
47 559.5 403.5 15 21
47 508.0 484.5 28 21
47 526.5 469.0 17 18
47 551.0 520.0 34 26
47 772.5 227.0 19 20
47 840.5 214.5 33 35
47 719.5 661.0 11 18
47 858.5 581.5 21 19
47 846.5 684.0 15 14
47 688.5 64.0 29 28
47 569.5 136.5 21 27
47 572.0 176.5 30 25
47 688.5 87.0 39 20
47 638.5 94.0 31 18
47 792.5 201.0 29 42
47 867.5 464.5 25 11
47 942.5 373.5 17 31
47 856.5 644.5 23 23
47 839.5 670.5 19 15
47 811.0 633.5 16 35
47 796.5 595.5 13 11
47 872.5 683.5 23 15
47 786.5 496.0 29 18
47 512.0 448.0 28 20
