47 318.0 42.0 22 22
47 404.0 31.5 34 37
47 762.5 34.0 19 20
47 648.0 114.0 30 32
47 705.5 96.5 29 33
47 736.0 112.5 22 21
47 761.5 129.0 21 20
47 722.0 149.0 30 32
47 277.5 57.5 17 23
47 289.0 81.0 24 22
47 339.5 95.5 11 25
47 317.0 98.5 14 19
47 281.0 112.5 26 27
47 314.0 131.5 26 25
47 285.5 136.5 29 21
47 298.5 157.5 17 21
47 231.0 151.0 20 14
47 294.5 206.5 23 27
47 309.0 248.5 22 19
47 382.5 174.5 21 23
47 470.0 163.5 20 21
47 443.5 206.0 13 12
47 448.5 233.5 9 17
47 461.5 244.5 13 11
47 522.5 190.5 17 17
47 753.0 180.0 20 20
47 795.0 215.0 18 20
47 716.5 206.5 33 33
47 680.5 251.5 29 35
47 744.0 288.0 28 28
47 779.5 280.5 39 33
47 493.5 282.5 15 15
47 528.0 293.0 18 22
47 596.5 289.5 29 31
47 605.0 335.5 30 29
47 691.5 339.0 37 36
47 850.0 314.5 28 31
47 795.0 357.0 32 30
47 793.0 422.5 16 11
47 711.0 407.5 22 19
47 657.0 385.0 28 22
47 200.5 208.0 23 26
47 180.5 262.0 25 26
47 236.5 230.5 27 15
47 226.0 276.5 32 15
47 286.0 297.5 16 17
47 293.5 343.5 23 23
47 250.5 317.0 29 26
47 230.0 355.5 30 25
47 251.0 352.0 20 22
47 261.5 342.0 17 16
47 236.5 376.0 21 22
47 274.5 372.0 23 26
47 259.5 395.5 25 21
47 225.0 404.5 22 19
47 199.0 433.5 26 25
47 208.5 456.0 19 30
47 242.0 478.0 14 18
47 309.0 450.0 10 18
47 345.0 447.0 30 28
47 337.0 466.0 24 16
47 378.5 448.5 23 19
47 388.5 463.5 19 17
47 425.5 475.5 13 17
47 365.5 520.5 15 19
47 382.5 518.5 17 17
47 402.0 525.5 20 17
47 400.0 542.5 20 15
47 402.5 552.5 17 13
47 382.5 580.0 13 14
47 563.0 406.5 34 23
47 608.5 441.0 33 34
47 640.5 474.5 21 25
47 647.5 526.5 33 27
47 640.0 575.0 22 24
47 633.0 593.0 22 20
47 549.0 567.5 24 29
47 226.5 624.5 55 51
47 263.5 673.5 53 49
47 314.0 630.5 44 49
47 343.5 653.5 33 33
47 349.5 575.5 25 29
47 349.0 606.5 34 33
47 390.0 709.5 54 19
47 628.0 658.5 26 23
47 625.5 682.0 21 22
47 657.0 647.5 14 13
47 668.0 660.5 18 19
47 719.0 672.0 18 24
47 845.5 174.0 19 14
47 423.0 56.0 18 28
47 451.0 90.0 28 20
47 442.5 74.0 27 22
47 298.5 547.5 29 21
47 308.5 572.5 21 25
47 298.0 594.0 12 18
47 354.0 712.0 16 14
47 347.0 685.0 16 32
47 372.0 548.0 20 20
47 335.0 495.0 16 16
47 323.5 513.5 9 13
47 307.0 482.0 26 22
47 479.5 130.0 15 22
47 524.0 311.5 24 17
47 488.5 372.0 17 16
47 489.5 388.0 19 12
47 474.5 400.0 17 22
47 598.0 410.5 26 9
47 602.0 383.0 16 20
47 625.5 397.5 11 17
47 695.0 146.5 24 31
47 796.0 71.0 24 34
47 753.0 364.0 28 12
47 564.0 616.5 12 17
47 679.0 29.0 10 12
47 644.5 269.5 15 21
47 664.5 403.5 15 17
