47 249.5 308.0 31 26
47 216.0 236.0 24 20
47 361.5 260.5 25 27
47 338.5 241.0 31 24
47 359.5 236.5 19 15
47 415.0 176.0 28 24
47 411.0 64.5 22 21
47 389.5 429.0 21 26
47 404.5 393.0 31 28
47 421.0 490.5 30 23
47 423.5 456.0 19 22
47 457.5 479.0 29 28
47 613.0 532.0 22 24
47 270.0 403.0 22 22
47 436.0 137.0 18 28
47 559.5 176.5 21 21
47 699.5 306.5 23 23
47 625.0 301.0 24 22
47 635.0 309.5 22 17
47 567.0 218.5 16 19
47 558.0 198.0 18 12
47 422.0 411.0 18 20
47 448.5 430.5 21 15
47 458.0 565.5 22 23
47 473.5 173.5 17 17
47 490.0 76.0 12 18
47 489.0 548.5 22 27
47 398.0 7.5 22 15
47 431.5 10.0 19 18
47 331.0 327.5 24 17
47 422.0 353.0 16 8
47 629.5 263.0 17 18
47 679.5 294.5 23 23
47 706.5 311.0 23 22
47 647.0 130.0 20 16
47 597.5 482.5 19 25
47 541.0 536.0 24 20
47 534.5 395.0 11 14
47 608.5 317.0 23 34
