47 17.5 165.5 33 33
47 72.0 89.5 30 27
47 90.5 70.5 37 31
47 96.0 143.5 28 23
47 130.5 132.0 35 38
47 98.5 174.5 29 31
47 107.5 198.5 35 35
47 165.0 158.5 22 25
47 180.0 107.0 34 24
47 213.0 66.0 20 20
47 236.5 62.5 21 23
47 274.5 6.5 39 13
47 363.0 4.5 22 9
47 378.0 16.0 22 26
47 359.0 112.5 32 37
47 397.5 91.5 19 25
47 409.0 127.5 30 25
47 209.0 115.5 28 29
47 209.0 148.5 36 31
47 79.5 280.5 25 31
47 106.0 279.5 20 27
47 127.0 337.0 42 38
47 109.5 364.0 31 28
47 243.5 245.5 37 41
47 280.0 110.5 28 27
47 442.5 171.0 27 32
47 591.0 43.5 32 31
47 589.5 100.0 29 30
47 607.0 101.5 18 29
47 808.0 67.5 26 19
47 867.0 25.0 42 48
47 991.5 33.0 31 20
47 1021.5 8.0 21 12
47 959.0 99.0 16 36
47 977.0 117.0 12 12
47 1002.5 141.5 21 17
47 1003.0 160.5 24 19
47 1122.5 183.5 43 35
47 1080.0 101.0 20 22
47 928.5 203.0 41 42
47 976.5 315.0 35 40
47 1017.0 509.5 18 19
47 848.5 532.5 35 29
47 860.5 256.5 23 23
47 822.0 381.0 24 22
47 916.0 535.5 50 47
47 952.0 592.0 40 42
47 981.5 633.0 39 46
47 1001.5 695.5 27 29
47 979.5 571.5 37 39
47 1007.0 594.5 36 31
47 1035.0 494.5 22 29
47 1075.5 503.0 49 38
47 1081.0 553.0 46 46
47 713.5 354.5 15 11
47 789.5 194.0 15 26
47 788.0 255.0 16 22
47 311.0 204.0 32 32
47 383.5 188.5 31 29
47 403.0 226.5 28 29
47 395.5 255.5 41 37
47 321.0 282.0 40 40
47 327.0 319.0 34 32
47 228.5 355.5 47 41
47 386.0 393.5 42 45
47 318.5 435.0 45 50
47 396.5 426.5 35 31
47 391.5 458.5 29 31
47 406.0 469.5 20 25
47 9.5 571.5 17 31
47 11.5 606.0 19 32
47 32.5 603.5 25 27
47 10.5 684.0 19 20
47 33.5 645.0 19 18
47 28.0 711.5 38 15
47 65.5 518.0 21 22
47 68.0 535.0 26 10
47 140.5 492.5 53 43
47 207.0 450.5 40 33
47 214.5 479.5 49 39
47 236.0 494.0 28 26
47 359.0 588.5 22 19
47 349.5 656.0 31 26
47 465.0 707.5 28 21
47 505.5 700.5 23 25
47 234.5 561.5 25 23
47 197.0 602.0 28 26
47 74.0 596.0 34 34
47 84.0 627.5 36 37
47 106.5 607.0 23 34
47 144.0 617.5 24 27
47 126.5 575.5 31 29
47 118.5 651.0 23 26
47 152.5 655.0 19 24
47 252.5 672.0 27 30
47 244.0 630.0 14 16
47 644.0 60.5 20 19
