47 675.5 203.0 31 30
47 463.0 402.0 34 22
47 469.5 459.5 25 25
47 628.0 443.0 22 26
47 563.5 402.0 23 26
47 594.5 397.0 25 30
47 545.5 371.5 19 19
47 698.0 144.5 28 35
47 848.5 285.5 29 25
47 843.5 307.0 29 24
47 873.5 290.0 21 22
47 837.0 265.5 22 19
47 712.5 125.5 27 25
47 458.0 376.0 20 22
47 802.0 435.5 26 21
47 800.5 458.5 27 17
47 474.0 441.5 30 23
47 679.0 324.5 20 11
47 872.5 551.5 37 33
47 755.5 185.0 17 12
47 723.0 154.0 20 28
47 755.0 26.0 20 24
47 749.5 63.5 11 15
47 725.5 302.5 19 19
