47 6.0 402.0 10 14
47 217.5 325.5 31 31
47 191.0 413.5 36 27
47 154.5 363.5 33 33
47 140.5 381.0 21 18
47 51.5 353.5 29 27
47 8.0 413.5 14 13
47 18.5 485.0 35 32
47 18.0 450.5 28 29
47 5.5 467.0 9 34
47 188.5 393.5 29 15
47 165.0 450.0 46 42
47 109.0 413.0 22 26
47 264.5 297.0 21 14
47 374.5 62.5 23 19
47 390.5 53.0 23 24
47 311.0 301.5 22 27
47 330.0 302.5 16 27
47 312.5 395.0 33 24
47 345.0 349.0 36 36
47 443.0 42.0 28 14
47 407.5 334.5 23 25
47 426.5 348.0 33 40
47 290.5 451.5 31 29
47 295.0 522.0 32 32
47 456.5 382.5 25 21
47 527.5 125.5 33 35
47 487.0 136.0 10 26
47 547.0 288.0 34 36
47 510.0 308.5 44 37
47 471.0 304.5 34 31
47 410.0 509.5 32 33
47 423.0 532.5 34 25
47 333.0 597.0 32 28
47 431.0 550.0 18 26
47 648.0 97.0 38 42
47 608.0 299.0 14 20
47 480.5 592.0 37 42
47 528.0 499.0 24 26
47 435.5 634.5 29 25
47 529.5 653.0 39 36
47 609.0 607.0 32 36
47 813.0 223.0 24 30
47 655.5 632.0 31 32
47 680.0 618.0 24 26
47 595.5 642.0 21 24
47 667.0 670.0 24 34
47 676.5 710.5 17 17
47 804.5 508.0 21 32
47 800.0 378.0 24 26
47 867.0 538.5 24 31
47 887.5 535.5 19 29
47 977.5 648.5 23 35
47 1063.0 656.0 34 28
47 789.0 642.0 24 18
47 727.0 47.0 18 24
47 82.5 443.0 13 18
47 530.5 59.0 19 16
47 542.0 262.5 18 29
47 610.5 232.0 17 14
47 685.0 239.0 10 20
47 465.5 661.0 25 30
47 151.5 499.5 27 21
