47 22.0 164.0 34 38
47 54.0 225.5 54 43
47 148.0 162.0 46 38
47 154.0 73.0 44 38
47 193.5 81.5 21 25
47 225.5 51.5 25 15
47 205.0 121.0 16 16
47 220.5 153.0 15 24
47 245.5 89.0 15 14
47 265.0 55.5 42 39
47 316.5 189.0 35 22
47 305.5 43.5 39 35
47 367.5 65.0 27 30
47 389.5 84.0 25 24
47 429.0 30.5 22 21
47 516.0 74.5 14 17
47 582.5 40.0 31 26
47 564.0 96.0 34 34
47 536.5 195.0 41 38
47 466.5 187.0 41 36
47 433.0 206.5 14 21
47 546.0 248.5 36 35
47 561.5 202.5 25 43
47 609.5 232.5 37 45
47 602.0 176.0 26 30
47 631.5 57.5 27 25
47 612.0 669.5 22 25
47 708.5 715.5 25 7
47 786.5 673.5 19 19
47 718.5 241.0 39 34
47 717.5 272.0 37 30
47 672.5 18.0 41 20
47 702.5 86.0 37 36
47 693.0 124.5 30 21
47 759.5 100.0 19 24
47 783.5 103.5 27 31
47 745.5 209.0 21 30
47 712.0 304.5 22 29
47 670.5 363.5 29 25
47 653.0 340.0 34 38
47 778.0 259.0 38 26
47 897.0 159.5 36 31
47 908.0 280.0 38 40
47 801.5 282.0 29 38
47 697.0 384.0 22 28
47 700.0 407.5 22 23
47 996.5 264.5 41 29
47 1037.5 341.0 29 30
47 997.0 384.0 26 28
47 991.0 405.5 14 15
47 941.0 382.0 22 24
47 978.5 616.0 35 36
47 890.5 677.5 29 35
47 882.5 711.0 25 14
