47 28.0 384.5 38 31
47 93.5 10.0 31 20
47 206.0 23.0 20 22
47 337.0 57.0 28 26
47 341.0 23.5 20 23
47 375.0 75.0 24 26
47 371.0 29.5 20 21
47 430.5 11.5 23 19
47 389.0 415.0 34 30
47 524.0 378.0 18 22
47 507.5 81.5 23 17
47 577.5 113.0 21 26
47 601.0 130.5 20 25
47 653.5 95.0 15 18
47 639.0 382.5 38 29
47 582.0 231.0 14 20
47 801.0 332.0 30 20
47 844.5 568.0 23 30
47 881.0 327.0 38 28
47 856.5 137.0 17 14
47 962.5 272.0 37 42
47 972.0 465.0 28 38
47 52.0 380.0 22 34
47 650.0 240.0 26 22
47 631.5 287.5 19 23
47 800.0 646.0 22 26
47 809.5 445.5 25 23
