47 238.0 424.0 30 32
47 265.0 362.5 34 25
47 337.0 417.0 30 22
47 351.0 337.0 28 32
47 399.5 296.5 33 27
47 398.5 347.5 35 39
47 402.5 424.5 33 29
47 436.0 401.0 24 24
47 443.0 314.5 30 31
47 481.5 294.5 29 37
47 502.5 258.5 39 31
47 511.5 388.5 39 33
47 545.0 392.5 30 27
47 563.0 464.0 32 30
47 578.0 259.5 24 23
47 581.0 343.5 32 33
47 609.0 252.0 24 22
47 623.0 242.0 16 14
47 618.0 308.0 22 18
47 605.0 423.5 30 29
47 617.5 395.5 23 23
47 665.5 342.0 25 32
47 718.5 356.5 25 25
47 689.5 351.5 17 21
47 787.5 413.5 27 35
47 908.0 334.5 12 25
47 931.0 340.5 40 39
47 952.5 320.0 33 22
47 1056.0 464.5 36 29
47 674.5 541.5 29 25
47 691.0 482.0 22 22
47 462.5 360.0 19 16
47 284.0 382.5 22 13
47 624.0 297.0 16 20
47 645.0 445.0 24 14
47 723.0 535.0 26 22
47 696.0 532.0 20 10
47 663.5 566.5 19 13
47 762.5 484.0 21 24
47 765.5 373.5 19 19
47 864.0 324.0 36 36
47 970.0 460.5 24 17
47 794.5 608.5 33 29
47 793.5 516.0 17 24
47 808.5 551.0 21 14
47 735.5 266.5 19 15
47 519.0 274.5 22 17
