orange 0.786133 798 630 832 664
orange 0.728027 430 240 455 264
orange 0.701172 426 676 456 700
orange 0.682129 379 586 412 621
orange 0.675781 726 54 754 74
orange 0.635742 450 606 475 632
orange 0.624512 1027 23 1057 47
apple 0.611816 842 602 874 628
orange 0.611328 351 570 387 606
orange 0.609375 191 552 224 574
orange 0.603027 619 11 643 35
orange 0.567871 559 23 579 47
orange 0.564941 780 264 796 282
orange 0.551270 1027 662 1057 694
orange 0.541992 379 560 405 587
orange 0.535156 336 619 364 643
orange 0.525879 717 79 744 113
orange 0.520996 510 394 531 420
orange 0.495117 776 618 804 636
orange 0.475098 487 524 508 543
orange 0.412598 701 699 718 720
apple 0.404541 775 618 805 636
orange 0.398193 733 594 748 616
apple 0.396240 337 619 364 643
orange 0.395996 710 607 738 637
apple 0.361816 850 546 870 564
orange 0.349609 200 480 216 494
apple 0.334229 200 586 224 602
orange 0.333496 485 504 507 522
orange 0.329834 600 7 618 26
orange 0.322266 144 454 160 468
apple 0.320312 405 132 420 149
apple 0.308105 546 215 564 234
orange 0.291504 462 110 482 131
orange 0.261719 694 688 716 714
