apple 0.861816 415 250 456 290
apple 0.846191 465 322 509 361
apple 0.842773 735 366 773 407
apple 0.841309 174 110 219 147
apple 0.840820 482 57 526 104
apple 0.833984 634 336 678 378
apple 0.814941 214 271 258 314
apple 0.812988 348 355 390 390
apple 0.784180 1062 572 1100 608
apple 0.770508 441 98 474 135
apple 0.754395 176 221 206 250
apple 0.742188 662 257 710 295
apple 0.704590 578 594 607 628
apple 0.696289 1039 600 1089 636
apple 0.694336 218 235 252 270
apple 0.693359 380 632 414 656
apple 0.675781 318 217 358 247
apple 0.658691 1075 518 1107 551
apple 0.633789 215 608 228 622
apple 0.632812 582 294 608 317
apple 0.631348 318 252 359 281
apple 0.626465 432 133 465 166
apple 0.624023 180 145 208 172
apple 0.611328 512 128 548 160
apple 0.603516 1042 572 1068 602
apple 0.599121 622 291 650 313
apple 0.590820 300 182 337 204
apple 0.572266 542 598 570 620
apple 0.552734 405 135 433 166
apple 0.536621 1060 492 1088 525
apple 0.528809 588 223 642 250
apple 0.503906 500 145 528 172
apple 0.485596 472 286 512 314
apple 0.483154 386 176 412 202
apple 0.468994 542 82 574 134
apple 0.466553 1040 392 1072 426
apple 0.465088 521 72 553 109
apple 0.449463 630 185 679 225
apple 0.380371 232 98 264 129
apple 0.379639 231 656 246 668
apple 0.375488 168 174 192 194
apple 0.318604 266 631 278 642
apple 0.306152 507 108 542 136
apple 0.283936 688 352 714 386
apple 0.277100 304 85 321 99
apple 0.275879 397 304 426 320
apple 0.270752 295 238 312 264
apple 0.253174 315 219 360 280
orange 0.250732 1073 380 1107 417
