apple 0.878906 417 1120 466 1168
apple 0.871582 614 314 662 362
apple 0.866699 500 373 548 421
apple 0.866211 569 987 613 1028
apple 0.840332 440 688 486 737
apple 0.832520 675 884 705 914
apple 0.831543 664 1236 708 1278
apple 0.823730 190 1068 250 1108
apple 0.806152 278 326 310 360
apple 0.798340 495 35 532 82
apple 0.785156 406 149 446 206
apple 0.781738 199 976 239 1022
apple 0.778809 276 474 312 510
apple 0.768066 201 936 238 973
apple 0.765137 310 287 349 320
apple 0.757324 254 496 290 534
apple 0.753418 300 372 333 408
apple 0.753418 538 612 588 650
apple 0.752930 213 707 249 746
apple 0.749512 634 756 675 798
apple 0.744141 596 608 636 648
apple 0.716309 587 712 622 756
apple 0.712891 511 1254 552 1280
apple 0.694336 332 471 368 509
apple 0.668945 243 912 313 976
apple 0.649414 299 410 338 446
apple 0.632812 221 808 254 836
apple 0.623535 530 914 556 946
apple 0.610352 548 373 568 395
apple 0.609863 124 1032 191 1086
apple 0.604492 446 220 476 249
apple 0.581543 370 1165 400 1205
apple 0.578613 294 572 348 612
apple 0.573242 532 474 568 507
apple 0.566895 414 955 451 996
apple 0.566406 594 926 615 954
apple 0.562988 253 1182 289 1220
apple 0.534180 392 259 428 303
apple 0.518555 520 342 540 362
apple 0.516602 463 436 484 463
apple 0.481201 311 481 335 514
apple 0.476074 290 712 330 744
apple 0.461182 492 844 512 868
apple 0.457764 545 716 583 766
apple 0.410889 594 754 634 786
apple 0.405029 344 389 368 418
apple 0.396484 444 385 478 428
apple 0.395508 335 746 376 776
apple 0.388428 123 1041 151 1075
apple 0.383301 96 766 123 790
apple 0.375000 494 80 520 119
apple 0.373535 696 502 711 522
apple 0.369629 625 602 655 636
apple 0.345703 635 668 647 684
apple 0.322754 32 638 41 650
apple 0.310547 540 1024 563 1044
apple 0.307617 445 420 474 461
apple 0.298828 707 532 720 548
apple 0.295410 479 42 498 76
apple 0.269775 150 710 164 723
apple 0.269043 480 390 502 410
apple 0.261230 145 1052 187 1086
apple 0.259277 491 590 508 610
apple 0.258545 350 435 388 474
apple 0.256592 555 734 582 765
apple 0.254150 188 710 216 740
