apple 0.812012 240 112 277 144
apple 0.784180 746 30 782 53
apple 0.777832 157 489 190 514
apple 0.752441 181 42 212 78
apple 0.722656 426 6 453 40
apple 0.701172 613 100 636 128
apple 0.684082 247 489 298 552
apple 0.684082 46 339 115 430
apple 0.674316 554 5 594 44
apple 0.666992 1034 216 1060 245
apple 0.623047 380 111 412 136
apple 0.618652 429 49 464 75
apple 0.575195 1016 191 1050 225
apple 0.562012 1019 356 1055 392
apple 0.558105 966 155 994 185
apple 0.554688 316 327 330 339
apple 0.516602 398 73 435 106
apple 0.505371 316 53 344 88
apple 0.496582 568 51 610 88
apple 0.484863 630 205 647 221
apple 0.465576 248 490 287 520
apple 0.448730 989 136 1022 172
apple 0.445801 122 296 150 320
apple 0.415039 890 173 936 211
apple 0.406250 338 40 373 76
apple 0.387207 75 340 114 374
apple 0.385498 900 393 926 421
apple 0.371582 852 296 890 325
apple 0.359863 1077 226 1113 267
apple 0.347412 53 391 100 430
apple 0.338867 316 44 368 89
apple 0.332275 143 482 167 500
apple 0.323975 608 219 624 235
apple 0.288818 486 123 514 150
apple 0.281738 438 165 451 177
apple 0.278809 558 5 606 87
apple 0.269043 334 300 344 310
apple 0.262451 273 304 290 320
