apple 0.862793 304 1049 355 1103
apple 0.840820 248 429 309 475
apple 0.832031 312 464 353 506
apple 0.825684 371 181 409 218
apple 0.822266 288 320 319 354
apple 0.821289 240 528 275 569
apple 0.782715 233 376 264 411
apple 0.765137 432 88 468 126
apple 0.749023 604 946 649 990
apple 0.729004 446 654 479 690
apple 0.689941 308 622 338 668
apple 0.669434 610 997 652 1044
apple 0.665039 449 840 484 874
apple 0.625977 573 666 607 706
apple 0.619629 346 506 380 546
apple 0.607422 390 712 424 746
apple 0.601074 472 574 490 602
apple 0.589355 144 1204 178 1244
apple 0.588379 83 1262 115 1280
apple 0.587402 506 1052 532 1086
apple 0.584961 284 724 316 760
apple 0.576172 335 326 353 358
apple 0.573730 264 748 290 788
apple 0.547363 337 420 399 460
apple 0.539551 180 922 210 951
apple 0.538086 563 454 580 472
apple 0.527344 422 849 452 877
apple 0.513184 200 637 227 662
apple 0.512207 282 699 302 729
apple 0.499756 430 679 460 709
apple 0.482422 406 94 432 123
apple 0.449219 480 1059 510 1091
apple 0.443359 508 462 522 477
apple 0.441650 696 453 716 471
apple 0.422119 618 1048 652 1082
apple 0.420410 509 573 525 586
apple 0.415771 267 844 290 862
apple 0.410156 335 424 367 463
apple 0.407227 141 566 152 579
apple 0.395508 407 54 424 74
apple 0.391602 117 493 131 511
apple 0.389404 368 388 396 417
orange 0.381104 696 452 717 470
apple 0.376465 113 712 152 752
apple 0.358887 108 546 121 558
apple 0.355957 374 543 388 561
apple 0.337158 550 461 564 476
apple 0.325195 168 897 194 928
apple 0.309814 107 518 118 541
apple 0.307129 122 576 140 594
apple 0.295654 694 489 710 505
apple 0.281982 260 715 277 739
apple 0.273926 168 896 210 950
apple 0.272461 392 1032 409 1060
apple 0.271484 531 1115 561 1145
apple 0.271240 152 630 171 650
