apple 0.848145 241 730 280 766
apple 0.808594 186 769 223 805
apple 0.799805 86 808 118 832
apple 0.764160 191 592 227 626
apple 0.728516 284 806 320 844
apple 0.721680 558 740 590 767
apple 0.696777 117 553 156 586
apple 0.683594 133 909 162 939
apple 0.641602 228 799 263 831
apple 0.640137 189 630 246 676
apple 0.633789 622 704 654 728
apple 0.588867 89 389 108 408
apple 0.582031 82 448 99 467
apple 0.542969 147 588 179 614
apple 0.531250 592 220 612 236
apple 0.522949 190 534 225 572
apple 0.500000 528 762 548 785
apple 0.499756 162 518 182 542
apple 0.477051 612 776 645 802
apple 0.470215 64 320 87 348
apple 0.466553 151 479 192 507
apple 0.445312 126 240 143 257
apple 0.432617 644 216 676 243
apple 0.413330 568 448 584 463
apple 0.393311 670 682 720 768
apple 0.377930 42 357 72 385
apple 0.376953 127 666 145 686
apple 0.364258 600 160 618 182
apple 0.362549 304 842 340 874
apple 0.355469 94 580 138 614
apple 0.319336 126 740 180 772
apple 0.292480 120 277 146 302
apple 0.287109 658 158 674 174
apple 0.282959 564 382 584 397
apple 0.270020 514 794 538 816
apple 0.261719 434 125 453 148
apple 0.259521 190 594 239 670
