apple 0.751465 55 532 95 568
apple 0.728516 584 312 616 346
apple 0.665039 532 590 564 624
apple 0.656738 498 737 520 763
orange 0.650879 192 409 221 436
apple 0.642578 114 635 149 668
apple 0.635742 291 406 324 436
orange 0.615234 438 1080 464 1108
apple 0.603516 617 292 642 318
apple 0.578125 225 274 262 313
apple 0.574707 541 616 576 644
apple 0.533691 362 428 392 460
apple 0.522949 307 355 341 388
orange 0.518555 288 624 319 653
apple 0.495361 339 754 366 781
apple 0.491211 177 635 208 660
apple 0.490234 44 618 75 646
apple 0.471191 56 357 82 386
apple 0.451904 268 651 296 677
apple 0.451172 562 330 586 354
orange 0.442627 307 355 342 388
apple 0.432129 85 261 117 296
apple 0.429932 354 339 388 370
apple 0.429688 180 549 203 571
apple 0.417480 26 214 46 234
apple 0.415527 288 624 319 652
apple 0.414795 614 662 638 684
apple 0.389648 427 708 449 730
apple 0.384521 158 98 176 120
apple 0.383301 114 250 146 286
orange 0.383057 27 500 62 530
orange 0.367676 164 388 191 414
apple 0.362061 149 338 180 367
orange 0.341064 286 664 314 694
apple 0.324707 285 664 315 695
orange 0.322510 362 428 392 460
orange 0.320312 354 339 387 370
apple 0.303711 34 190 57 211
apple 0.282715 381 307 411 332
orange 0.279785 180 550 203 570
apple 0.277100 294 881 316 907
orange 0.271484 437 448 458 477
apple 0.255859 636 333 662 360
