apple 0.793945 237 905 280 945
apple 0.778320 432 898 466 928
apple 0.764160 143 532 177 568
apple 0.711426 278 410 309 441
apple 0.630859 478 757 528 788
apple 0.626465 94 1006 125 1033
apple 0.622070 101 484 129 511
apple 0.610840 113 1157 155 1193
apple 0.590332 1 834 23 858
apple 0.586426 569 420 599 446
apple 0.582520 353 986 380 1010
apple 0.579590 0 798 23 827
apple 0.569336 289 546 334 584
apple 0.536621 324 252 358 279
apple 0.535156 100 294 125 324
apple 0.509277 514 934 536 956
apple 0.499512 321 273 347 298
apple 0.497559 9 979 36 1005
apple 0.495117 235 996 268 1030
apple 0.482910 50 962 79 985
apple 0.480713 29 1104 64 1140
apple 0.472900 275 724 312 762
apple 0.464600 383 733 408 754
apple 0.409912 476 295 496 317
apple 0.408691 368 1001 393 1026
apple 0.370117 654 513 675 534
apple 0.357422 110 510 132 544
apple 0.333008 47 996 68 1017
apple 0.327393 387 900 418 924
apple 0.325684 523 1105 540 1123
apple 0.309814 174 728 209 764
apple 0.300049 347 812 367 828
apple 0.284668 298 825 321 849
apple 0.270508 154 1175 187 1203
apple 0.264893 17 464 27 474
