apple 0.800293 580 376 623 416
apple 0.793457 1040 94 1092 147
apple 0.789551 820 260 862 298
apple 0.787109 662 133 728 182
apple 0.772949 380 262 412 299
apple 0.766113 236 261 267 296
apple 0.744141 318 219 360 266
apple 0.737305 376 196 417 240
apple 0.728516 876 98 916 137
apple 0.711426 760 180 814 223
apple 0.698730 474 118 499 138
apple 0.689453 636 457 670 486
apple 0.666992 276 284 308 316
apple 0.657227 638 202 674 243
apple 0.644531 952 168 988 210
apple 0.643066 660 493 698 534
apple 0.635254 466 21 482 36
apple 0.624512 1021 378 1065 420
apple 0.607910 852 138 884 165
apple 0.586914 396 302 422 328
apple 0.558594 1065 374 1111 414
apple 0.552246 800 156 842 196
apple 0.515625 496 364 538 402
apple 0.480469 435 458 455 480
apple 0.453125 955 504 987 543
apple 0.420898 854 654 877 670
apple 0.405762 576 303 610 336
apple 0.388184 418 261 440 280
apple 0.345947 447 622 464 639
apple 0.345459 572 12 590 31
apple 0.303223 706 30 720 45
apple 0.294434 932 265 950 286
apple 0.259033 888 478 928 510
apple 0.258789 470 474 483 487
apple 0.257812 429 456 443 470
