apple 0.854492 77 147 128 207
apple 0.851562 16 268 72 323
apple 0.851074 172 136 231 198
apple 0.849121 201 69 264 145
apple 0.782715 650 330 692 372
apple 0.782227 219 566 260 602
apple 0.781738 57 391 98 437
apple 0.739746 402 412 448 456
apple 0.733398 210 350 243 386
apple 0.705566 586 386 625 426
apple 0.660645 355 354 395 399
apple 0.654785 540 334 578 375
apple 0.653809 37 36 65 64
apple 0.608887 656 480 684 509
apple 0.604004 281 321 313 354
apple 0.595215 504 366 544 410
apple 0.589844 679 1023 710 1059
apple 0.581543 262 588 298 622
apple 0.579102 239 404 271 436
apple 0.576172 688 528 720 556
apple 0.575195 306 477 338 511
orange 0.552734 474 284 512 319
apple 0.543945 662 1056 700 1096
apple 0.541016 405 362 445 405
apple 0.533691 296 1092 317 1112
apple 0.503418 478 413 516 453
apple 0.492188 443 476 474 510
apple 0.478516 146 0 177 16
apple 0.476074 440 383 474 424
apple 0.472656 667 634 698 662
apple 0.464355 494 487 528 520
orange 0.459961 0 274 17 322
apple 0.450684 162 396 194 428
apple 0.450439 172 192 225 236
orange 0.439697 503 366 544 410
orange 0.439697 683 702 713 734
apple 0.419434 474 284 512 319
apple 0.414795 695 1003 720 1037
apple 0.395996 83 550 122 580
apple 0.383301 300 288 327 319
apple 0.376709 671 421 698 448
apple 0.373047 88 622 116 648
apple 0.363770 650 1082 688 1120
apple 0.350098 76 50 104 77
apple 0.348633 644 413 668 438
apple 0.344238 291 1118 309 1140
apple 0.337402 32 68 55 96
apple 0.317383 520 451 545 472
orange 0.309326 66 2 91 28
orange 0.278809 647 672 665 691
apple 0.278320 164 1051 181 1069
apple 0.268311 648 1055 704 1119
apple 0.259521 120 721 146 745
apple 0.258545 66 2 91 28
apple 0.253662 1 719 28 747
