apple 0.785645 417 420 449 452
apple 0.767090 670 468 712 512
apple 0.732422 502 620 536 656
apple 0.729492 492 441 522 466
apple 0.709473 602 684 634 714
apple 0.689941 642 418 694 458
apple 0.659180 617 294 655 329
apple 0.631348 644 280 682 312
apple 0.617188 422 732 454 778
apple 0.596680 544 622 570 652
apple 0.552246 480 658 512 691
apple 0.552246 448 656 484 689
apple 0.544922 192 1020 226 1054
apple 0.504883 478 728 494 756
apple 0.437500 678 333 708 365
apple 0.437256 550 1075 592 1121
apple 0.423340 245 1114 284 1156
apple 0.410889 418 1006 438 1043
apple 0.406982 555 378 569 400
apple 0.377686 44 916 94 950
apple 0.357910 654 818 683 856
apple 0.351562 632 837 655 867
apple 0.350586 543 1149 572 1189
apple 0.330566 606 549 640 594
apple 0.311035 116 528 134 544
apple 0.288330 36 1110 77 1148
apple 0.267578 1 802 23 834
apple 0.260254 484 1120 522 1164
