apple 0.830078 389 384 430 429
apple 0.824219 307 394 342 427
apple 0.819824 418 922 450 966
apple 0.772949 313 247 352 293
apple 0.734863 424 243 485 297
apple 0.687988 186 716 226 758
apple 0.610352 468 857 502 915
apple 0.607422 48 400 83 435
apple 0.601562 401 562 433 594
apple 0.594727 508 402 528 422
apple 0.579102 17 388 55 421
apple 0.565430 235 728 280 784
apple 0.523438 444 990 470 1013
apple 0.505371 406 1123 438 1153
apple 0.483154 506 424 526 442
apple 0.480469 287 337 315 371
apple 0.450439 537 1218 571 1252
apple 0.447266 113 342 154 371
apple 0.417725 300 212 326 248
apple 0.405518 111 784 129 795
apple 0.397461 227 886 255 911
apple 0.385010 484 417 502 433
apple 0.383057 372 240 396 274
apple 0.378906 131 406 148 426
apple 0.360596 419 630 452 665
apple 0.358887 406 1149 440 1185
apple 0.348633 270 541 302 571
apple 0.342285 314 893 342 914
apple 0.311035 67 1003 112 1038
apple 0.301270 424 244 460 286
apple 0.285889 449 257 484 297
apple 0.280029 114 440 132 464
apple 0.266846 18 387 84 437
apple 0.263916 302 314 336 346
apple 0.255127 616 1073 632 1095
apple 0.250977 217 416 231 432
