apple 0.839355 384 356 428 402
apple 0.830078 683 431 720 471
apple 0.823242 654 373 686 418
apple 0.812012 630 425 664 466
apple 0.792969 554 746 590 773
apple 0.782715 596 717 638 759
apple 0.755371 624 625 658 666
apple 0.751465 580 614 628 652
orange 0.640625 615 1048 638 1072
apple 0.639648 592 890 626 921
apple 0.625000 566 490 592 508
apple 0.616211 175 808 202 836
apple 0.589844 680 856 712 886
apple 0.561523 564 852 592 880
apple 0.490479 632 382 652 413
"""sports ball"" 932 0 970 386
apple 0.435303 618 569 640 597
apple 0.424805 294 868 326 900
apple 0.408203 637 560 668 591
apple 0.391602 672 990 700 1016
apple 0.335693 676 512 713 538
apple 0.318359 684 948 708 972
"""fire hydrant"" 723 0 968 440
apple 0.295166 1 25 23 61
apple 0.270996 568 640 591 670
apple 0.267334 586 710 608 727
orange 0.264404 584 1083 610 1107
apple 0.252930 584 1083 610 1107
orange 0.252686 610 1032 630 1050
apple 0.251221 588 505 600 518
