apple 0.843262 285 506 324 540
apple 0.831055 950 641 1000 684
apple 0.824219 84 632 125 669
apple 0.823242 442 506 483 544
apple 0.793945 228 561 263 590
apple 0.754883 416 623 450 662
apple 0.748535 230 126 264 155
apple 0.710938 131 1 184 23
apple 0.700684 375 566 423 608
apple 0.699219 318 143 367 201
apple 0.637207 737 524 776 556
apple 0.636230 340 523 383 570
apple 0.629395 368 0 386 11
apple 0.628906 624 648 660 686
apple 0.602539 837 423 859 450
apple 0.601562 330 626 370 662
apple 0.582031 549 465 575 493
apple 0.569824 204 0 235 12
apple 0.533691 528 528 580 566
apple 0.525879 636 557 667 588
apple 0.522949 628 510 656 546
apple 0.518066 380 211 394 232
apple 0.512695 353 553 387 581
apple 0.505371 547 582 576 603
apple 0.497803 332 668 356 688
apple 0.486572 590 689 636 720
apple 0.468262 666 545 690 563
apple 0.467041 334 596 374 634
apple 0.454590 419 448 436 464
apple 0.451172 391 438 405 451
apple 0.422852 1256 597 1280 646
apple 0.398682 1057 694 1075 714
apple 0.396973 954 463 976 480
apple 0.376465 422 35 437 49
apple 0.360352 1079 0 1115 21
apple 0.352539 710 158 724 170
apple 0.344482 957 489 981 511
apple 0.306152 756 700 780 720
apple 0.301270 458 24 479 37
apple 0.300781 396 430 418 444
apple 0.293213 1107 606 1137 638
apple 0.289551 618 554 640 571
apple 0.280029 318 143 353 170
apple 0.276367 421 378 432 388
apple 0.270508 547 437 561 449
bird 0.264893 95 228 125 256
apple 0.262451 682 506 704 529
apple 0.255859 543 367 560 386
apple 0.253174 406 248 428 270
