apple 0.736816 524 485 558 516
apple 0.713379 816 186 850 218
apple 0.695801 229 335 264 371
apple 0.640625 422 188 464 243
apple 0.603516 982 224 1008 249
apple 0.600586 1005 229 1035 257
apple 0.571289 951 204 978 230
apple 0.564941 942 164 970 196
apple 0.563965 558 338 588 366
apple 0.558594 701 630 715 648
apple 0.545410 756 201 778 227
apple 0.511230 483 448 510 474
apple 0.509277 893 159 912 179
apple 0.427979 526 205 561 239
apple 0.421143 942 219 970 246
apple 0.410645 340 74 356 90
apple 0.407715 1126 460 1162 496
car 0.398438 291 0 316 12
apple 0.369629 427 430 439 441
apple 0.324219 423 338 435 351
apple 0.310547 570 213 597 244
apple 0.289062 455 611 488 638
apple 0.287109 378 66 394 85
apple 0.280518 1058 533 1090 565
orange 0.276855 1027 550 1051 572
apple 0.275879 384 545 399 562
apple 0.275635 336 534 347 546
apple 0.272949 672 29 699 63
