apple 0.851074 761 262 796 296
apple 0.819824 557 436 595 470
apple 0.810059 656 428 692 466
apple 0.778809 778 366 806 400
apple 0.764648 746 135 783 175
apple 0.744141 618 276 662 324
apple 0.707031 656 164 692 191
apple 0.678711 510 330 550 363
apple 0.652344 709 152 742 176
apple 0.622070 622 375 656 404
apple 0.619629 510 512 532 531
apple 0.572754 129 325 150 351
apple 0.569824 423 547 440 562
apple 0.566895 530 539 546 558
apple 0.559570 444 93 466 116
apple 0.558594 543 86 571 109
apple 0.544922 538 407 556 425
"""fire hydrant"" 0 303 371 365 429.250000"
apple 0.457764 127 243 180 288
apple 0.440430 536 376 560 397
apple 0.435303 604 438 630 458
apple 0.364258 348 532 364 548
apple 0.357910 249 283 268 296
apple 0.342529 470 120 483 137
apple 0.312500 436 536 453 552
apple 0.310303 495 472 516 489
apple 0.299072 621 358 672 406
apple 0.295410 414 528 430 539
apple 0.293457 512 670 536 690
apple 0.293457 540 85 582 132
apple 0.289062 388 681 409 704
apple 0.281738 362 522 378 534
apple 0.275146 123 256 152 290
apple 0.269287 303 372 365 430
apple 0.258057 366 493 382 510
