apple 0.884277 48 444 113 494
apple 0.835449 355 150 399 198
apple 0.824707 232 538 268 575
apple 0.818359 294 270 336 313
apple 0.814453 211 278 237 312
apple 0.797852 306 214 345 256
apple 0.788086 233 409 271 446
apple 0.779785 228 246 264 285
apple 0.772461 376 370 410 406
apple 0.766602 117 850 152 890
apple 0.758301 266 475 310 515
apple 0.756836 51 608 96 658
apple 0.724121 383 553 417 586
apple 0.715820 394 291 428 316
apple 0.701660 93 602 126 644
apple 0.673340 370 586 400 620
apple 0.669434 333 582 360 622
apple 0.651367 374 917 401 945
apple 0.650879 0 552 24 588
apple 0.648438 408 446 441 476
apple 0.637695 232 1159 268 1197
apple 0.621582 439 453 469 482
apple 0.606445 143 1081 179 1117
apple 0.604492 550 306 572 327
apple 0.563477 221 316 248 339
apple 0.562500 542 900 572 928
apple 0.523438 468 952 524 1001
apple 0.519531 258 245 288 278
apple 0.511230 252 354 288 384
apple 0.504395 351 949 379 981
apple 0.486572 372 888 397 913
apple 0.485596 167 950 193 976
apple 0.451172 106 952 137 986
apple 0.423584 409 449 468 480
apple 0.419678 448 811 518 891
apple 0.392090 339 658 360 688
apple 0.385986 320 518 336 542
apple 0.376465 246 461 272 482
apple 0.370117 219 375 249 403
apple 0.347656 192 1015 220 1043
apple 0.340088 432 994 462 1016
apple 0.325928 6 886 33 904
apple 0.308594 587 815 616 839
apple 0.299561 407 970 437 1004
apple 0.294678 610 922 639 948
apple 0.284424 215 412 239 428
apple 0.276123 233 986 266 1018
apple 0.275635 298 212 318 249
apple 0.270264 170 586 191 614
apple 0.265625 282 441 302 462
apple 0.251953 428 609 472 649
