apple 0.814453 500 370 524 394
apple 0.718750 339 577 368 606
apple 0.686035 652 882 689 912
apple 0.629883 483 394 501 418
apple 0.460938 280 764 299 778
apple 0.450439 404 482 425 505
apple 0.408447 368 580 381 596
orange 0.385742 530 152 544 166
orange 0.358398 373 236 384 249
orange 0.348877 483 395 500 418
apple 0.347900 495 407 518 427
orange 0.312744 451 322 470 340
orange 0.310547 511 152 524 164
apple 0.307617 584 903 600 915
apple 0.286621 638 255 656 272
orange 0.277100 456 182 468 194
orange 0.261963 279 176 293 191
