apple 0.854492 87 390 127 430
apple 0.848633 116 352 158 399
apple 0.847168 186 384 233 426
apple 0.823242 727 542 775 594
apple 0.814941 748 347 790 390
apple 0.812012 385 634 421 673
apple 0.807617 642 95 682 137
apple 0.798828 269 371 317 423
apple 0.797852 253 444 291 491
apple 0.784180 74 428 119 463
apple 0.748047 848 364 896 417
apple 0.746094 770 478 820 524
apple 0.743652 206 332 248 369
apple 0.733887 834 411 874 448
apple 0.731445 372 250 402 281
apple 0.726074 402 452 425 480
apple 0.702637 381 287 410 320
apple 0.684570 6 374 87 429
apple 0.669434 290 155 315 175
apple 0.646484 798 392 838 442
apple 0.632812 688 224 734 302
apple 0.608887 622 75 644 114
apple 0.592773 197 424 237 466
apple 0.567871 315 153 335 171
apple 0.555664 653 581 682 617
apple 0.530273 765 213 797 247
apple 0.488525 706 497 734 522
apple 0.479980 388 217 404 235
apple 0.421875 799 392 830 414
apple 0.421143 1044 638 1106 697
apple 0.408936 507 570 524 586
apple 0.401367 364 582 400 624
apple 0.385254 428 598 444 622
apple 0.377441 750 276 790 322
apple 0.367432 41 374 87 418
apple 0.353760 878 556 922 596
apple 0.349365 604 528 633 554
apple 0.342285 360 444 386 464
apple 0.332520 223 139 252 162
apple 0.322510 692 227 733 265
apple 0.320312 508 398 540 425
apple 0.303467 342 100 357 116
apple 0.269775 378 250 407 320
orange 0.257324 507 571 524 587
apple 0.251709 438 629 455 647
