apple 0.757812 528 514 562 544
apple 0.709473 232 366 266 402
apple 0.680176 816 202 848 235
apple 0.622559 432 217 466 271
apple 0.583496 562 364 590 393
apple 0.577148 488 478 514 502
apple 0.433594 942 184 970 214
apple 0.429199 1006 245 1037 275
apple 0.419434 986 243 1010 268
apple 0.388916 433 460 443 472
apple 0.370361 344 109 358 121
apple 0.364990 415 366 427 379
apple 0.353760 710 656 722 674
apple 0.352539 390 578 404 593
apple 0.350342 893 179 913 198
apple 0.348389 425 368 438 380
apple 0.338623 559 135 574 150
apple 0.318359 542 395 576 432
apple 0.316162 380 99 396 117
apple 0.315674 1133 475 1169 512
apple 0.306885 527 231 592 270
apple 0.298096 461 641 492 667
apple 0.277344 944 224 976 265
