apple 0.827637 748 348 794 392
apple 0.827148 102 393 148 436
apple 0.824707 632 512 675 561
apple 0.805664 700 371 742 415
apple 0.802734 732 616 756 642
apple 0.789062 0 402 43 441
apple 0.780762 546 136 582 172
apple 0.779785 0 435 30 471
apple 0.771484 33 389 76 422
apple 0.758301 333 390 380 426
apple 0.739746 676 464 710 498
apple 0.734863 294 652 329 690
apple 0.725098 653 338 697 378
apple 0.723145 603 245 636 280
apple 0.713867 272 603 311 645
apple 0.703125 317 566 340 595
apple 0.679199 165 432 215 469
apple 0.666504 232 384 266 416
apple 0.663086 294 284 321 310
apple 0.645020 1017 636 1049 670
apple 0.640625 164 468 207 513
apple 0.624023 270 246 287 260
apple 0.604004 112 442 147 477
apple 0.578125 333 351 360 381
apple 0.571289 95 475 131 507
apple 0.539062 736 389 770 420
apple 0.530273 280 514 300 535
apple 0.527344 213 278 236 294
apple 0.514160 1042 632 1066 662
apple 0.509277 385 569 400 584
apple 0.477295 267 230 282 243
apple 0.470703 424 406 467 445
apple 0.465332 468 619 490 647
apple 0.464111 733 277 770 313
apple 0.454590 146 512 168 534
apple 0.451660 516 530 544 557
apple 0.438965 466 5 493 36
apple 0.437744 1064 680 1096 718
apple 0.436035 613 58 632 71
apple 0.412842 948 170 980 199
apple 0.395264 672 158 716 200
apple 0.380371 1079 508 1111 543
apple 0.375000 736 684 750 702
apple 0.372070 341 561 358 579
apple 0.364746 300 96 318 115
apple 0.363770 512 572 530 588
apple 0.361816 1088 630 1120 659
apple 0.331299 944 612 996 656
apple 0.328369 433 594 453 608
apple 0.327637 235 49 251 66
apple 0.323486 191 416 227 445
apple 0.318359 274 509 293 524
apple 0.274902 802 89 826 121
apple 0.270020 370 710 384 720
apple 0.261963 528 120 548 155
