apple 0.818359 407 354 446 396
apple 0.790039 314 127 345 163
apple 0.771484 135 654 178 696
apple 0.758789 616 239 651 276
apple 0.716797 316 580 349 610
apple 0.710938 476 644 514 685
apple 0.703613 300 620 340 651
apple 0.647461 841 160 866 188
apple 0.622559 628 574 666 610
apple 0.595215 111 648 148 680
apple 0.580566 372 664 406 702
apple 0.562988 500 7 540 33
apple 0.542480 893 495 913 517
apple 0.536133 484 213 507 245
apple 0.505859 817 565 856 603
apple 0.499756 862 319 886 340
apple 0.478027 904 547 934 570
apple 0.459473 870 332 892 353
apple 0.456543 485 306 509 336
apple 0.432373 326 176 359 202
apple 0.429932 720 205 743 233
apple 0.424805 954 112 980 137
apple 0.411377 860 205 882 231
apple 0.375488 221 196 243 216
apple 0.352295 560 352 586 385
apple 0.309814 520 672 543 694
apple 0.275146 623 135 649 154
apple 0.271484 289 590 310 614
apple 0.267822 526 59 554 86
apple 0.265381 582 111 600 127
apple 0.261475 170 237 205 264
apple 0.253174 831 149 853 170
apple 0.250977 400 434 414 452
