apple 0.856445 905 216 958 266
apple 0.836426 399 168 438 204
apple 0.810547 239 160 272 192
apple 0.810059 182 219 215 252
apple 0.769531 335 249 373 286
apple 0.754883 812 528 853 566
apple 0.754395 35 311 76 351
apple 0.741699 528 382 567 414
apple 0.727539 294 175 340 239
apple 0.708984 860 534 896 570
apple 0.665527 905 350 933 376
apple 0.661621 287 300 326 335
apple 0.638184 340 524 360 542
apple 0.635254 786 116 820 150
apple 0.630859 712 381 744 414
apple 0.623535 586 323 621 355
apple 0.610840 292 270 330 302
apple 0.604980 587 47 623 86
apple 0.595215 703 192 723 216
apple 0.593262 497 237 546 280
apple 0.575684 941 361 961 388
apple 0.571777 587 185 613 205
apple 0.567383 1210 194 1250 237
apple 0.559570 926 415 954 443
apple 0.553711 596 212 628 244
apple 0.550293 722 355 750 384
apple 0.536133 508 129 534 152
apple 0.531738 571 212 600 232
apple 0.502441 1009 544 1045 576
apple 0.479980 552 364 584 399
apple 0.473145 918 552 948 580
apple 0.472168 188 273 222 290
apple 0.471191 1059 70 1101 112
apple 0.440186 414 306 440 322
apple 0.437744 244 306 261 327
apple 0.427979 432 59 444 74
apple 0.417725 768 102 796 126
apple 0.414551 932 574 954 606
apple 0.401611 189 249 219 274
apple 0.396484 378 656 392 672
apple 0.394775 249 306 272 329
apple 0.393066 337 48 352 61
apple 0.371094 487 313 510 331
orange 0.365234 324 638 344 660
apple 0.365234 918 80 947 111
apple 0.361084 304 208 340 240
apple 0.354248 403 58 419 71
apple 0.352539 463 78 480 91
apple 0.350342 698 684 725 717
apple 0.347412 376 278 412 310
apple 0.339600 485 184 511 211
apple 0.330811 453 95 466 106
apple 0.316162 576 212 618 238
apple 0.313965 379 69 396 87
apple 0.312256 595 640 620 662
apple 0.302490 344 699 359 720
apple 0.296631 321 700 334 716
apple 0.296143 748 348 774 381
apple 0.279053 414 50 428 64
apple 0.275879 324 637 344 659
apple 0.262207 808 153 826 174
apple 0.260498 910 263 929 282
apple 0.258301 475 87 486 101
apple 0.257568 812 532 894 568
apple 0.252197 942 684 976 712
