orange 0.702148 514 477 542 503
orange 0.688477 250 682 276 706
orange 0.679688 210 618 235 642
apple 0.604004 0 582 30 614
apple 0.599609 151 377 173 401
orange 0.574707 376 1141 404 1173
orange 0.544922 259 618 282 638
apple 0.507812 521 638 544 662
orange 0.479980 252 664 266 680
apple 0.475586 704 552 720 580
apple 0.472900 540 636 560 654
orange 0.454590 522 842 542 864
orange 0.438232 704 552 720 580
orange 0.419922 637 220 653 238
apple 0.408691 562 648 582 666
orange 0.381592 612 168 625 182
apple 0.378418 84 594 106 622
apple 0.365479 212 460 231 477
orange 0.357178 364 455 388 477
apple 0.350586 419 614 441 637
orange 0.348633 382 352 403 374
orange 0.335693 0 230 14 252
apple 0.328125 438 802 468 834
orange 0.325439 614 192 629 209
orange 0.324463 327 567 350 595
apple 0.308838 364 455 388 477
orange 0.306885 418 615 442 637
orange 0.306396 191 283 204 296
orange 0.282471 438 802 468 833
orange 0.282471 150 336 166 351
apple 0.279541 101 392 126 416
orange 0.270264 262 588 280 608
orange 0.267090 560 538 588 556
apple 0.267090 93 271 115 295
orange 0.254639 38 107 50 120
orange 0.253174 357 131 369 145
