apple 0.826660 644 48 696 96
apple 0.823242 684 118 722 156
apple 0.812500 570 113 612 155
apple 0.812012 401 85 436 121
apple 0.802734 524 0 568 33
apple 0.729980 814 52 844 92
apple 0.725098 638 600 668 626
apple 0.623535 526 350 544 371
apple 0.616699 416 361 436 376
apple 0.600098 441 411 458 428
apple 0.495117 508 325 526 345
apple 0.482178 296 79 361 137
apple 0.441406 351 694 364 706
apple 0.409424 107 8 139 30
apple 0.385498 325 685 339 698
apple 0.380615 620 125 652 145
apple 0.367188 353 332 370 346
apple 0.361572 340 347 357 363
apple 0.335205 431 350 455 367
apple 0.334229 230 708 246 720
apple 0.319824 408 338 423 350
apple 0.317871 619 640 637 664
apple 0.302002 222 398 236 412
apple 0.279785 556 75 576 88
apple 0.274902 293 265 308 281
apple 0.273682 322 103 360 137
apple 0.268066 474 280 490 298
apple 0.250977 382 493 404 514
