apple 0.859863 256 586 290 618
apple 0.843262 114 516 162 556
apple 0.835449 442 660 482 702
apple 0.828125 252 516 282 544
apple 0.817383 376 574 405 606
apple 0.807129 304 412 340 447
apple 0.803711 610 157 647 201
apple 0.767090 468 374 514 416
apple 0.762695 391 418 423 453
apple 0.757324 173 385 209 416
apple 0.749023 434 376 469 405
apple 0.727051 341 124 365 145
apple 0.724609 293 666 327 694
apple 0.721680 144 479 183 508
apple 0.708984 3 415 37 441
apple 0.701660 278 368 318 392
apple 0.700195 885 512 909 534
apple 0.643066 513 357 547 392
apple 0.635254 578 676 618 717
apple 0.626953 498 568 524 596
apple 0.613770 934 61 958 90
apple 0.608398 325 0 358 31
apple 0.607910 405 614 437 652
apple 0.603516 278 460 301 486
apple 0.577148 928 37 954 64
apple 0.574707 1019 361 1045 386
apple 0.568359 111 425 143 453
apple 0.567383 949 132 976 160
apple 0.560547 65 482 93 508
apple 0.559570 792 312 812 328
apple 0.552246 848 614 874 644
apple 0.540527 1043 410 1075 442
apple 0.540039 950 31 970 54
apple 0.533203 1038 390 1066 416
apple 0.516602 388 602 419 626
apple 0.502930 908 506 930 528
apple 0.470703 358 110 380 134
apple 0.456299 375 405 399 427
apple 0.445801 582 312 604 334
apple 0.410400 631 706 659 720
apple 0.373535 990 424 1020 453
apple 0.368408 1014 328 1037 354
apple 0.357178 406 102 433 121
apple 0.336914 572 380 606 406
apple 0.314453 926 556 942 568
apple 0.292480 1040 200 1066 225
apple 0.285156 952 257 978 281
apple 0.265381 428 458 454 481
apple 0.251709 405 713 423 720
