orange 0.764160 427 760 457 794
apple 0.758789 262 445 290 472
orange 0.661621 431 454 458 478
apple 0.653320 327 222 358 253
orange 0.645996 486 430 514 459
orange 0.629395 380 389 408 420
orange 0.608887 558 421 588 449
orange 0.562500 606 494 636 524
orange 0.545410 469 970 496 996
apple 0.536133 412 742 431 765
orange 0.526367 601 462 626 486
apple 0.516113 100 438 124 462
orange 0.489990 100 438 124 462
orange 0.487061 327 222 358 253
apple 0.482910 360 361 394 396
apple 0.457764 704 530 720 554
orange 0.423340 468 668 494 690
apple 0.399414 146 531 168 549
orange 0.397705 257 714 274 733
orange 0.392822 357 388 381 413
apple 0.377686 40 702 57 718
orange 0.358643 360 361 394 396
orange 0.333252 424 265 454 294
orange 0.324951 425 353 456 378
apple 0.324707 155 262 190 301
orange 0.318604 263 446 290 472
apple 0.313232 257 714 274 733
apple 0.298828 425 353 456 378
orange 0.296387 610 215 628 233
apple 0.290039 503 804 519 820
orange 0.285889 596 182 611 198
orange 0.268555 671 285 686 301
orange 0.256348 680 297 696 311
orange 0.252197 0 491 6 508
orange 0.250244 624 461 650 488
