apple 0.808105 808 11 848 52
apple 0.794922 303 433 349 474
apple 0.782715 841 210 882 246
apple 0.775391 275 345 312 384
apple 0.769531 93 190 127 221
apple 0.737793 847 598 873 624
apple 0.721680 756 4 787 41
apple 0.720215 318 0 357 32
apple 0.703613 100 602 146 644
apple 0.687988 508 684 554 719
apple 0.648438 126 512 165 549
apple 0.641113 379 77 410 110
apple 0.628418 211 541 240 570
apple 0.604492 903 237 935 268
apple 0.580078 436 314 472 351
apple 0.577637 740 485 788 530
apple 0.567871 870 92 898 130
apple 0.566406 123 294 156 328
apple 0.564453 197 405 222 430
apple 0.552734 758 614 798 656
apple 0.550293 230 66 273 103
apple 0.537109 844 59 876 95
apple 0.536621 246 196 270 222
apple 0.520508 78 396 108 422
apple 0.507324 86 0 119 18
apple 0.494385 740 544 779 580
apple 0.480713 462 688 502 720
apple 0.479248 751 321 782 351
apple 0.462891 159 172 188 201
apple 0.461182 354 386 387 417
apple 0.460205 406 294 446 332
apple 0.451904 48 276 83 304
apple 0.432373 106 673 141 697
apple 0.422852 262 485 291 512
apple 0.420898 464 92 485 113
apple 0.419189 894 82 928 117
apple 0.415527 45 246 77 276
apple 0.394775 604 432 640 464
apple 0.388428 938 26 980 64
apple 0.388184 101 534 134 562
apple 0.366455 220 518 251 548
apple 0.351807 173 47 213 89
apple 0.349854 287 158 314 182
apple 0.330811 110 269 142 299
apple 0.318604 236 265 260 288
apple 0.300781 264 285 287 306
apple 0.281006 874 60 898 92
apple 0.274170 102 579 141 609
apple 0.270264 317 582 353 608
apple 0.258789 271 448 300 483
apple 0.254639 928 0 966 14
