apple 0.804199 302 376 338 414
apple 0.791992 276 887 307 928
apple 0.791992 380 380 411 418
apple 0.778809 320 245 346 279
apple 0.778320 374 218 408 252
apple 0.777832 298 559 330 592
apple 0.745117 341 488 381 528
apple 0.736328 376 585 409 617
apple 0.702637 421 538 454 574
apple 0.686523 316 972 340 996
apple 0.681641 249 464 288 494
apple 0.650391 366 318 398 348
apple 0.646973 293 322 348 366
apple 0.514160 56 415 77 432
apple 0.488281 314 702 331 728
apple 0.452148 106 477 124 491
apple 0.449219 523 346 535 360
apple 0.442627 272 429 298 459
apple 0.439697 292 279 306 296
apple 0.437012 504 654 530 682
apple 0.436768 241 512 260 534
apple 0.432617 299 646 323 670
apple 0.426270 484 778 510 796
apple 0.425781 372 768 394 790
apple 0.423584 349 524 376 552
apple 0.422852 269 602 304 630
apple 0.417969 210 592 240 630
apple 0.416260 19 1014 54 1055
apple 0.411133 33 466 52 486
apple 0.399414 218 486 254 514
apple 0.398438 63 394 78 411
apple 0.385742 32 516 56 537
apple 0.371582 37 407 55 423
apple 0.340576 323 1046 354 1084
apple 0.313721 514 967 538 992
apple 0.313477 305 275 320 288
apple 0.293945 254 381 284 416
apple 0.291992 154 624 174 648
apple 0.288330 440 739 476 768
apple 0.276123 570 770 607 804
apple 0.257324 291 933 306 958
apple 0.257080 362 420 390 448
