orange 0.794434 426 520 468 560
apple 0.752930 456 62 491 98
apple 0.749023 510 369 552 403
apple 0.728516 302 87 338 124
apple 0.725098 902 34 932 64
apple 0.724121 327 172 362 210
apple 0.707520 133 316 176 352
apple 0.704102 427 521 468 561
apple 0.677246 304 666 334 698
apple 0.668457 824 406 847 429
apple 0.649902 280 259 307 286
apple 0.645996 698 635 736 677
apple 0.628906 824 510 848 536
orange 0.609863 266 438 311 476
apple 0.597168 105 177 132 202
apple 0.593262 342 449 387 491
apple 0.586426 294 535 327 566
apple 0.578613 202 670 234 703
apple 0.571289 428 41 463 75
apple 0.561523 526 616 546 635
apple 0.549805 173 406 209 436
apple 0.543945 764 626 800 657
apple 0.537598 784 684 822 720
apple 0.523926 152 75 182 106
apple 0.513184 157 255 191 288
apple 0.495850 737 339 775 378
apple 0.495117 374 137 406 167
apple 0.491943 219 187 243 210
apple 0.441406 230 304 258 330
apple 0.435791 502 558 526 584
apple 0.435303 270 0 294 20
apple 0.411377 730 279 762 309
apple 0.410156 906 182 954 238
apple 0.404541 546 670 568 692
apple 0.401855 547 313 577 347
apple 0.369385 918 580 944 614
apple 0.369141 527 424 557 454
apple 0.354736 382 80 422 114
apple 0.352295 733 189 775 222
apple 0.346680 132 390 166 418
apple 0.342529 238 288 268 312
apple 0.339111 266 438 311 476
apple 0.325928 82 51 114 80
apple 0.310059 468 377 500 410
apple 0.304199 295 186 322 219
apple 0.303223 762 26 784 46
apple 0.302979 80 22 112 52
apple 0.302002 406 615 430 640
apple 0.293213 234 290 264 328
apple 0.287842 141 52 172 79
apple 0.287109 1025 675 1041 690
apple 0.286377 135 298 170 321
apple 0.282471 804 634 830 658
apple 0.277344 859 622 884 648
orange 0.274414 744 508 771 524
apple 0.274170 241 221 264 242
apple 0.257080 501 663 518 681
