apple 0.837402 794 125 830 168
apple 0.784180 641 195 675 224
apple 0.708984 676 422 708 467
apple 0.687500 853 523 876 546
apple 0.686523 716 190 758 220
apple 0.677734 800 330 824 360
apple 0.648926 947 8 972 34
apple 0.636719 836 238 862 264
apple 0.624512 362 243 386 274
apple 0.601074 704 7 726 29
apple 0.599609 478 250 516 282
apple 0.575195 960 0 986 14
apple 0.565430 890 127 912 153
apple 0.551270 473 154 501 185
apple 0.523926 1014 88 1043 124
apple 0.523438 864 42 882 68
apple 0.481689 496 115 524 141
apple 0.463379 652 314 674 340
apple 0.455322 455 492 474 512
apple 0.409424 636 516 658 542
apple 0.351318 221 280 239 294
apple 0.339111 1025 153 1043 178
apple 0.333740 633 16 652 41
apple 0.333740 449 18 467 32
apple 0.316650 266 8 292 33
apple 0.286133 790 364 807 378
apple 0.276855 719 325 748 346
apple 0.275146 160 342 186 370
apple 0.267822 654 366 684 394
apple 0.251953 467 17 483 35
apple 0.251709 877 510 894 528
