apple 0.805664 268 311 288 332
apple 0.750977 315 394 334 412
apple 0.749023 541 186 568 211
apple 0.676758 362 386 386 407
apple 0.648438 346 348 367 369
apple 0.596680 361 290 385 312
apple 0.579590 334 327 353 344
apple 0.559082 359 272 381 292
apple 0.522461 351 451 370 465
apple 0.520020 356 333 372 345
apple 0.487305 485 224 505 246
apple 0.479980 501 125 526 143
apple 0.404053 384 404 406 426
orange 0.400635 983 288 1001 306
apple 0.393799 600 247 618 262
apple 0.393555 802 480 822 498
apple 0.390381 436 284 452 298
apple 0.385498 952 13 984 39
apple 0.380615 1240 425 1266 448
apple 0.373047 475 478 500 495
apple 0.351807 539 274 556 290
apple 0.339355 630 218 644 235
apple 0.331543 524 111 544 134
apple 0.319580 344 285 358 297
apple 0.318359 567 263 583 279
apple 0.309326 894 424 918 445
apple 0.304443 879 592 899 613
apple 0.300781 1177 440 1203 466
apple 0.294189 367 478 384 493
orange 0.280029 1185 1 1213 22
apple 0.270752 434 285 452 310
apple 0.262207 537 313 571 341
apple 0.257812 982 288 1002 306
apple 0.255371 1029 38 1049 60
orange 0.252930 1047 154 1069 173
