apple 0.786133 172 1042 214 1086
apple 0.722656 102 680 132 708
apple 0.706055 173 920 216 972
apple 0.701172 54 547 86 582
apple 0.569824 70 1069 106 1105
apple 0.540527 99 588 124 614
apple 0.536621 699 742 720 774
apple 0.526367 162 1221 206 1263
apple 0.449219 632 987 665 1020
orange 0.441650 602 600 630 626
apple 0.426758 182 535 197 548
apple 0.388916 59 601 82 634
apple 0.369873 273 619 289 632
apple 0.357178 602 600 630 626
apple 0.339355 104 639 137 658
apple 0.338623 206 1145 247 1189
apple 0.326904 122 349 138 368
apple 0.306885 178 477 193 491
apple 0.297363 453 946 473 966
apple 0.282227 97 405 112 422
apple 0.271240 574 988 665 1037
bird 0.269531 453 946 474 965
apple 0.261475 304 1056 339 1086
apple 0.260254 169 400 184 416
apple 0.257568 704 780 720 798
apple 0.252197 584 990 622 1022
