apple 0.816406 904 322 943 353
apple 0.792480 610 32 644 68
apple 0.726074 650 459 689 498
apple 0.670898 449 662 470 680
apple 0.605957 836 464 898 502
apple 0.599121 838 408 874 453
apple 0.592773 990 516 1022 542
apple 0.568848 630 399 678 436
apple 0.566406 665 495 698 528
apple 0.482666 895 439 930 478
apple 0.449951 642 29 688 73
apple 0.429688 280 510 292 522
apple 0.416504 351 498 368 520
apple 0.399902 479 252 495 271
apple 0.386475 410 203 428 222
apple 0.369629 326 685 343 699
apple 0.366943 358 689 376 715
apple 0.357422 726 366 756 397
apple 0.312988 634 438 662 475
apple 0.312256 852 67 890 102
apple 0.302002 473 494 489 511
apple 0.284424 554 235 586 265
apple 0.275879 448 541 463 555
apple 0.258789 488 165 500 175
apple 0.252197 464 508 476 519
