apple 0.870117 246 432 289 483
apple 0.860352 79 980 119 1020
apple 0.840332 192 394 225 428
apple 0.833008 64 503 108 541
apple 0.828613 86 874 133 910
apple 0.827637 134 732 164 766
apple 0.808105 568 742 618 788
apple 0.803711 58 288 100 330
apple 0.778320 111 651 149 686
apple 0.772949 9 247 49 287
apple 0.767090 99 1041 137 1091
apple 0.740723 149 1147 177 1187
apple 0.737793 194 570 264 638
apple 0.729980 19 758 51 790
apple 0.714355 97 270 127 303
apple 0.701660 116 245 144 279
apple 0.680176 128 307 152 334
apple 0.651367 258 589 288 626
apple 0.633789 116 766 146 798
apple 0.621582 106 340 141 380
apple 0.614746 0 380 17 412
apple 0.610840 144 859 171 885
apple 0.549316 184 968 200 990
apple 0.538086 134 676 164 712
apple 0.526367 0 804 28 833
apple 0.520020 185 716 202 732
apple 0.517090 280 813 293 826
apple 0.511719 449 1070 474 1094
apple 0.500977 546 670 583 707
apple 0.447510 29 152 47 189
apple 0.435303 72 188 126 229
apple 0.429932 80 712 111 734
apple 0.417969 62 709 77 724
apple 0.342773 10 592 52 630
apple 0.334229 108 454 143 489
apple 0.314453 153 528 192 556
apple 0.312012 117 851 141 878
bird 0.302979 702 226 720 293
apple 0.302734 64 238 90 260
apple 0.297363 648 656 662 670
apple 0.288330 454 548 480 574
apple 0.281494 188 964 205 984
apple 0.260254 216 570 248 606
