apple 0.898926 302 604 351 653
apple 0.872559 971 548 1014 596
apple 0.857422 1102 400 1150 448
apple 0.855469 362 488 412 534
apple 0.840332 674 420 724 469
apple 0.838867 135 394 195 437
apple 0.817383 1221 652 1261 692
apple 0.806152 1046 171 1094 233
apple 0.800781 312 266 346 298
apple 0.799316 460 263 496 301
apple 0.798340 917 182 953 221
apple 0.795410 596 588 638 629
apple 0.790527 744 624 786 664
apple 0.784180 274 298 306 337
apple 0.782715 459 320 497 356
apple 0.781250 938 400 979 440
apple 0.773438 23 485 71 523
apple 0.769531 482 243 520 278
apple 0.750977 956 182 1002 222
apple 0.749023 872 672 902 702
apple 0.746094 690 199 730 236
apple 0.730469 699 576 740 610
apple 0.729492 900 514 935 543
apple 0.712891 1235 496 1273 534
apple 0.711914 1000 111 1066 179
apple 0.707031 888 219 954 300
apple 0.700195 248 381 292 413
apple 0.690430 703 534 750 570
apple 0.686523 734 582 774 626
apple 0.677734 359 288 396 321
apple 0.662598 600 521 637 575
apple 0.658203 792 207 820 240
apple 0.650391 696 277 730 320
apple 0.643555 911 578 940 615
apple 0.631836 592 618 626 650
apple 0.630859 361 534 384 558
apple 0.603516 324 502 351 530
apple 0.586426 397 286 433 324
apple 0.570801 208 435 237 466
apple 0.570312 69 481 108 511
apple 0.558105 1159 239 1199 274
apple 0.556641 1216 702 1252 720
apple 0.521973 558 298 592 337
apple 0.484131 1146 350 1188 384
apple 0.479248 426 451 452 476
apple 0.466797 748 87 770 113
apple 0.458984 621 32 633 45
apple 0.414307 201 396 228 431
apple 0.396484 476 514 501 540
apple 0.379150 500 678 519 703
apple 0.369385 748 668 768 698
apple 0.356689 406 428 442 456
apple 0.353027 740 583 782 664
apple 0.347168 1134 339 1150 356
apple 0.340820 30 468 64 488
apple 0.313721 866 650 894 676
apple 0.290283 469 298 499 322
apple 0.278320 614 684 639 712
apple 0.278076 1253 434 1280 467
apple 0.276123 423 336 460 371
apple 0.257080 763 289 794 325
