apple 0.708496 142 1136 176 1172
apple 0.696777 582 440 606 468
apple 0.689453 0 263 31 296
apple 0.652832 594 384 622 407
apple 0.632324 36 588 67 616
apple 0.625000 160 548 187 583
apple 0.615234 155 1010 187 1044
apple 0.610840 140 509 166 536
apple 0.602051 643 385 669 408
apple 0.576172 521 400 542 424
apple 0.566406 508 420 530 442
orange 0.558105 372 1027 399 1051
apple 0.553711 598 510 620 532
apple 0.531250 310 912 338 938
apple 0.507324 104 516 125 546
apple 0.497559 229 1066 261 1096
apple 0.468018 178 998 208 1028
apple 0.462158 676 441 691 464
apple 0.458984 490 412 507 434
apple 0.450195 658 261 706 300
apple 0.446533 560 639 581 658
apple 0.443359 167 455 180 467
orange 0.426025 296 1085 320 1111
apple 0.423340 647 578 664 596
apple 0.395508 566 665 588 688
orange 0.383545 282 1175 310 1205
apple 0.379150 176 459 191 474
apple 0.355713 513 460 528 479
orange 0.337402 489 964 511 986
apple 0.337158 586 638 600 650
apple 0.336182 206 451 217 464
apple 0.333740 477 380 492 401
orange 0.331055 309 1022 332 1046
orange 0.325439 252 1033 274 1057
apple 0.319824 606 1061 628 1083
orange 0.316650 470 1029 488 1053
orange 0.288574 327 934 344 950
apple 0.264893 37 790 57 818
apple 0.263916 148 423 161 433
orange 0.261719 365 892 383 910
apple 0.255127 655 524 672 550
orange 0.250977 394 1116 418 1140
orange 0.250732 357 1098 381 1124
