orange 0.799316 127 639 152 665
orange 0.771973 550 528 578 555
apple 0.695312 34 329 57 354
apple 0.674316 633 354 669 380
orange 0.667969 188 1078 216 1108
orange 0.641602 381 447 406 473
orange 0.640625 89 576 114 598
orange 0.628906 669 773 687 811
orange 0.562988 388 807 406 825
orange 0.555664 139 576 164 598
orange 0.503906 126 620 144 636
orange 0.489502 256 750 288 780
orange 0.459717 233 760 252 790
apple 0.440674 88 416 111 434
apple 0.431396 348 576 369 594
orange 0.400146 660 120 673 134
orange 0.383545 38 289 55 305
orange 0.367676 704 478 720 496
apple 0.360596 559 970 581 986
orange 0.349609 39 78 52 92
apple 0.328369 573 252 611 293
apple 0.323730 451 479 476 501
orange 0.316895 424 510 450 530
apple 0.315430 319 554 341 576
apple 0.311768 622 460 652 494
orange 0.292969 419 158 434 171
orange 0.289062 58 167 72 182
apple 0.278564 705 478 720 496
orange 0.254883 558 970 580 986
