apple 0.849609 1100 418 1148 462
apple 0.842773 1072 360 1112 398
apple 0.793457 1006 597 1034 628
apple 0.779297 854 208 886 239
apple 0.758789 1144 374 1192 416
apple 0.745605 818 346 917 419
apple 0.706055 446 448 474 476
apple 0.652832 1036 640 1070 671
apple 0.652344 890 83 918 110
apple 0.647949 544 488 574 522
apple 0.639648 631 499 659 528
apple 0.638672 710 254 749 291
apple 0.617676 660 377 700 427
apple 0.614746 344 422 370 446
apple 0.569336 382 384 420 444
apple 0.560547 1066 660 1100 696
apple 0.555664 636 412 670 442
apple 0.555176 600 429 631 461
apple 0.531250 541 386 567 408
apple 0.496094 378 584 412 606
apple 0.485840 1027 609 1061 641
apple 0.456543 888 390 927 424
apple 0.439697 674 437 710 477
apple 0.437256 345 315 366 341
apple 0.434082 1042 669 1068 701
apple 0.416748 335 296 358 316
apple 0.416504 542 516 566 542
apple 0.414551 366 454 390 478
apple 0.412842 528 343 558 375
apple 0.408447 1023 560 1053 594
apple 0.397705 1023 226 1037 240
apple 0.363770 318 312 332 323
apple 0.354004 1134 594 1158 626
apple 0.346191 1020 672 1050 704
apple 0.308105 357 656 372 670
apple 0.291016 382 384 415 414
apple 0.284668 696 240 710 259
apple 0.284180 1110 639 1146 678
apple 0.271240 818 371 870 418
apple 0.266357 1033 644 1091 678
apple 0.265381 386 413 418 444
apple 0.263184 998 4 1058 48
apple 0.250488 999 7 1026 38
