apple 473 351 508 376
apple 257 298 288 331
apple 434 314 457 341
apple 360 853 391 888
apple 319 213 359 251
apple 341 420 383 453
apple 367 755 397 787
apple 280 174 309 208
apple 383 906 411 946
apple 150 423 180 449
apple 247 666 284 699
apple 369 170 393 197
apple 330 117 360 149
apple 372 560 406 586
apple 382 232 408 256
apple 672 945 713 975
apple 206 574 239 608
apple 461 480 488 509
apple 346 191 379 223
apple 502 503 525 526
apple 390 631 415 664
apple 288 80 309 115
apple 387 578 417 608
apple 271 512 298 535
apple 220 716 244 735
apple 311 917 331 937
apple 311 917 331 937
apple 311 917 331 937
apple 240 580 271 621
apple 372 666 404 693
apple 179 673 205 699
apple 404 749 427 771
apple 425 1001 451 1042
apple 322 159 342 184
apple 422 615 443 637
apple 422 615 443 637
apple 372 344 411 376
apple 440 837 457 852
apple 440 837 457 852
apple 345 10 369 44
apple 436 502 468 542
apple 436 502 468 542
apple 285 251 309 280
apple 363 27 392 64
apple 367 265 386 296
apple 425 1001 451 1042
apple 425 1001 451 1042
apple 373 399 389 416
apple 373 399 389 416
apple 347 56 374 77
apple 347 56 374 77
apple 436 502 468 542
apple 425 858 440 873
apple 425 858 440 873
apple 425 858 440 873
apple 425 858 440 873
apple 425 858 440 873
apple 425 858 440 873
