apple 412 1010 455 1065
apple 308 308 343 340
apple 446 108 481 149
apple 672 960 708 991
apple 306 470 346 511
apple 366 250 402 288
apple 527 16 566 54
apple 509 608 542 643
apple 373 403 407 441
apple 373 403 407 441
apple 446 666 480 700
apple 318 783 349 819
apple 498 798 530 825
apple 676 905 716 951
apple 431 361 470 400
apple 502 15 526 52
apple 502 15 526 52
apple 489 632 518 665
apple 489 632 518 665
apple 323 366 364 405
apple 323 366 364 405
apple 419 451 456 486
apple 263 581 294 607
apple 263 581 294 607
apple 263 581 294 607
apple 352 677 384 709
apple 402 361 433 400
apple 402 361 433 400
apple 402 361 433 400
apple 402 361 433 400
apple 332 698 359 738
apple 340 654 368 680
apple 327 562 356 612
apple 381 577 402 611
apple 381 577 402 611
apple 381 577 402 611
apple 381 577 402 611
apple 475 362 491 383
apple 475 362 491 383
apple 475 362 491 383
apple 475 362 491 383
apple 352 375 383 415
apple 352 375 383 415
apple 404 260 421 293
apple 404 260 421 293
apple 484 526 502 542
apple 484 526 502 542
apple 484 526 502 542
apple 484 526 502 542
apple 484 526 502 542
apple 223 880 250 904
apple 155 653 187 687
