apple 656 870 696 906
apple 669 694 712 741
apple 88 673 121 704
apple 528 156 558 189
apple 382 647 417 678
apple 457 181 484 206
apple 625 791 669 831
apple 78 230 102 251
apple 103 461 136 500
apple 92 99 125 132
apple 215 311 252 344
apple 497 719 533 754
apple 422 726 458 759
apple 369 461 390 481
apple 190 480 218 509
apple 639 758 670 789
apple 34 664 57 689
apple 451 279 477 303
apple 370 707 394 734
apple 221 759 240 778
apple 579 280 603 303
apple 290 390 327 426
apple 516 274 540 290
apple 406 368 430 394
apple 600 204 629 236
apple 615 604 650 632
apple 338 261 364 291
apple 54 115 82 144
apple 12 51 37 77
apple 122 423 151 455
apple 389 516 405 532
apple 665 207 698 237
apple 55 263 77 282
apple 14 166 37 186
apple 645 365 668 385
apple 571 598 602 625
apple 571 598 602 625
apple 480 511 500 533
apple 460 519 480 539
apple 320 765 341 782
apple 559 682 599 718
apple 202 137 230 170
apple 679 416 697 433
apple 620 218 643 248
apple 653 238 673 267
apple 369 638 390 665
apple 176 372 214 390
apple 500 502 518 521
apple 559 231 587 257
apple 560 484 580 500
apple 536 204 565 233
apple 378 738 401 762
apple 319 304 341 330
