apple 389 910 432 950
apple 408 389 441 427
apple 399 576 428 607
apple 399 576 428 607
apple 369 950 404 987
apple 483 397 515 428
apple 443 504 481 541
apple 481 605 512 629
apple 528 1052 572 1095
apple 482 229 516 262
apple 594 725 615 757
apple 594 725 615 757
apple 520 556 549 590
apple 426 254 453 289
apple 351 478 388 509
apple 316 496 348 530
apple 316 496 348 530
apple 316 496 348 530
apple 316 496 348 530
apple 600 675 630 701
apple 450 541 481 571
apple 318 576 346 598
apple 340 525 362 544
apple 340 525 362 544
apple 660 798 688 821
apple 400 665 429 692
apple 462 434 491 459
apple 367 438 393 466
apple 370 623 401 650
apple 370 623 401 650
apple 354 395 381 427
apple 392 336 425 377
apple 392 336 425 377
apple 475 337 502 359
apple 475 337 502 359
apple 475 337 502 359
apple 458 614 480 641
apple 458 614 480 641
apple 458 614 480 641
apple 408 693 433 718
apple 408 693 433 718
apple 413 714 445 749
