apple 606 778 637 824
apple 5 289 49 330
apple 114 341 147 374
apple 694 527 719 562
apple 24 525 56 559
apple 24 525 56 559
apple 17 489 49 519
apple 17 489 49 519
apple 81 350 109 385
apple 91 503 127 522
apple 91 503 127 522
apple 91 503 127 522
apple 91 503 127 522
apple 91 503 127 522
apple 113 416 150 454
apple 185 358 216 385
apple 93 402 114 423
apple 93 402 114 423
apple 257 857 284 893
apple 257 857 284 893
apple 143 412 177 448
apple 46 553 83 583
apple 238 554 247 573
apple 238 554 247 573
apple 68 514 95 544
apple 236 348 262 380
apple 5 289 49 330
apple 72 594 100 609
apple 72 594 100 609
