apple 0.9992126 196 565 223 592
apple 0.99779737 369 372 391 394
apple 0.9934077 276 477 300 500
apple 0.9911335 187 554 209 575
apple 0.9905962 354 395 372 416
apple 0.9897792 365 407 386 422
apple 0.98670965 663 437 687 458
apple 0.9833709 218 563 239 583
apple 0.9794047 267 477 280 497
apple 0.95798355 171 384 186 407
apple 0.9463099 709 1117 718 1140
apple 0.8889981 699 450 718 480
apple 0.7162774 687 476 705 490
apple 0.461005 685 467 708 491
apple 0.43441078 687 454 716 488
apple 0.4150446 357 396 381 420
apple 0.36744425 311 321 331 340
apple 0.23772968 667 465 682 475
apple 0.21313561 150 749 173 764
apple 0.1861479 708 456 718 478
apple 0.16362938 196 563 213 577
apple 0.09408299 320 372 331 384
apple 0.08897605 192 562 219 584
apple 0.062264714 206 564 229 589
apple 0.055112574 482 856 512 886
