apple 0.99981517 437 24 479 68
apple 0.99979097 679 382 718 417
apple 0.9996811 442 94 479 136
apple 0.99967766 473 82 511 125
apple 0.9993505 430 195 469 239
apple 0.9992594 164 619 199 657
apple 0.999106 418 320 449 353
apple 0.9991042 630 362 672 397
apple 0.9988268 367 828 414 874
apple 0.9987685 502 256 544 293
apple 0.99874157 395 779 441 820
apple 0.9985436 649 1043 692 1086
apple 0.99830496 421 128 458 169
apple 0.9981705 544 716 593 761
apple 0.99711597 447 282 478 314
apple 0.9967975 423 428 451 461
apple 0.99670523 365 731 403 769
apple 0.9962202 488 758 526 793
apple 0.9960483 314 378 343 405
apple 0.9948361 476 207 511 236
apple 0.9947101 98 874 130 907
apple 0.9939101 466 256 501 303
apple 0.9923854 622 809 646 831
apple 0.99165547 553 580 585 621
apple 0.9908522 405 1 438 25
apple 0.9884001 411 817 447 851
apple 0.98430115 435 506 466 533
apple 0.98332894 323 894 348 920
apple 0.98278576 432 64 466 94
apple 0.9813394 79 714 107 736
apple 0.9812432 271 680 302 713
apple 0.9769233 299 815 326 841
apple 0.97286206 155 960 185 985
apple 0.9707272 1 811 19 834
apple 0.96870095 149 602 187 620
apple 0.95986205 62 803 85 827
apple 0.9594641 30 529 60 562
apple 0.9581358 406 214 431 241
apple 0.9520734 639 1032 664 1059
apple 0.949681 180 752 208 775
apple 0.9475995 352 387 368 409
apple 0.9472958 509 694 548 731
apple 0.9287161 523 192 539 220
apple 0.92662764 496 288 519 318
apple 0.9172595 422 872 438 896
apple 0.9143244 51 541 85 567
apple 0.91063625 99 658 129 684
apple 0.8973682 629 646 650 666
apple 0.8894043 68 685 88 708
apple 0.8847107 9 608 45 640
apple 0.8580034 133 636 161 667
apple 0.8570075 701 822 719 834
apple 0.8001839 331 1110 365 1139
apple 0.7950947 389 232 407 258
apple 0.71094286 679 815 696 830
apple 0.67874837 316 797 344 823
apple 0.604915 65 953 79 973
apple 0.59203804 344 1042 369 1067
apple 0.5437733 393 422 404 447
apple 0.5022386 421 267 452 313
apple 0.48224682 392 223 423 257
apple 0.4347521 4 624 24 641
apple 0.18438965 33 527 83 566
apple 0.17403308 1 256 12 276
apple 0.14453109 451 260 495 310
apple 0.13963656 705 435 717 454
apple 0.100254685 293 512 303 524
apple 0.09234373 666 1193 709 1231
apple 0.084716216 393 213 432 249
apple 0.07408699 711 426 718 439
apple 0.06709309 117 636 161 677
apple 0.056412138 435 252 531 308
