apple 0.9998586 435 558 470 594
apple 0.999253 135 747 172 781
apple 0.99902904 429 656 464 692
apple 0.9987801 245 146 275 178
apple 0.9986945 384 308 413 339
apple 0.9986766 262 763 295 796
apple 0.9982905 374 622 404 653
apple 0.998116 397 330 428 361
apple 0.995663 149 711 175 742
apple 0.9951776 333 511 362 546
apple 0.99508166 437 604 458 628
apple 0.99371403 164 658 192 693
apple 0.99265385 367 778 399 805
apple 0.991812 288 619 324 656
apple 0.99166274 85 543 108 568
apple 0.990475 264 125 288 151
apple 0.98593265 357 640 381 667
apple 0.97465605 406 535 436 559
apple 0.97061545 326 129 350 147
apple 0.9643775 390 398 411 413
apple 0.95277333 378 537 398 559
apple 0.93794495 276 630 304 660
apple 0.86964005 371 331 395 354
apple 0.80043834 103 554 126 581
apple 0.26078716 472 498 489 514
apple 0.24753068 91 546 124 580
apple 0.11037209 343 531 360 548
apple 0.09171636 475 490 491 508
apple 0.07394741 374 329 402 344
