apple 0.9996401 167 944 204 984
apple 0.9995401 412 681 448 720
apple 0.9995322 488 370 516 402
apple 0.99936515 333 316 365 348
apple 0.9992931 451 554 485 590
apple 0.99906033 307 585 343 618
apple 0.9986527 211 750 240 780
apple 0.9985171 310 370 348 404
apple 0.99813217 180 547 205 572
apple 0.9980258 419 470 445 496
apple 0.99783736 452 688 486 721
apple 0.99779034 360 182 395 217
apple 0.9976497 694 990 719 1025
apple 0.99687093 282 615 315 646
apple 0.9968669 246 863 277 894
apple 0.99680007 392 553 424 580
apple 0.9960079 431 445 458 470
apple 0.9958534 339 344 369 372
apple 0.99564123 183 742 211 774
apple 0.9955596 142 916 173 948
apple 0.994632 312 341 339 366
apple 0.99451584 444 471 470 495
apple 0.9941122 414 719 443 749
apple 0.99271566 430 314 461 343
apple 0.99250716 479 505 507 528
apple 0.9914894 252 655 285 680
apple 0.99016917 444 513 465 538
apple 0.9893345 474 527 504 557
apple 0.9852984 1 859 18 891
apple 0.983011 482 623 507 640
apple 0.9829364 481 738 504 760
apple 0.9755662 339 428 369 465
apple 0.9415349 280 460 304 488
apple 0.9321604 256 438 281 456
apple 0.931525 341 110 370 139
apple 0.93109435 316 446 341 475
apple 0.9167005 209 958 241 991
apple 0.9000106 335 408 363 429
apple 0.88823426 447 627 483 667
apple 0.84391135 582 1043 596 1072
apple 0.8326154 0 807 8 833
apple 0.8095493 409 280 423 300
apple 0.79077387 274 592 300 614
apple 0.7659916 233 958 260 985
apple 0.7646585 462 627 482 645
apple 0.5965999 340 427 367 442
apple 0.57837695 469 882 485 908
apple 0.54923165 419 799 428 817
apple 0.53188235 319 419 334 433
apple 0.44883236 423 658 438 682
apple 0.44789508 436 855 444 870
apple 0.36591747 213 954 261 989
apple 0.3553067 320 621 335 651
apple 0.32895604 506 408 517 430
apple 0.31402442 324 619 335 641
apple 0.22161503 1 787 16 815
apple 0.1977665 530 437 542 450
apple 0.17663363 335 413 365 439
apple 0.11787524 285 439 306 466
apple 0.11412423 327 410 368 464
apple 0.11346258 143 572 153 583
apple 0.09184707 576 1039 602 1078
apple 0.08583733 253 660 271 680
apple 0.08365805 0 794 13 826
apple 0.07252278 317 618 333 643
apple 0.050173573 316 635 333 656
