apple 0.9996736 100 618 142 657
apple 0.9992156 556 662 584 689
apple 0.9991424 627 325 655 353
apple 0.9991399 501 146 524 172
apple 0.9990671 436 837 466 869
apple 0.9989905 294 195 316 216
apple 0.9989849 629 732 656 759
apple 0.9987656 398 490 423 516
apple 0.9986987 541 382 564 408
apple 0.99865544 399 687 432 718
apple 0.9984633 335 648 367 677
apple 0.9984236 646 756 680 786
apple 0.998409 420 476 444 505
apple 0.99835193 308 174 333 197
apple 0.9983169 418 450 440 475
apple 0.9981261 504 321 528 342
apple 0.9978521 333 126 358 151
apple 0.997715 262 138 284 161
apple 0.9976174 425 199 448 221
apple 0.997575 399 183 420 206
apple 0.99731904 259 553 286 581
apple 0.99725854 473 170 494 192
apple 0.9969926 53 560 77 590
apple 0.9967872 445 167 469 190
apple 0.9964915 365 332 391 358
apple 0.9961546 537 480 561 503
apple 0.99609035 586 248 609 274
apple 0.9956345 172 587 194 610
apple 0.9955135 106 561 143 595
apple 0.99550277 151 303 180 328
apple 0.9954177 525 147 543 171
apple 0.99523675 650 207 677 232
apple 0.9948192 508 447 533 469
apple 0.9946285 542 501 567 523
apple 0.99441284 416 424 442 447
apple 0.99439526 273 160 292 179
apple 0.9941181 145 332 169 357
apple 0.9940154 236 226 254 246
apple 0.9937895 691 691 713 715
apple 0.9937734 182 609 205 629
apple 0.9936172 17 575 48 599
apple 0.9926394 172 283 195 307
apple 0.99126375 558 449 578 471
apple 0.99125504 616 471 638 494
apple 0.9912465 103 358 126 380
apple 0.99054503 587 274 614 294
apple 0.99015146 352 254 373 275
apple 0.98999935 324 366 346 385
apple 0.98889834 255 64 278 90
apple 0.988388 657 580 677 603
apple 0.98813313 266 351 291 374
apple 0.9864303 211 560 234 583
apple 0.98536325 250 264 274 286
apple 0.98512113 682 444 702 462
apple 0.98503625 628 291 653 315
apple 0.9847194 485 781 502 806
apple 0.9843306 144 490 166 510
apple 0.9825922 297 381 322 412
apple 0.98244137 602 669 620 692
apple 0.9824385 289 491 312 509
apple 0.9824287 454 714 478 736
apple 0.9809427 70 606 92 623
apple 0.97835195 460 248 482 268
apple 0.97622323 303 130 322 152
apple 0.97488695 10 647 27 666
apple 0.97298074 219 230 234 249
apple 0.97011256 174 534 209 572
apple 0.96745336 636 561 660 585
apple 0.9649727 198 583 218 600
apple 0.96072006 409 736 424 755
apple 0.95772064 98 581 125 603
apple 0.95513994 162 435 179 448
apple 0.95266414 179 475 193 489
apple 0.95202196 172 616 187 637
apple 0.94946694 350 114 366 130
apple 0.9494145 685 708 710 725
apple 0.9492813 181 645 195 662
apple 0.94122535 463 830 483 852
apple 0.9325495 435 818 447 832
apple 0.9311269 483 438 498 456
apple 0.9267977 304 511 320 523
apple 0.92454624 264 402 281 418
apple 0.9086939 155 389 173 406
apple 0.90723705 205 268 224 290
apple 0.9045869 584 686 602 702
apple 0.9036025 710 559 719 576
apple 0.89462084 49 494 64 509
apple 0.89422655 120 391 137 405
apple 0.8913785 261 612 278 627
apple 0.8903898 87 583 103 604
apple 0.8811801 86 558 102 579
apple 0.87823045 389 613 422 637
apple 0.86748564 165 636 182 652
apple 0.8562969 34 528 54 542
apple 0.853576 520 543 540 557
apple 0.84144944 191 350 209 364
apple 0.8356803 581 533 601 551
apple 0.8135194 623 277 640 289
apple 0.79386705 547 689 573 713
apple 0.76612335 411 360 429 379
