apple 0.99935514 395 792 426 821
apple 0.99914217 373 743 407 774
apple 0.9986656 495 855 521 879
apple 0.9978796 43 803 72 831
apple 0.9954822 155 803 180 832
apple 0.9950347 51 771 75 797
apple 0.99144226 40 441 70 474
apple 0.98937666 191 625 214 653
apple 0.9776783 435 922 463 949
apple 0.976896 253 777 276 797
apple 0.974683 448 852 465 871
apple 0.9743671 180 815 206 838
apple 0.96841174 368 766 386 783
apple 0.95645046 59 792 76 820
apple 0.9534261 4 506 33 529
apple 0.792761 188 571 206 591
apple 0.7914919 155 614 175 640
apple 0.7843636 359 804 372 839
apple 0.73049086 276 781 299 805
apple 0.7199064 276 781 288 801
apple 0.67294294 135 830 156 855
apple 0.5750238 133 831 145 853
apple 0.20075761 222 617 238 642
apple 0.13509335 360 805 373 823
apple 0.09650877 265 779 289 802
apple 0.08657933 390 887 409 900
apple 0.07989301 44 459 68 475
apple 0.07343135 189 573 211 599
apple 0.055611853 2 432 11 443
