apple 0.99867475 186 514 208 534
apple 0.9985374 201 494 219 517
apple 0.99780434 392 540 415 565
apple 0.99730706 106 930 133 963
apple 0.9968016 343 359 361 378
apple 0.9949344 422 348 444 370
apple 0.99446034 124 893 147 918
apple 0.9937668 477 320 496 341
apple 0.99323565 481 390 503 411
apple 0.9922227 362 361 383 385
apple 0.9920867 569 971 592 993
apple 0.99169356 262 532 285 558
apple 0.9915383 238 733 260 756
apple 0.9910874 497 888 516 909
apple 0.9906911 392 271 408 289
apple 0.9901489 351 535 366 557
apple 0.9868933 290 479 311 499
apple 0.9860281 464 367 484 385
apple 0.9847979 446 721 467 741
apple 0.9832622 227 1156 250 1182
apple 0.9772981 171 510 188 524
apple 0.9720195 465 920 481 938
apple 0.9707063 505 390 523 407
apple 0.9679394 257 884 284 912
apple 0.9674631 569 939 587 958
apple 0.96746016 469 769 492 789
apple 0.9667116 608 974 620 992
apple 0.966563 92 857 106 883
apple 0.9615145 404 356 418 376
apple 0.95611423 511 914 524 930
apple 0.95049286 413 303 433 326
apple 0.9461981 494 351 513 378
apple 0.9384169 246 847 275 870
apple 0.9244615 216 783 227 801
apple 0.90578663 670 986 684 1011
apple 0.9047641 478 930 497 945
apple 0.9028821 389 728 409 745
apple 0.8923178 328 615 357 637
apple 0.8894506 24 815 36 832
apple 0.88927126 439 804 469 827
apple 0.88839316 553 794 567 810
apple 0.88295794 427 535 440 550
apple 0.86547536 559 487 571 502
apple 0.8589735 392 784 410 813
apple 0.8474145 552 590 571 603
apple 0.8456138 520 525 542 541
apple 0.8297254 434 298 448 315
apple 0.82651484 537 360 548 378
apple 0.8249982 242 688 268 717
apple 0.8178701 293 835 319 862
apple 0.8063955 401 336 417 354
apple 0.8007061 265 859 286 884
apple 0.7995044 185 488 200 502
apple 0.77093595 356 344 367 354
apple 0.7575512 345 481 357 499
apple 0.7478209 227 576 236 595
apple 0.7214341 353 434 364 451
apple 0.7206171 250 701 268 717
apple 0.7105449 518 998 535 1023
apple 0.7019613 519 528 532 542
apple 0.7012594 619 848 631 863
apple 0.697776 121 985 139 1010
apple 0.64915454 406 373 425 392
apple 0.6391707 304 836 317 851
apple 0.6082027 242 684 255 699
apple 0.5498 255 853 280 872
apple 0.5385049 519 1030 544 1053
apple 0.533728 483 877 505 889
apple 0.5024386 113 965 128 983
apple 0.41702476 518 880 535 891
apple 0.36853784 255 894 269 913
apple 0.3222292 182 472 191 482
apple 0.3033371 122 859 132 879
apple 0.27160412 425 795 438 807
apple 0.23978257 552 887 565 902
apple 0.23489231 560 1008 598 1044
apple 0.23234177 243 1141 267 1155
apple 0.22400604 246 848 261 866
apple 0.13722502 237 902 268 940
apple 0.12526032 507 985 536 1027
apple 0.122271895 393 782 439 819
apple 0.10504871 475 878 516 912
apple 0.0614618 92 854 126 887
apple 0.055531666 184 481 198 499
apple 0.05055766 488 347 520 383
