apple 0.99816906 548 528 576 554
apple 0.99750817 380 446 406 472
apple 0.9972658 88 576 113 596
apple 0.99712795 126 639 152 664
apple 0.9965581 233 479 253 497
apple 0.99545103 451 478 474 500
apple 0.99529207 199 530 222 554
apple 0.9949922 348 576 367 594
apple 0.99434584 243 500 258 521
apple 0.9939253 257 750 286 778
apple 0.99358445 34 328 56 353
apple 0.99264705 138 576 163 597
apple 0.9924562 261 700 292 730
apple 0.99213326 232 760 252 787
apple 0.9904565 705 477 719 495
apple 0.986697 320 555 338 574
apple 0.98470473 424 507 449 529
apple 0.98263323 662 510 683 528
apple 0.98216677 89 415 110 432
apple 0.9819567 331 565 348 580
apple 0.98119146 145 548 162 566
apple 0.9796522 206 503 225 515
apple 0.9742066 39 288 55 304
apple 0.97100914 436 482 451 499
apple 0.9701048 126 617 143 636
apple 0.96876436 622 462 650 494
apple 0.9679565 665 772 686 809
apple 0.96294457 622 765 646 795
apple 0.9617612 664 596 682 613
apple 0.9604964 428 455 449 478
apple 0.95374936 643 505 661 525
apple 0.94467616 239 313 256 334
apple 0.9361399 247 424 264 439
apple 0.89006275 76 507 89 526
apple 0.86088943 685 575 707 590
apple 0.7293979 616 599 638 616
apple 0.699279 80 508 107 531
apple 0.6461183 633 355 666 380
apple 0.604902 1 345 12 364
apple 0.5669617 316 477 328 491
apple 0.530706 77 506 99 528
apple 0.51222736 65 289 78 307
apple 0.4220729 452 511 477 527
apple 0.38046166 325 557 344 578
apple 0.36168593 196 545 217 557
