apple 0.9995709 359 842 427 907
apple 0.99925846 120 510 147 535
apple 0.9990339 679 270 709 298
apple 0.99870646 128 463 158 492
apple 0.9986418 526 761 574 805
apple 0.99860793 577 799 630 845
apple 0.99820864 643 190 668 215
apple 0.9977697 458 677 493 713
apple 0.9976253 91 739 116 762
apple 0.99744946 671 38 700 70
apple 0.99700963 59 472 84 495
apple 0.9969932 375 528 401 554
apple 0.9969703 119 534 143 556
apple 0.99651414 50 617 72 640
apple 0.99647254 125 743 153 768
apple 0.9964485 574 289 601 315
apple 0.99635625 45 432 69 457
apple 0.99628556 45 560 72 584
apple 0.99622077 158 460 183 486
apple 0.9960969 525 377 551 406
apple 0.99598867 75 717 98 741
apple 0.99557257 648 468 675 494
apple 0.99519366 180 707 210 736
apple 0.99493587 14 420 36 442
apple 0.99421656 1 286 16 312
apple 0.9937651 682 997 718 1050
apple 0.9937516 380 345 402 368
apple 0.9936752 409 457 433 481
apple 0.99354666 630 671 680 716
apple 0.9932166 658 68 684 99
apple 0.9931171 629 92 659 121
apple 0.9925343 626 536 655 570
apple 0.99147016 663 178 690 201
apple 0.99086577 321 381 340 402
apple 0.9904204 222 415 244 438
apple 0.99027294 103 658 127 682
apple 0.99023414 456 928 491 961
apple 0.9901434 704 463 719 491
apple 0.99007344 21 379 46 405
apple 0.988159 566 350 586 374
apple 0.98794925 634 322 661 345
apple 0.9876841 487 481 514 504
apple 0.98765755 615 468 645 498
apple 0.9865828 0 419 13 440
apple 0.985335 292 656 317 681
apple 0.9849642 451 499 469 517
apple 0.98145676 405 939 447 973
apple 0.981443 649 555 676 586
apple 0.97859085 631 215 654 238
apple 0.9783198 667 371 692 395
apple 0.97453326 467 420 490 445
apple 0.9738758 486 788 528 827
apple 0.9716422 143 547 166 566
apple 0.96849906 621 732 671 783
apple 0.9654289 77 645 98 661
apple 0.9637183 692 87 711 111
apple 0.9606192 699 554 718 574
apple 0.9583525 26 732 44 749
apple 0.9563692 238 424 254 443
apple 0.94552064 73 621 98 636
apple 0.935663 50 394 72 414
apple 0.93147856 403 545 426 566
apple 0.9235721 530 871 561 898
apple 0.91871554 7 352 26 375
apple 0.9116519 307 878 337 917
apple 0.9025057 298 701 323 717
apple 0.88661325 434 524 452 541
apple 0.8760715 647 636 662 657
apple 0.8688492 535 409 559 430
apple 0.8584192 652 227 678 250
apple 0.8462844 16 309 37 329
apple 0.8142125 281 722 302 741
apple 0.7989332 497 503 514 518
apple 0.7521292 201 447 212 465
apple 0.7322325 650 593 672 609
apple 0.7311843 345 547 356 566
apple 0.7265825 461 743 490 770
apple 0.72568864 470 823 514 867
apple 0.7033218 512 364 531 377
apple 0.6440728 262 427 273 441
apple 0.613187 507 344 520 356
apple 0.5927273 295 794 329 825
apple 0.5320784 106 505 123 524
apple 0.49872226 651 809 670 835
apple 0.49174264 546 822 574 849
apple 0.47624522 344 844 370 895
apple 0.47003758 624 780 658 805
apple 0.3878578 380 399 396 413
apple 0.21042514 354 668 367 688
apple 0.19147258 209 530 221 543
apple 0.1807747 89 595 103 605
apple 0.14472844 641 806 674 842
apple 0.09420559 537 808 575 851
apple 0.061572935 691 554 717 590
apple 0.0557901 615 768 663 803
