apple 0.9995946 191 93 219 123
apple 0.99955994 514 127 548 163
apple 0.99941707 11 806 51 845
apple 0.9993924 345 275 383 312
apple 0.99938035 434 304 473 340
apple 0.9993593 295 405 331 444
apple 0.99935097 210 841 249 881
apple 0.9993382 484 740 535 789
apple 0.99909806 396 78 422 106
apple 0.99903 270 110 298 142
apple 0.999015 247 45 275 76
apple 0.9989982 295 123 327 153
apple 0.9989317 275 48 304 80
apple 0.99890554 313 435 349 470
apple 0.99887794 542 68 573 99
apple 0.9988714 682 508 717 553
apple 0.998659 603 100 642 142
apple 0.99825567 395 676 441 709
apple 0.9982033 26 937 65 977
apple 0.99812275 484 262 511 290
apple 0.99779165 173 159 200 187
apple 0.99755377 533 100 562 133
apple 0.9975259 442 270 483 307
apple 0.9975236 60 839 97 875
apple 0.99742436 386 356 416 386
apple 0.997317 77 377 110 409
apple 0.9971764 597 847 623 871
apple 0.9970285 92 868 129 896
apple 0.9970284 196 243 222 269
apple 0.9969843 58 871 91 895
apple 0.99669987 65 229 102 272
apple 0.9962607 543 212 569 239
apple 0.9962452 405 196 430 221
apple 0.99624497 426 588 479 642
apple 0.99622405 518 219 547 250
apple 0.9959494 558 520 604 556
apple 0.9959046 320 751 350 779
apple 0.99590045 281 141 305 166
apple 0.9955974 1 87 18 118
apple 0.9955859 545 743 580 776
apple 0.99549603 33 221 66 256
apple 0.99546486 80 893 116 927
apple 0.9950433 182 112 200 134
apple 0.99393964 409 159 439 188
apple 0.99379396 158 287 183 312
apple 0.99266064 50 173 86 211
apple 0.99258256 1 318 31 355
apple 0.9925373 438 119 461 144
apple 0.99191976 69 128 96 156
apple 0.99141145 359 464 386 493
apple 0.9912949 578 102 607 139
apple 0.98986244 582 51 623 94
apple 0.98867434 237 903 266 933
apple 0.98853976 680 461 717 503
apple 0.9877979 279 78 306 102
apple 0.9876431 5 751 40 787
apple 0.98500556 673 147 704 188
apple 0.984917 174 73 201 104
apple 0.98471653 266 235 288 258
apple 0.9834415 612 760 653 796
apple 0.9833882 89 464 113 485
apple 0.9825399 466 112 487 133
apple 0.9804273 567 162 597 195
apple 0.97982806 1 930 12 964
apple 0.9777434 285 264 305 286
apple 0.977013 219 106 235 130
apple 0.96915495 333 153 355 179
apple 0.9633866 444 222 462 241
apple 0.96321756 670 107 695 140
apple 0.96022695 144 394 168 418
apple 0.9579487 479 932 538 982
apple 0.9532147 136 353 162 375
apple 0.9468095 308 91 327 115
apple 0.9422707 75 448 98 469
apple 0.9368265 272 157 298 180
apple 0.93610144 460 140 480 161
apple 0.9287881 564 363 586 386
apple 0.92542773 284 440 303 461
apple 0.90182304 118 676 134 696
apple 0.8962756 337 357 374 399
apple 0.8900327 372 500 396 523
apple 0.88513887 688 410 717 438
apple 0.87960076 272 260 289 278
apple 0.87960017 464 225 491 238
apple 0.86994624 1 120 16 140
apple 0.86642027 533 551 569 586
apple 0.8499775 619 886 641 910
apple 0.83945346 361 67 389 94
apple 0.83121765 309 250 324 271
apple 0.8103573 332 665 345 683
apple 0.8084404 106 731 130 743
apple 0.77486986 713 857 719 877
apple 0.77264464 643 435 663 453
apple 0.77047336 415 291 431 308
apple 0.61347204 250 314 279 329
apple 0.60609317 135 702 152 720
apple 0.57993543 389 714 415 736
apple 0.50107193 326 352 338 367
apple 0.43919048 10 272 53 310
apple 0.4234483 587 16 613 50
