apple 0.99939644 91 477 131 511
apple 0.9989674 237 904 279 944
apple 0.99875534 432 896 464 925
apple 0.997747 496 756 527 786
apple 0.99688256 0 800 20 826
apple 0.99669826 274 721 311 761
apple 0.9960581 569 419 595 444
apple 0.99526995 289 547 332 581
apple 0.99435943 277 414 309 439
apple 0.99388427 1 835 22 856
apple 0.9936139 387 899 424 927
apple 0.99318695 298 825 321 848
apple 0.98914087 321 252 357 287
apple 0.98679775 143 531 175 563
apple 0.9840058 382 732 407 751
apple 0.9823455 440 873 459 894
apple 0.9808528 594 703 622 728
apple 0.9768266 347 810 365 828
apple 0.97545856 478 769 502 787
apple 0.96677274 97 559 121 577
apple 0.95429045 198 1166 230 1186
apple 0.8662108 109 515 129 542
apple 0.85529846 522 532 539 555
apple 0.8195824 1 624 10 647
apple 0.81209826 704 926 718 956
apple 0.79410446 30 870 50 882
apple 0.6803264 291 668 308 681
apple 0.58861595 513 934 535 955
apple 0.4411459 106 923 118 947
apple 0.24706051 72 858 97 875
apple 0.24479787 144 632 163 648
apple 0.2396304 315 679 331 691
apple 0.16695397 290 666 318 688
apple 0.13743018 51 902 67 918
apple 0.13380717 108 509 140 545
apple 0.08761725 331 663 351 676
apple 0.06543263 0 811 23 851
apple 0.064708315 287 552 313 582
apple 0.05998321 320 663 374 697
apple 0.057178084 266 669 288 682
