apple 0.99963903 442 571 473 604
apple 0.99920577 387 291 423 327
apple 0.9989114 516 200 545 230
apple 0.99881136 688 471 719 510
apple 0.99864286 29 502 54 533
apple 0.9983058 65 350 96 384
apple 0.9978163 46 559 79 593
apple 0.99777895 36 162 63 193
apple 0.9977354 451 246 481 275
apple 0.99769396 632 424 666 454
apple 0.99755585 631 453 666 484
apple 0.9975164 538 49 566 82
apple 0.99747616 434 439 471 468
apple 0.99697316 590 169 617 201
apple 0.99696094 228 849 259 884
apple 0.99669385 532 130 562 167
apple 0.9966935 619 271 641 295
apple 0.9958995 594 861 626 895
apple 0.995821 29 233 53 256
apple 0.9957813 541 583 572 612
apple 0.99568653 515 112 541 144
apple 0.9955634 627 860 656 891
apple 0.99384284 529 4 554 32
apple 0.99302626 558 167 583 197
apple 0.99292773 389 443 413 471
apple 0.9921961 606 119 636 149
apple 0.99113023 614 628 654 659
apple 0.99045956 655 472 679 504
apple 0.98778963 629 728 660 762
apple 0.98773915 586 32 615 54
apple 0.986392 494 511 516 535
apple 0.98538196 541 234 558 262
apple 0.9845142 461 773 481 794
apple 0.9838356 514 1 537 23
apple 0.981054 510 17 537 46
apple 0.98032904 600 263 622 291
apple 0.9796433 553 191 571 218
apple 0.97950256 203 842 226 873
apple 0.97810125 674 462 705 495
apple 0.9759939 601 503 616 521
apple 0.9759586 619 778 657 816
apple 0.9742769 525 785 555 809
apple 0.9699672 496 296 520 316
apple 0.9612157 564 99 593 131
apple 0.95991707 498 179 514 203
apple 0.95779634 52 215 75 238
apple 0.9546267 499 260 520 280
apple 0.95459527 514 311 535 328
apple 0.95228887 479 389 502 411
apple 0.9506175 634 543 665 568
apple 0.9477582 471 572 490 596
apple 0.9459405 698 654 719 678
apple 0.94560987 2 500 23 520
apple 0.93437576 32 198 58 229
apple 0.9238415 648 514 665 537
apple 0.90852547 684 501 701 524
apple 0.90152276 606 595 623 617
apple 0.8980061 442 829 457 845
apple 0.8974966 586 138 607 163
apple 0.88398135 497 212 513 230
apple 0.8735359 479 650 500 665
apple 0.8679526 592 60 608 86
apple 0.8653297 607 569 624 587
apple 0.8491556 581 0 592 26
apple 0.7938972 576 601 598 616
apple 0.7895041 3 313 31 342
apple 0.7648501 562 303 574 329
apple 0.7565058 617 791 639 816
apple 0.7405286 485 771 499 785
apple 0.7359137 546 71 573 96
apple 0.55745435 597 135 617 158
apple 0.49079654 1 313 19 333
apple 0.45200172 636 779 657 795
apple 0.4106569 499 717 512 729
apple 0.28931826 11 324 31 341
apple 0.26026538 500 205 518 231
apple 0.14316376 511 2 539 38
apple 0.10845179 32 193 71 235
apple 0.10806167 480 770 496 792
apple 0.080233864 583 10 616 58
apple 0.056549065 585 133 618 166
apple 0.052434422 568 52 606 92
