apple 0.9997316 119 926 170 973
apple 0.9996772 691 752 719 786
apple 0.99890804 668 738 696 765
apple 0.9983626 2 552 35 588
apple 0.9983354 657 490 688 517
apple 0.99514455 669 772 700 794
apple 0.99498546 563 600 590 625
apple 0.9928941 695 430 719 460
apple 0.9928671 7 604 43 641
apple 0.99125755 130 1048 172 1090
apple 0.9899436 48 634 85 667
apple 0.98235255 47 593 73 619
apple 0.8901676 47 684 79 713
apple 0.7890902 700 540 711 567
apple 0.67513376 138 968 158 989
apple 0.6645367 24 634 49 659
apple 0.60240847 35 636 50 658
apple 0.55344415 103 952 122 980
apple 0.51824474 693 419 705 431
apple 0.41271156 64 610 84 628
apple 0.32932293 22 628 43 644
apple 0.20757897 53 596 84 629
apple 0.1769572 84 572 94 592
apple 0.15355586 6 605 27 638
apple 0.15234633 104 954 118 972
apple 0.08410575 163 915 180 925
apple 0.08173224 151 918 177 929
apple 0.073353134 707 429 719 462
apple 0.06354947 1 1176 25 1210
apple 0.05340246 31 636 57 664
apple 0.05146069 115 1231 161 1272
apple 0.050341185 1 1132 24 1164
