apple 0.9997476 671 468 712 510
apple 0.9994142 678 333 707 362
apple 0.9993906 448 655 482 689
apple 0.9989604 502 619 537 655
apple 0.9985409 479 659 510 690
apple 0.99847454 617 293 654 327
apple 0.99755174 492 441 522 465
apple 0.9975362 601 685 634 714
apple 0.99692816 544 621 569 649
apple 0.99689853 418 420 447 450
apple 0.99628615 605 557 637 593
apple 0.9947119 414 1120 449 1149
apple 0.99321496 548 1075 592 1122
apple 0.9921365 476 727 494 754
apple 0.99112976 647 279 681 313
apple 0.98944443 46 914 82 947
apple 0.98885685 39 675 77 716
apple 0.9853983 646 418 687 455
apple 0.98436826 3 800 51 839
apple 0.9785871 61 523 85 542
apple 0.97753716 52 824 88 860
apple 0.97700137 75 761 102 785
apple 0.9680375 555 377 568 399
apple 0.96799767 576 476 598 495
apple 0.96492076 679 812 696 832
apple 0.957174 79 910 108 940
apple 0.95662844 681 628 702 650
apple 0.9518604 70 868 92 902
apple 0.9510434 417 1004 438 1043
apple 0.9508508 641 333 668 363
apple 0.9482984 624 487 653 513
apple 0.946549 115 526 132 542
apple 0.93906724 422 751 452 777
apple 0.9342375 572 572 599 605
apple 0.9329495 552 1022 581 1053
apple 0.92952317 366 943 397 972
apple 0.92147017 624 1065 651 1096
apple 0.9125054 354 967 389 986
apple 0.8163107 686 371 714 414
apple 0.7920091 527 450 550 468
apple 0.7671359 542 1147 573 1188
apple 0.7177314 9 876 32 899
apple 0.69103754 702 1036 711 1052
apple 0.6767092 486 1122 520 1157
apple 0.6360919 71 854 89 872
apple 0.61414135 697 368 717 403
apple 0.55571455 594 1144 625 1175
apple 0.52477026 530 451 548 462
apple 0.4428985 74 926 94 949
apple 0.4315486 3 800 26 835
apple 0.37319374 52 703 73 717
apple 0.36724892 705 489 716 524
apple 0.28463042 685 382 700 413
apple 0.16583802 576 1014 586 1027
apple 0.16270436 1 706 11 720
apple 0.16103828 57 911 97 948
apple 0.1577013 352 950 395 992
apple 0.14936294 351 966 390 1007
apple 0.124871984 350 996 365 1009
apple 0.11487323 244 1114 282 1155
apple 0.08627831 630 545 641 566
apple 0.08619092 194 474 204 485
apple 0.075895265 705 1167 718 1191
apple 0.06891854 693 350 717 417
