20150919_174151_image151.png,631,874,671,910,0.537598,47
20150919_174151_image151.png,645,702,697,752,0.521973,47
20150919_174151_image151.png,598,796,645,840,0.503906,49
20150919_174151_image151.png,476,722,518,762,0.489746,47
20150919_174151_image151.png,198,312,238,352,0.455566,47
20150919_174151_image151.png,446,188,477,216,0.432861,47
20150919_174151_image151.png,65,104,112,143,0.405762,47
20150919_174151_image151.png,644,702,698,748,0.404541,49
20150919_174151_image151.png,516,162,548,198,0.398438,47
20150919_174151_image151.png,79,462,118,503,0.389893,47
20150919_174151_image151.png,402,728,444,766,0.385742,47
20150919_174151_image151.png,185,238,225,282,0.380371,47
20150919_174151_image151.png,394,375,422,405,0.369141,47
20150919_174151_image151.png,610,762,645,796,0.364746,49
20150919_174151_image151.png,541,687,578,725,0.343750,47
20150919_174151_image151.png,598,609,636,643,0.332031,47
20150919_174151_image151.png,272,393,310,433,0.325439,49
20150919_174151_image151.png,70,234,97,261,0.323730,47
20150919_174151_image151.png,361,464,389,489,0.323242,47
20150919_174151_image151.png,478,722,518,762,0.322998,49
20150919_174151_image151.png,328,268,357,298,0.311523,47
20150919_174151_image151.png,542,686,578,726,0.300049,49
20150919_174151_image151.png,272,394,311,432,0.297119,47
20150919_174151_image151.png,356,644,403,684,0.294189,47
20150919_174151_image151.png,553,600,589,630,0.290771,49
20150921_131453_image711.png,274,1042,306,1088,0.564453,47
20150921_131453_image711.png,573,1187,599,1225,0.456543,47
20150921_131453_image711.png,432,786,472,824,0.421875,47
20150921_131453_image711.png,370,766,410,818,0.333740,47
20150921_131453_image711.png,386,972,418,1008,0.312744,47
20150919_174730_image581.png,536,1190,580,1232,0.628906,47
20150919_174730_image581.png,512,374,548,412,0.626465,47
20150919_174730_image581.png,595,541,635,582,0.587402,49
20150919_174730_image581.png,456,448,482,479,0.492676,47
20150919_174730_image581.png,519,503,547,529,0.487549,49
20150919_174730_image581.png,587,468,632,509,0.480225,47
20150919_174730_image581.png,310,185,343,214,0.466553,49
20150919_174730_image581.png,143,509,175,544,0.453857,47
20150919_174730_image581.png,163,610,194,638,0.442139,49
20150919_174730_image581.png,340,131,370,163,0.430176,47
20150919_174730_image581.png,167,233,209,267,0.421387,49
20150919_174730_image581.png,512,202,550,238,0.420166,47
20150919_174730_image581.png,452,706,497,748,0.416016,49
20150919_174730_image581.png,352,178,381,206,0.377197,47
20150919_174730_image581.png,606,210,632,239,0.376709,49
20150919_174730_image581.png,372,232,410,264,0.349609,49
20150919_174730_image581.png,434,129,466,168,0.348145,49
20150919_174730_image581.png,536,638,566,664,0.341553,47
20150919_174730_image581.png,670,280,700,309,0.323486,47
20150919_174730_image581.png,115,577,148,614,0.322754,47
20150919_174730_image581.png,536,639,566,664,0.314209,49
20150919_174730_image581.png,668,281,698,310,0.302734,49
20150919_174730_image581.png,43,543,74,571,0.302490,47
20150919_174730_image581.png,354,263,386,292,0.297119,49
20150919_174730_image581.png,194,562,224,591,0.281250,47
20150919_174730_image581.png,354,262,388,292,0.279541,47
20150919_174730_image581.png,406,804,431,830,0.278809,47
20150919_174730_image581.png,414,146,439,171,0.270752,49
20150919_174730_image581.png,489,674,516,706,0.262695,47
20150919_174730_image581.png,464,219,494,258,0.260986,49
20150919_174730_image581.png,459,253,488,276,0.258057,49
20150919_174730_image581.png,351,178,382,206,0.256104,49
20150919_174730_image581.png,265,375,301,405,0.255127,47
20150919_174730_image581.png,579,400,605,423,0.250977,49
20150919_174730_image581.png,274,562,304,596,0.250732,47
20150919_174151_image221.png,170,54,213,103,0.662598,47
20150919_174151_image221.png,276,319,324,358,0.590820,47
20150919_174151_image221.png,630,192,678,237,0.536133,47
20150919_174151_image221.png,611,109,641,145,0.491699,47
20150919_174151_image221.png,298,150,336,198,0.490479,47
20150919_174151_image221.png,234,248,276,294,0.484375,47
20150919_174151_image221.png,130,860,168,894,0.471191,47
20150919_174151_image221.png,69,310,126,352,0.452637,47
20150919_174151_image221.png,286,797,331,843,0.447266,47
20150919_174151_image221.png,584,339,632,386,0.441162,47
20150919_174151_image221.png,105,239,143,280,0.431885,47
20150919_174151_image221.png,376,2,418,46,0.428467,47
20150919_174151_image221.png,603,377,645,415,0.372070,47
20150919_174151_image221.png,590,0,621,18,0.367920,47
20150919_174151_image221.png,289,746,321,778,0.360352,47
20150919_174151_image221.png,470,60,498,85,0.360352,47
20150919_174151_image221.png,489,31,527,70,0.358887,47
20150919_174151_image221.png,175,152,212,190,0.356445,47
20150919_174151_image221.png,0,980,32,1022,0.354492,49
20150919_174151_image221.png,458,20,494,59,0.349365,47
20150919_174151_image221.png,497,823,541,879,0.332275,47
20150919_174151_image221.png,68,34,100,62,0.323730,47
20150919_174151_image221.png,266,139,301,181,0.319092,47
20150919_174151_image221.png,626,406,667,447,0.307861,47
20150919_174151_image221.png,10,128,41,158,0.305664,47
20150919_174151_image221.png,332,834,378,888,0.288330,47
20150919_174151_image221.png,293,81,338,133,0.266846,47
20150919_174151_image221.png,292,82,338,131,0.259766,49
20150919_174730_image46.png,666,257,708,292,0.587402,47
20150919_174730_image46.png,464,430,491,476,0.434570,47
20150919_174730_image46.png,660,420,692,450,0.425781,49
20150919_174730_image46.png,660,421,690,450,0.396973,47
20150919_174730_image46.png,684,392,711,416,0.255615,47
20150921_131346_image721.png,396,1153,444,1205,0.565430,47
20150921_131346_image721.png,63,962,98,992,0.474854,47
20150921_131346_image721.png,213,587,248,624,0.449463,47
20150921_131346_image721.png,458,560,494,594,0.440186,47
20150921_131346_image721.png,450,408,487,443,0.399414,47
20150921_131346_image721.png,236,470,266,502,0.388184,47
20150921_131346_image721.png,333,454,378,508,0.384766,47
20150921_131346_image721.png,307,652,335,683,0.375732,47
20150921_131346_image721.png,168,848,206,879,0.368652,49
20150921_131346_image721.png,181,570,216,599,0.367188,47
20150921_131346_image721.png,248,354,286,396,0.348389,47
20150921_131346_image721.png,70,648,102,678,0.343506,49
20150921_131346_image721.png,393,216,421,245,0.285156,49
20150921_131346_image721.png,391,870,425,902,0.280518,47
20150921_131346_image721.png,238,572,285,613,0.263672,47
20150921_132245_image501.png,332,372,362,400,0.430420,47
20150921_132245_image501.png,324,520,354,548,0.355225,47
20150921_132245_image501.png,386,508,428,544,0.341309,47
20150921_132245_image501.png,258,850,361,928,0.314209,47
20150921_132245_image501.png,1,849,37,885,0.288086,47
20150921_131833_image96.png,228,668,263,704,0.634277,47
20150921_131833_image96.png,66,622,118,664,0.632812,47
20150921_131833_image96.png,44,778,85,814,0.612305,47
20150921_131833_image96.png,160,625,203,672,0.609863,47
20150921_131833_image96.png,222,564,260,604,0.583984,47
20150921_131833_image96.png,197,386,224,417,0.547852,47
20150921_131833_image96.png,166,792,203,824,0.535645,47
20150921_131833_image96.png,35,81,77,151,0.413818,9
20150921_131833_image96.png,110,506,160,553,0.411133,47
20150921_131833_image96.png,187,288,240,347,0.399414,47
20150919_174151_image131.png,504,672,550,718,0.554688,47
20150919_174151_image131.png,620,307,662,347,0.535645,47
20150919_174151_image131.png,90,230,126,270,0.523926,47
20150919_174151_image131.png,480,842,518,874,0.492676,47
20150919_174151_image131.png,192,292,218,320,0.446533,47
20150919_174151_image131.png,183,378,222,417,0.425049,49
20150919_174151_image131.png,257,686,284,716,0.420166,47
20150919_174151_image131.png,358,169,394,198,0.415039,47
20150919_174151_image131.png,310,446,337,474,0.413574,47
20150919_174151_image131.png,324,357,352,385,0.406738,47
20150919_174151_image131.png,423,144,454,181,0.399170,47
20150919_174151_image131.png,176,740,200,764,0.397705,47
20150919_174151_image131.png,449,766,488,808,0.396240,49
20150919_174151_image131.png,54,476,89,514,0.391357,47
20150919_174151_image131.png,263,253,289,284,0.387939,47
20150919_174151_image131.png,445,575,480,609,0.364746,49
20150919_174151_image131.png,0,107,25,143,0.361328,47
20150919_174151_image131.png,504,672,550,716,0.357178,49
20150919_174151_image131.png,26,232,52,258,0.352783,47
20150919_174151_image131.png,448,766,487,806,0.340332,47
20150919_174151_image131.png,83,465,112,504,0.336670,47
20150919_174151_image131.png,302,703,338,740,0.333252,47
20150919_174151_image131.png,66,139,100,185,0.331543,47
20150919_174151_image131.png,491,582,531,618,0.325439,47
20150919_174151_image131.png,360,694,398,736,0.322998,47
20150919_174151_image131.png,623,590,658,628,0.319336,47
20150919_174151_image131.png,269,627,304,662,0.316406,47
20150919_174151_image131.png,361,268,388,294,0.315430,47
20150919_174151_image131.png,119,138,149,172,0.303955,47
20150919_174151_image131.png,284,288,312,314,0.289307,47
20150919_174151_image131.png,458,732,492,763,0.274658,49
20150919_174151_image131.png,562,226,588,252,0.260986,47
20150919_174151_image131.png,585,542,620,582,0.252441,47
20150919_174151_image131.png,458,732,492,764,0.250732,47
20150919_174151_image131.png,444,574,482,610,0.250488,47
20150921_132038_image686.png,659,768,704,814,0.635742,47
20150921_132038_image686.png,290,1057,324,1091,0.534180,47
20150921_132038_image686.png,220,1110,259,1148,0.519043,47
20150921_132038_image686.png,381,1047,416,1081,0.487061,49
20150921_132038_image686.png,534,1173,579,1217,0.470459,49
20150921_132038_image686.png,557,580,590,615,0.467773,47
20150921_132038_image686.png,518,1081,556,1115,0.424316,47
20150921_132038_image686.png,515,692,550,724,0.417725,47
20150921_132038_image686.png,228,957,260,991,0.411621,49
20150921_132038_image686.png,32,1094,69,1128,0.395996,47
20150921_132038_image686.png,496,1046,534,1088,0.391357,47
20150921_132038_image686.png,618,1111,660,1149,0.360352,47
20150921_132038_image686.png,404,980,435,1011,0.346436,47
20150921_132038_image686.png,137,972,171,1009,0.333008,47
20150921_132038_image686.png,228,958,260,990,0.325195,47
20150921_132038_image686.png,136,972,170,1006,0.319092,49
20150921_132038_image686.png,491,558,520,596,0.315918,47
20150921_132038_image686.png,528,530,554,557,0.293701,47
20150921_132038_image686.png,563,610,602,644,0.284424,47
20150921_132038_image686.png,558,584,598,640,0.270508,47
20150921_132038_image686.png,256,609,300,674,0.260498,47
20150921_131729_image676.png,50,608,95,657,0.670898,47
20150921_131729_image676.png,292,269,336,313,0.664551,47
20150921_131729_image676.png,51,445,112,494,0.662598,47
20150921_131729_image676.png,299,212,345,258,0.614258,47
20150921_131729_image676.png,230,538,268,580,0.567871,47
20150921_131729_image676.png,94,600,132,644,0.498535,47
20150921_131729_image676.png,233,410,270,444,0.491455,47
20150921_131729_image676.png,227,244,275,283,0.486328,47
20150921_131729_image676.png,208,278,234,312,0.484619,47
20150921_131729_image676.png,472,953,514,994,0.447021,47
20150921_131729_image676.png,373,366,410,406,0.426758,47
20150921_131729_image676.png,114,853,149,893,0.410156,47
20150921_131729_image676.png,0,548,24,586,0.403320,47
20150921_131729_image676.png,410,445,443,476,0.370117,47
20150921_131729_image676.png,335,581,360,624,0.361816,47
20150921_131729_image676.png,382,551,418,587,0.345215,47
20150921_131729_image676.png,231,1159,268,1197,0.336670,47
20150921_131729_image676.png,268,471,312,513,0.332764,47
20150921_131729_image676.png,437,451,468,479,0.315186,47
20150921_131729_image676.png,544,898,570,932,0.311279,49
20150921_131729_image676.png,258,244,290,280,0.306885,47
20150921_131729_image676.png,144,1083,178,1113,0.284180,49
20150921_131729_image676.png,371,588,400,620,0.279541,49
20150921_131729_image676.png,372,587,401,619,0.273193,47
20150921_131729_image676.png,362,158,395,199,0.254395,47
20150919_174151_image166.png,313,248,352,288,0.563965,47
20150919_174151_image166.png,632,167,669,203,0.562012,47
20150919_174151_image166.png,188,111,238,151,0.551758,47
20150919_174151_image166.png,325,321,363,362,0.473145,47
20150919_174151_image166.png,392,405,430,443,0.443359,47
20150919_174151_image166.png,526,746,566,786,0.440186,47
20150919_174151_image166.png,611,744,651,784,0.427734,47
20150919_174151_image166.png,61,291,100,328,0.416748,47
20150919_174151_image166.png,430,273,458,307,0.387207,47
20150919_174151_image166.png,454,475,480,503,0.386230,47
20150919_174151_image166.png,168,246,196,275,0.385498,47
20150919_174151_image166.png,554,191,587,221,0.378906,47
20150919_174151_image166.png,548,289,580,325,0.376221,47
20150919_174151_image166.png,103,184,128,211,0.370605,47
20150919_174151_image166.png,0,113,32,146,0.369385,47
20150919_174151_image166.png,680,614,716,648,0.366211,47
20150919_174151_image166.png,154,129,188,163,0.363037,47
20150919_174151_image166.png,101,72,126,97,0.321289,47
20150919_174151_image166.png,686,706,718,746,0.317139,47
20150919_174151_image166.png,496,388,522,414,0.316406,47
20150919_174151_image166.png,220,476,258,519,0.310791,49
20150919_174151_image166.png,393,406,432,444,0.310547,49
20150919_174151_image166.png,674,289,700,318,0.310059,47
20150919_174151_image166.png,490,666,526,702,0.307129,47
20150919_174151_image166.png,247,250,276,281,0.305908,47
20150919_174151_image166.png,682,614,718,646,0.298828,49
20150919_174151_image166.png,304,148,334,187,0.282471,47
20150919_174151_image166.png,220,476,260,518,0.266113,47
20150919_174151_image166.png,480,766,506,792,0.257080,47
20150919_174151_image166.png,470,531,490,560,0.251709,47
20150921_132245_image701.png,209,572,250,614,0.510254,47
20150921_132245_image701.png,560,396,595,434,0.385498,47
20150921_132245_image701.png,549,430,584,482,0.270020,47
20150921_132245_image701.png,432,306,492,373,0.254395,14
20150921_131833_image91.png,278,661,314,699,0.663574,47
20150921_131833_image91.png,197,622,247,670,0.652832,47
20150921_131833_image91.png,270,561,306,602,0.602539,47
20150921_131833_image91.png,202,786,243,822,0.550293,47
20150921_131833_image91.png,156,506,205,552,0.525879,47
20150921_131833_image91.png,234,385,266,416,0.464844,47
20150921_131833_image91.png,112,619,163,659,0.378906,47
20150921_131833_image91.png,87,770,132,810,0.353760,47
20150921_131833_image91.png,228,289,282,350,0.336670,47
20150921_131833_image91.png,216,536,247,561,0.270508,47
20150921_132245_image401.png,247,726,286,766,0.483643,47
20150921_132245_image401.png,682,626,718,706,0.286377,10
20150921_132245_image401.png,399,411,427,440,0.270508,47
20150919_174730_image186.png,355,553,396,587,0.513184,49
20150919_174730_image186.png,522,348,548,370,0.464355,49
20150919_174730_image186.png,678,868,717,898,0.254395,49
20150921_131234_image571.png,588,377,626,417,0.546387,47
20150921_131234_image571.png,653,712,675,738,0.358398,47
20150921_131833_image431.png,415,1011,455,1065,0.646484,47
20150921_131833_image431.png,447,665,480,699,0.560547,47
20150921_131833_image431.png,307,470,347,516,0.537109,47
20150921_131833_image431.png,365,249,398,285,0.532715,47
20150921_131833_image431.png,324,364,375,411,0.487305,47
20150921_131833_image431.png,406,360,466,408,0.439453,47
20150921_131833_image431.png,296,996,324,1024,0.430908,47
20150921_131833_image431.png,508,606,544,642,0.430420,47
20150921_131833_image431.png,352,665,384,712,0.426025,47
20150921_131833_image431.png,374,404,412,448,0.392822,47
20150921_131833_image431.png,536,404,560,432,0.385742,47
20150921_131833_image431.png,422,453,458,494,0.379883,47
20150921_131833_image431.png,674,954,709,996,0.371338,47
20150921_131833_image431.png,132,1228,165,1258,0.344482,47
20150921_131833_image431.png,357,369,387,413,0.337646,47
20150921_131833_image431.png,488,632,523,669,0.329834,47
20150921_131833_image431.png,520,1004,548,1043,0.323242,47
20150921_131833_image431.png,644,467,665,494,0.305664,47
20150921_131833_image431.png,494,1008,524,1044,0.292969,47
20150921_131833_image431.png,443,105,481,150,0.292725,47
20150921_131833_image431.png,318,781,352,818,0.266113,47
20150921_131833_image431.png,650,1105,688,1145,0.261230,47
20150921_131833_image431.png,262,581,288,609,0.260254,47
20150921_131453_image96.png,504,204,564,259,0.609863,47
20150921_131453_image96.png,492,926,528,976,0.562012,47
20150921_131453_image96.png,463,348,504,399,0.532227,47
20150921_131453_image96.png,354,1214,393,1254,0.524414,47
20150921_131453_image96.png,376,1010,413,1052,0.518066,47
20150921_131453_image96.png,377,202,419,252,0.468262,47
20150921_131453_image96.png,374,367,417,402,0.443604,47
20150921_131453_image96.png,140,600,170,626,0.432129,47
20150921_131453_image96.png,452,752,484,790,0.427979,47
20150921_131453_image96.png,322,1050,392,1100,0.401123,47
20150921_131453_image96.png,576,620,608,652,0.357666,49
20150921_131453_image96.png,67,350,105,384,0.302002,47
20150921_131453_image96.png,575,840,614,896,0.270752,47
20150919_174730_image76.png,44,512,72,548,0.470947,47
20150919_174730_image76.png,72,510,98,536,0.341553,47
20150921_131453_image186.png,512,632,560,676,0.607422,47
20150921_131453_image186.png,350,742,394,792,0.586914,47
20150921_131453_image186.png,652,293,692,328,0.566406,47
20150921_131453_image186.png,392,103,435,148,0.515137,47
20150921_131453_image186.png,342,654,378,694,0.512207,47
20150921_131453_image186.png,135,543,172,581,0.498535,47
20150921_131453_image186.png,605,273,645,310,0.465088,47
20150921_131453_image186.png,464,675,497,709,0.460449,47
20150921_131453_image186.png,408,419,442,464,0.436523,47
20150921_131453_image186.png,386,337,430,380,0.429688,47
20150921_131453_image186.png,616,730,642,756,0.416748,47
20150921_131453_image186.png,283,293,313,323,0.390869,47
20150921_131453_image186.png,529,512,556,546,0.390381,47
20150921_131453_image186.png,388,231,415,266,0.377930,47
20150921_131453_image186.png,245,602,280,636,0.349121,47
20150921_131453_image186.png,511,277,537,302,0.329102,47
20150921_131453_image186.png,382,738,414,772,0.296387,47
20150921_131453_image186.png,358,336,383,367,0.270752,47
20150921_131453_image186.png,624,468,650,493,0.265381,47
20150921_131453_image186.png,710,351,720,384,0.264404,47
20150921_131453_image186.png,570,316,600,341,0.263184,47
20150921_131453_image186.png,427,163,466,215,0.262451,47
20150921_131453_image186.png,244,601,279,636,0.260986,49
20150921_131453_image186.png,632,1019,668,1065,0.260986,47
20150921_131453_image186.png,428,0,476,35,0.255371,47
20150921_132038_image361.png,481,470,520,510,0.679688,47
20150921_132038_image361.png,618,141,666,192,0.653320,47
20150921_132038_image361.png,460,420,504,453,0.582520,47
20150921_132038_image361.png,593,370,631,416,0.578125,47
20150921_132038_image361.png,241,744,272,790,0.570312,47
20150921_132038_image361.png,56,1131,99,1177,0.548828,47
20150921_132038_image361.png,317,446,348,470,0.526855,47
20150921_132038_image361.png,298,660,335,698,0.526367,47
20150921_132038_image361.png,564,513,604,548,0.525391,47
20150921_132038_image361.png,626,351,666,398,0.503906,47
20150921_132038_image361.png,441,294,474,321,0.447266,47
20150921_132038_image361.png,546,830,580,864,0.434814,47
20150921_132038_image361.png,490,331,524,363,0.429443,47
20150921_132038_image361.png,385,374,406,404,0.412354,47
20150921_132038_image361.png,549,639,576,674,0.412354,47
20150921_132038_image361.png,586,312,604,343,0.399902,47
20150921_132038_image361.png,243,420,272,452,0.372314,47
20150921_132038_image361.png,617,541,643,576,0.335449,47
20150921_132038_image361.png,469,273,504,310,0.324463,47
20150921_132038_image361.png,634,206,669,247,0.280029,47
20150921_132038_image361.png,329,624,361,664,0.276611,47
20150921_132038_image361.png,248,654,284,692,0.272217,47
20150921_132038_image361.png,32,1038,69,1094,0.257324,47
20150921_131234_image641.png,152,802,180,828,0.466064,47
20150921_131234_image641.png,221,986,253,1018,0.366211,47
20150921_131234_image641.png,258,899,296,932,0.361816,47
20150921_131234_image641.png,297,866,332,898,0.332520,47
20150921_132038_image341.png,594,430,636,480,0.591309,47
20150921_132038_image341.png,192,1085,231,1127,0.532227,47
20150921_132038_image341.png,425,413,454,438,0.502930,47
20150921_132038_image341.png,352,387,380,422,0.488770,47
20150921_132038_image341.png,546,256,580,288,0.478516,47
20150921_132038_image341.png,570,381,620,420,0.434814,47
20150921_132038_image341.png,544,650,576,680,0.413330,47
20150921_132038_image341.png,605,296,633,328,0.402588,47
20150921_132038_image341.png,576,237,610,270,0.366455,47
20150921_132038_image341.png,5,498,33,524,0.360596,47
20150921_132038_image341.png,694,270,719,305,0.357178,47
20150921_132038_image341.png,438,586,467,624,0.354980,47
20150921_132038_image341.png,417,624,445,654,0.342041,47
20150921_132038_image341.png,682,786,718,815,0.266602,47
20150921_132038_image341.png,474,586,502,616,0.263916,47
20150921_132038_image341.png,537,520,574,556,0.260986,47
20150921_132038_image341.png,708,346,720,378,0.258789,47
20150921_132038_image41.png,492,551,520,587,0.539551,47
20150921_132038_image41.png,190,842,224,878,0.447510,47
20150921_132038_image41.png,542,1088,576,1122,0.350098,47
20150921_132038_image41.png,469,1160,505,1192,0.340820,47
20150921_132038_image41.png,456,510,483,540,0.340576,47
20150921_132038_image41.png,482,1003,508,1047,0.328369,47
20150921_132038_image41.png,613,1051,639,1077,0.304199,47
20150921_132038_image41.png,83,370,101,394,0.299072,9
20150921_132038_image41.png,680,1133,706,1167,0.298828,47
20150921_132038_image41.png,210,554,253,632,0.276611,9
20150921_132038_image41.png,210,554,252,601,0.272461,47
20150921_132038_image41.png,558,1055,584,1081,0.254395,47
20150919_174730_image436.png,628,796,662,831,0.544922,49
20150919_174730_image436.png,578,379,618,411,0.543457,49
20150919_174730_image436.png,392,506,418,530,0.509766,49
20150919_174730_image436.png,677,425,701,455,0.476318,49
20150919_174730_image436.png,564,349,610,394,0.450439,49
20150919_174730_image436.png,604,448,633,474,0.431396,49
20150919_174730_image436.png,546,190,575,222,0.430420,49
20150919_174730_image436.png,564,362,622,409,0.315186,49
20150919_174730_image436.png,661,1022,695,1057,0.299316,47
20150919_174730_image436.png,240,429,266,457,0.290283,47
20150919_174730_image436.png,8,617,33,643,0.279541,47
20150919_174730_image436.png,690,694,718,716,0.276611,49
20150919_174730_image436.png,239,428,266,456,0.261230,49
20150919_174730_image436.png,53,728,75,756,0.250244,49
20150919_174151_image61.png,412,663,454,700,0.533203,47
20150919_174151_image61.png,164,441,191,470,0.481201,47
20150919_174151_image61.png,372,542,417,586,0.476562,47
20150919_174151_image61.png,416,201,459,246,0.451904,47
20150919_174151_image61.png,337,503,384,547,0.440186,49
20150919_174151_image61.png,606,648,644,684,0.436523,47
20150919_174151_image61.png,51,634,88,675,0.433594,47
20150919_174151_image61.png,541,229,583,279,0.424561,47
20150919_174151_image61.png,333,640,371,674,0.423828,47
20150919_174151_image61.png,642,320,682,360,0.413086,49
20150919_174151_image61.png,472,660,509,691,0.394043,47
20150919_174151_image61.png,84,661,122,697,0.386963,47
20150919_174151_image61.png,253,564,293,606,0.376709,49
20150919_174151_image61.png,647,800,682,836,0.359131,47
20150919_174151_image61.png,694,300,720,344,0.354736,49
20150919_174151_image61.png,98,547,132,580,0.318115,49
20150919_174151_image61.png,542,229,582,279,0.317139,49
20150919_174151_image61.png,478,390,509,422,0.314941,47
20150919_174151_image61.png,415,243,448,277,0.302734,47
20150919_174151_image61.png,452,368,480,396,0.287354,47
20150919_174151_image61.png,691,409,720,454,0.268066,49
20150919_174151_image61.png,476,390,508,422,0.265869,49
20150919_174151_image61.png,594,692,634,732,0.254150,47
20150919_174730_image221.png,614,572,658,608,0.460205,47
20150919_174730_image221.png,596,458,626,483,0.277344,49
20150919_174730_image221.png,595,559,624,589,0.260498,47
20150921_131346_image911.png,189,716,220,756,0.513184,47
20150921_131346_image911.png,124,795,168,831,0.509277,47
20150921_131346_image911.png,196,640,222,674,0.461670,47
20150921_131346_image911.png,424,677,468,706,0.421387,47
20150921_131346_image911.png,244,358,278,387,0.357422,47
20150921_131346_image911.png,246,477,284,516,0.320312,47
20150921_131833_image466.png,305,1049,358,1103,0.693848,47
20150921_131833_image466.png,610,948,648,990,0.585449,47
20150921_131833_image466.png,290,320,320,353,0.519043,47
20150921_131833_image466.png,579,666,608,708,0.483887,47
20150921_131833_image466.png,307,622,339,666,0.476807,47
20150921_131833_image466.png,280,696,318,764,0.475098,47
20150921_131833_image466.png,446,652,481,690,0.468750,47
20150921_131833_image466.png,348,421,396,460,0.450928,47
20150921_131833_image466.png,531,1114,562,1146,0.382080,47
20150921_131833_image466.png,506,1050,534,1086,0.361084,47
20150921_131833_image466.png,388,712,424,746,0.358398,47
20150921_131833_image466.png,611,996,651,1044,0.305664,47
20150921_131833_image466.png,452,1144,480,1174,0.302490,47
20150921_131833_image466.png,482,1055,510,1087,0.280029,47
20150921_131833_image466.png,266,750,292,790,0.270020,47
20150921_131833_image466.png,240,527,278,572,0.263428,47
20150921_131833_image466.png,420,842,450,894,0.254883,47
20150921_131833_image466.png,620,1149,658,1179,0.252930,47
20150919_174730_image121.png,410,574,440,602,0.403809,47
20150919_174730_image121.png,218,844,252,876,0.332520,47
20150919_174730_image121.png,220,844,252,878,0.307861,49
20150919_174730_image121.png,53,506,79,530,0.299561,47
20150919_174730_image121.png,434,785,494,909,0.287842,10
20150919_174730_image121.png,2,594,23,627,0.281494,47
20150921_131234_image481.png,375,468,416,512,0.590820,47
20150921_131234_image481.png,160,610,196,644,0.553711,47
20150921_131234_image481.png,514,116,557,162,0.505371,47
20150921_131234_image481.png,576,374,603,408,0.468750,47
20150921_131234_image481.png,586,254,618,290,0.437256,47
20150921_131234_image481.png,515,252,547,282,0.425781,47
20150921_131234_image481.png,659,443,697,482,0.415527,47
20150921_131234_image481.png,413,303,446,337,0.409180,47
20150921_131234_image481.png,376,432,404,471,0.387695,47
20150921_131234_image481.png,673,577,717,619,0.372314,47
20150921_131234_image481.png,480,143,510,182,0.362061,47
20150921_131234_image481.png,357,511,395,549,0.352783,47
20150921_131234_image481.png,383,173,417,210,0.350586,47
20150921_131234_image481.png,425,108,464,146,0.346924,47
20150921_131234_image481.png,666,291,694,325,0.339111,47
20150921_131234_image481.png,705,629,720,658,0.299316,49
20150921_131234_image481.png,364,276,392,312,0.296875,47
20150921_131234_image481.png,609,401,652,437,0.267090,47
20150921_132038_image96.png,656,253,704,291,0.488037,47
20150921_132038_image96.png,596,383,622,406,0.473389,47
20150921_132038_image96.png,282,1174,311,1204,0.466553,49
20150921_132038_image96.png,228,1066,262,1098,0.431396,47
20150921_132038_image96.png,177,988,213,1032,0.397705,47
20150921_132038_image96.png,1,262,30,297,0.374023,47
20150921_132038_image96.png,37,586,67,624,0.356689,47
20150921_132038_image96.png,372,1025,400,1051,0.346436,47
20150921_132038_image96.png,647,386,668,406,0.315430,47
20150921_132038_image96.png,358,1096,381,1126,0.313477,49
20150921_132038_image96.png,227,895,261,921,0.306396,47
20150921_132038_image96.png,520,396,544,430,0.305176,47
20150921_132038_image96.png,138,508,165,536,0.300781,47
20150921_132038_image96.png,309,1022,333,1046,0.300537,47
20150921_132038_image96.png,633,1002,657,1026,0.300049,49
20150921_132038_image96.png,151,994,206,1043,0.292480,47
20150921_132038_image96.png,582,439,603,468,0.268066,47
20150921_132038_image96.png,144,1134,177,1174,0.267578,47
20150921_132038_image96.png,676,440,692,463,0.264893,47
20150921_132038_image96.png,161,548,186,578,0.257324,47
20150921_132038_image96.png,164,449,190,476,0.252197,47
20150919_174151_image146.png,612,711,660,756,0.598145,47
20150919_174151_image146.png,590,882,632,920,0.541504,47
20150919_174151_image146.png,446,727,486,766,0.521484,49
20150919_174151_image146.png,61,103,104,141,0.500977,47
20150919_174151_image146.png,172,237,212,278,0.419922,47
20150919_174151_image146.png,510,692,548,732,0.416260,47
20150919_174151_image146.png,571,769,608,803,0.410400,47
20150919_174151_image146.png,530,606,564,640,0.407715,47
20150919_174151_image146.png,510,168,541,203,0.405273,47
20150919_174151_image146.png,578,618,614,654,0.403076,47
20150919_174151_image146.png,257,394,296,432,0.384033,49
20150919_174151_image146.png,184,312,225,352,0.374023,47
20150919_174151_image146.png,336,650,379,688,0.368408,49
20150919_174151_image146.png,373,732,413,769,0.360840,49
20150919_174151_image146.png,199,762,225,788,0.329834,47
20150919_174151_image146.png,558,804,604,848,0.328857,49
20150919_174151_image146.png,560,804,602,848,0.321533,47
20150919_174151_image146.png,50,456,89,499,0.314697,47
20150919_174151_image146.png,324,270,352,302,0.310303,47
20150919_174151_image146.png,15,168,41,196,0.299072,47
20150919_174151_image146.png,190,144,218,179,0.297852,47
20150919_174151_image146.png,699,580,720,622,0.280762,49
20150919_174151_image146.png,37,666,79,704,0.280518,47
20150919_174151_image146.png,54,455,90,497,0.278809,49
20150919_174151_image146.png,384,380,415,408,0.274170,49
20150919_174151_image146.png,326,713,354,742,0.265869,47
20150919_174151_image146.png,634,255,666,285,0.263672,47
20150919_174151_image146.png,391,802,420,834,0.255615,47
20150919_174730_image286.png,71,405,98,427,0.268066,49
20150919_174730_image411.png,261,444,290,472,0.535156,49
20150919_174730_image411.png,558,419,588,448,0.509277,49
20150919_174730_image411.png,377,388,411,419,0.500488,49
20150919_174730_image411.png,423,349,460,378,0.447998,49
20150919_174730_image411.png,485,431,513,460,0.428955,49
20150919_174730_image411.png,360,363,396,397,0.426514,49
20150919_174730_image411.png,327,221,357,252,0.407715,47
20150919_174730_image411.png,361,366,408,417,0.348633,49
20150919_174730_image411.png,468,970,500,994,0.340088,49
20150919_174730_image411.png,430,760,457,793,0.319824,47
20150919_174730_image411.png,427,760,456,792,0.317139,49
20150919_174730_image411.png,604,492,637,524,0.301514,49
20150919_174730_image411.png,143,529,169,552,0.281494,49
20150919_174730_image411.png,427,265,457,292,0.253906,47
20150919_174730_image411.png,602,461,638,486,0.253662,49
20150921_131453_image391.png,315,1076,361,1122,0.686523,47
20150921_131453_image391.png,40,915,86,966,0.654297,47
20150921_131453_image391.png,376,684,424,733,0.617676,47
20150921_131453_image391.png,596,894,646,942,0.613770,47
20150921_131453_image391.png,255,512,296,557,0.613281,47
20150921_131453_image391.png,3,1065,39,1109,0.607422,47
20150921_131453_image391.png,538,174,578,212,0.602051,47
20150921_131453_image391.png,434,438,483,498,0.566406,47
20150921_131453_image391.png,252,650,288,688,0.551758,47
20150921_131453_image391.png,579,224,613,256,0.527832,47
20150921_131453_image391.png,35,1137,68,1171,0.510254,49
20150921_131453_image391.png,456,675,496,721,0.505371,47
20150921_131453_image391.png,226,1079,259,1123,0.478516,47
20150921_131453_image391.png,80,596,116,644,0.447266,47
20150921_131453_image391.png,565,443,620,496,0.444336,47
20150921_131453_image391.png,514,262,562,312,0.442627,47
20150921_131453_image391.png,619,420,661,462,0.441162,47
20150921_131453_image391.png,552,778,590,812,0.440918,47
20150921_131453_image391.png,404,65,443,114,0.424072,47
20150921_131453_image391.png,636,635,701,676,0.422607,47
20150921_131453_image391.png,69,1050,91,1090,0.388184,47
20150921_131453_image391.png,266,554,300,590,0.362305,47
20150921_131453_image391.png,227,646,254,682,0.362305,47
20150921_131453_image391.png,85,367,119,404,0.336914,47
20150921_131453_image391.png,378,1161,411,1195,0.327637,47
20150921_131453_image391.png,112,1005,137,1028,0.319824,47
20150921_131453_image391.png,368,584,393,610,0.318359,47
20150921_131453_image391.png,556,494,592,532,0.305664,47
20150921_131453_image391.png,612,1177,642,1211,0.274658,47
20150921_131453_image391.png,411,508,446,544,0.256348,47
20150919_174151_image196.png,509,125,550,166,0.564941,47
20150919_174151_image196.png,210,837,250,881,0.497803,47
20150919_174151_image196.png,10,803,54,847,0.489258,47
20150919_174151_image196.png,601,102,642,144,0.478760,47
20150919_174151_image196.png,486,740,528,790,0.472900,47
20150919_174151_image196.png,73,377,111,414,0.461914,47
20150919_174151_image196.png,432,304,475,344,0.449219,47
20150919_174151_image196.png,388,353,418,388,0.446045,47
20150919_174151_image196.png,238,902,268,934,0.426270,47
20150919_174151_image196.png,359,464,388,494,0.409180,47
20150919_174151_image196.png,174,156,203,188,0.408691,47
20150919_174151_image196.png,245,43,276,78,0.405029,47
20150919_174151_image196.png,313,436,353,474,0.400635,47
20150919_174151_image196.png,546,742,582,780,0.398438,47
20150919_174151_image196.png,485,261,513,292,0.390625,47
20150919_174151_image196.png,394,78,422,106,0.385986,47
20150919_174151_image196.png,340,273,385,312,0.382080,47
20150919_174151_image196.png,197,242,223,270,0.344971,47
20150919_174151_image196.png,67,229,102,273,0.339111,47
20150919_174151_image196.png,276,47,306,84,0.335205,47
20150919_174151_image196.png,46,173,87,214,0.299316,47
20150919_174151_image196.png,610,757,658,801,0.287109,49
20150919_174151_image196.png,342,273,384,314,0.262695,49
20150919_174151_image196.png,293,402,333,444,0.259766,47
20150919_174151_image196.png,7,758,40,788,0.259521,47
20150919_174151_image196.png,185,93,233,135,0.252197,47
20150921_131833_image391.png,0,310,21,344,0.467529,47
20150921_131833_image391.png,165,142,236,201,0.401123,47
20150921_131833_image391.png,2,476,30,508,0.312988,47
20150921_131833_image391.png,0,438,32,512,0.309326,47
20150921_131833_image391.png,355,330,386,364,0.304932,47
20150919_174730_image471.png,514,476,543,504,0.459229,49
20150919_174730_image471.png,1,580,31,612,0.328857,49
20150919_174730_image471.png,701,548,720,581,0.318359,49
20150919_174730_image471.png,248,679,278,708,0.311523,49
20150919_174730_image471.png,417,614,441,638,0.304688,49
20150919_174730_image471.png,207,617,235,643,0.301514,49
20150919_174730_image471.png,258,619,282,640,0.289795,49
20150921_131729_image116.png,416,410,466,464,0.675293,47
20150921_131729_image116.png,630,17,686,76,0.617188,47
20150921_131729_image116.png,427,296,470,338,0.357422,47
20150921_131729_image116.png,472,666,510,728,0.344482,47
20150919_174730_image736.png,9,772,55,816,0.568359,47
20150919_174730_image736.png,334,414,365,443,0.557129,49
20150919_174730_image736.png,562,235,604,273,0.509277,49
20150919_174730_image736.png,231,256,265,286,0.504395,49
20150919_174730_image736.png,306,56,347,92,0.502441,49
20150919_174730_image736.png,286,214,314,239,0.498291,49
20150919_174730_image736.png,650,706,700,749,0.458740,49
20150919_174730_image736.png,530,240,566,278,0.451904,49
20150919_174730_image736.png,282,140,312,176,0.447266,49
20150919_174730_image736.png,101,553,131,582,0.445312,49
20150919_174730_image736.png,113,510,138,539,0.442139,49
20150919_174730_image736.png,280,180,311,212,0.420654,49
20150919_174730_image736.png,581,270,610,305,0.413330,49
20150919_174730_image736.png,475,545,499,571,0.362793,49
20150919_174730_image736.png,237,638,279,683,0.360352,49
20150919_174730_image736.png,650,705,700,750,0.360352,47
20150919_174730_image736.png,268,246,294,270,0.351074,49
20150919_174730_image736.png,255,757,293,794,0.326904,49
20150919_174730_image736.png,438,544,466,578,0.322021,47
20150919_174730_image736.png,459,190,494,225,0.313232,49
20150919_174730_image736.png,431,177,467,207,0.311035,49
20150919_174730_image736.png,388,410,417,435,0.303955,49
20150919_174730_image736.png,377,172,416,209,0.299805,49
20150919_174730_image736.png,538,205,568,238,0.293701,49
20150919_174730_image736.png,473,544,500,572,0.291504,47
20150919_174730_image736.png,376,172,415,211,0.279541,47
20150919_174730_image736.png,254,758,292,794,0.263916,47
20150921_131833_image166.png,449,669,481,708,0.521973,47
20150921_131833_image166.png,481,676,516,713,0.503906,47
20150921_131833_image166.png,570,500,612,538,0.483154,47
20150921_131833_image166.png,479,840,522,888,0.442383,47
20150921_131833_image166.png,524,242,598,313,0.374512,47
20150921_131833_image166.png,504,882,548,924,0.369141,47
20150921_131833_image166.png,177,745,216,817,0.366211,47
20150921_131833_image166.png,532,534,568,570,0.333252,47
20150921_131833_image166.png,644,662,672,694,0.283691,47
20150921_131833_image166.png,638,964,700,1009,0.274414,2
20150921_131833_image166.png,576,210,618,255,0.269287,47
20150921_131625_image681.png,242,731,281,765,0.610840,47
20150921_131625_image681.png,183,766,224,804,0.546387,47
20150921_131625_image681.png,193,593,229,626,0.421875,47
20150921_131625_image681.png,84,806,118,833,0.388428,49
20150921_131625_image681.png,116,552,155,589,0.350342,47
20150921_131625_image681.png,133,908,166,940,0.315674,49
20150921_131625_image681.png,96,577,124,617,0.262939,47
20150921_131625_image681.png,288,805,318,843,0.261963,47
20150921_131625_image681.png,672,516,720,564,0.250244,47
20150921_131234_image36.png,387,285,429,328,0.544434,47
20150921_131234_image36.png,686,468,720,516,0.523926,47
20150921_131234_image36.png,452,240,482,276,0.496582,47
20150921_131234_image36.png,443,570,487,604,0.441650,47
20150921_131234_image36.png,67,348,96,388,0.416992,47
20150921_131234_image36.png,433,437,471,469,0.405762,47
20150921_131234_image36.png,508,198,546,232,0.381836,47
20150921_131234_image36.png,29,501,57,534,0.362305,47
20150921_131234_image36.png,604,266,646,300,0.347900,47
20150921_131234_image36.png,590,169,618,208,0.342041,47
20150921_131234_image36.png,593,861,624,894,0.332031,47
20150921_131234_image36.png,47,558,81,596,0.314453,47
20150921_131234_image36.png,627,425,675,488,0.280762,47
20150921_131234_image36.png,624,862,656,890,0.279785,47
20150921_131234_image36.png,530,120,560,165,0.258301,47
20150921_131234_image36.png,388,442,414,474,0.254150,49
20150921_132038_image36.png,213,538,256,630,0.561035,9
20150921_132038_image36.png,189,832,222,868,0.374756,47
20150921_132038_image36.png,539,1079,573,1111,0.361816,47
20150921_132038_image36.png,491,540,522,576,0.347168,47
20150921_132038_image36.png,350,247,382,283,0.344727,47
20150921_132038_image36.png,611,1039,638,1065,0.280762,47
20150921_132038_image36.png,457,501,484,530,0.280273,47
20150921_132038_image36.png,612,1197,644,1229,0.278809,49
20150921_132038_image36.png,468,1148,501,1180,0.254883,47
20150921_131346_image1061.png,552,847,592,894,0.672363,47
20150921_131234_image361.png,692,427,720,461,0.586426,47
20150921_131234_image361.png,106,471,139,514,0.465088,47
20150921_131234_image361.png,436,538,492,574,0.424072,47
20150921_131234_image361.png,464,745,493,773,0.350342,47
20150921_131234_image361.png,338,274,375,330,0.336914,9
20150921_131234_image361.png,502,621,546,653,0.312744,49
20150921_131234_image361.png,382,684,413,718,0.290527,47
20150921_131234_image361.png,577,598,612,638,0.283447,47
20150921_131234_image361.png,616,609,654,637,0.270996,49
20150921_131234_image361.png,338,273,376,329,0.260010,47
20150921_131346_image386.png,511,864,551,912,0.654297,47
20150921_131346_image386.png,385,226,443,280,0.645996,47
20150921_131346_image386.png,318,493,358,533,0.628906,47
20150921_131346_image386.png,278,562,322,620,0.628418,47
20150921_131346_image386.png,330,377,369,412,0.620605,47
20150921_131346_image386.png,266,738,308,780,0.595703,47
20150921_131346_image386.png,326,584,368,628,0.577148,47
20150921_131346_image386.png,195,485,231,523,0.566895,47
20150921_131346_image386.png,672,613,716,659,0.547852,47
20150921_131346_image386.png,215,529,251,563,0.510742,47
20150921_131346_image386.png,402,558,444,602,0.507324,47
20150921_131346_image386.png,394,850,442,897,0.503418,47
20150921_131346_image386.png,496,740,532,784,0.497803,47
20150921_131346_image386.png,220,730,262,776,0.482666,47
20150921_131346_image386.png,596,1013,638,1045,0.448975,47
20150921_131346_image386.png,327,630,368,666,0.445801,47
20150921_131346_image386.png,420,800,456,828,0.443115,47
20150921_131346_image386.png,402,412,440,454,0.413818,47
20150921_131346_image386.png,205,666,237,697,0.407471,47
20150921_131346_image386.png,437,1017,483,1059,0.395996,49
20150921_131346_image386.png,594,613,630,647,0.375732,47
20150921_131346_image386.png,373,764,411,800,0.364258,49
20150921_131346_image386.png,142,643,186,687,0.327393,47
20150921_131346_image386.png,29,664,62,698,0.311035,47
20150921_131346_image386.png,514,1202,552,1246,0.310547,47
20150921_131346_image386.png,484,994,520,1027,0.294678,47
20150921_131346_image386.png,142,644,186,686,0.291748,49
20150921_131346_image386.png,486,1242,524,1280,0.287354,47
20150921_131346_image386.png,118,930,166,978,0.276855,49
20150921_131346_image386.png,402,413,440,453,0.273193,49
20150921_131346_image386.png,433,399,470,431,0.257080,47
20150919_174730_image961.png,261,551,289,583,0.643555,49
20150919_174730_image961.png,99,616,141,656,0.539062,49
20150919_174730_image961.png,650,204,680,231,0.517578,49
20150919_174730_image961.png,368,329,390,358,0.509277,47
20150919_174730_image961.png,423,197,450,222,0.496094,49
20150919_174730_image961.png,332,121,362,153,0.492432,49
20150919_174730_image961.png,293,191,318,218,0.489746,49
20150919_174730_image961.png,336,646,370,678,0.466797,49
20150919_174730_image961.png,628,321,658,356,0.452393,49
20150919_174730_image961.png,103,564,140,601,0.449707,49
20150919_174730_image961.png,436,836,470,869,0.411133,47
20150919_174730_image961.png,436,834,470,869,0.390381,49
20150919_174730_image961.png,500,144,536,173,0.382568,49
20150919_174730_image961.png,540,381,570,410,0.381348,49
20150919_174730_image961.png,299,178,333,208,0.381348,49
20150919_174730_image961.png,396,490,424,516,0.380859,49
20150919_174730_image961.png,472,169,496,192,0.380127,49
20150919_174730_image961.png,616,469,638,496,0.371094,47
20150919_174730_image961.png,628,732,658,764,0.362549,49
20150919_174730_image961.png,555,662,585,690,0.356689,49
20150919_174730_image961.png,501,319,530,345,0.351562,49
20150919_174730_image961.png,307,174,333,198,0.346191,49
20150919_174730_image961.png,263,137,288,165,0.343506,49
20150919_174730_image961.png,258,61,282,92,0.337158,49
20150919_174730_image961.png,628,730,678,784,0.332520,49
20150919_174730_image961.png,510,446,538,472,0.320801,49
20150919_174730_image961.png,586,251,614,275,0.319824,49
20150919_174730_image961.png,659,582,678,608,0.317139,49
20150919_174730_image961.png,444,167,470,191,0.307373,49
20150919_174730_image961.png,685,688,717,726,0.306885,47
20150919_174730_image961.png,174,282,198,308,0.290771,49
20150919_174730_image961.png,144,330,169,357,0.287842,47
20150919_174730_image961.png,419,451,441,486,0.271484,49
20150919_174730_image961.png,397,182,423,206,0.270508,49
20150919_174730_image961.png,180,533,215,572,0.255127,49
20150919_174730_image961.png,210,558,235,588,0.254395,49
20150921_131453_image611.png,373,642,407,674,0.626465,47
20150921_131453_image611.png,358,782,400,818,0.465088,47
20150921_131453_image611.png,657,615,679,637,0.296387,47
20150919_174151_image496.png,356,842,424,904,0.571289,47
20150919_174151_image496.png,576,802,631,849,0.474609,47
20150919_174151_image496.png,680,268,710,298,0.448486,47
20150919_174151_image496.png,293,656,319,684,0.434326,49
20150919_174151_image496.png,576,801,632,848,0.372070,49
20150919_174151_image496.png,45,560,72,585,0.330566,47
20150919_174151_image496.png,126,744,153,770,0.330078,47
20150919_174151_image496.png,527,376,552,405,0.279053,47
20150919_174151_image496.png,574,289,602,318,0.270996,47
20150919_174151_image496.png,374,526,401,556,0.263428,47
20150919_174151_image496.png,454,926,492,964,0.262939,47
20150919_174151_image496.png,121,509,148,540,0.262451,49
20150919_174151_image496.png,528,761,572,802,0.256836,47
20150919_174151_image496.png,222,413,249,439,0.255615,49
20150919_174151_image496.png,128,462,159,492,0.252930,49
20150921_131346_image1121.png,410,394,454,436,0.737305,47
20150921_131346_image1121.png,676,409,708,456,0.666504,47
20150921_131346_image1121.png,646,658,678,699,0.484375,47
20150921_131346_image1121.png,602,650,648,690,0.455078,47
20150921_131346_image1121.png,616,753,661,798,0.276367,47
20150919_174730_image61.png,582,432,612,478,0.393555,47
20150919_174730_image96.png,114,826,148,859,0.268311,47
20150921_132245_image1.png,323,427,364,489,0.255615,47
20150921_131234_image206.png,352,408,398,446,0.625488,47
20150921_131234_image206.png,638,473,687,516,0.608887,47
20150921_131234_image206.png,212,480,247,506,0.514160,47
20150921_131234_image206.png,581,314,611,349,0.479004,47
20150921_131234_image206.png,566,820,600,852,0.423584,49
20150921_131234_image206.png,238,614,280,658,0.412354,47
20150921_131234_image206.png,649,134,696,178,0.388184,47
20150921_131234_image206.png,125,311,157,346,0.376709,47
20150921_131234_image206.png,574,632,610,662,0.341553,47
20150921_131234_image206.png,394,541,431,579,0.337402,47
20150921_131234_image206.png,321,862,353,890,0.262695,47
20150921_131234_image206.png,37,805,66,837,0.252441,49
20150919_174151_image806.png,190,748,236,792,0.603027,47
20150919_174151_image806.png,218,678,267,724,0.584473,47
20150919_174151_image806.png,510,634,574,700,0.488770,47
20150919_174151_image806.png,441,654,500,708,0.475098,49
20150919_174151_image806.png,59,197,90,229,0.419189,47
20150919_174151_image806.png,509,633,574,697,0.412354,49
20150919_174151_image806.png,434,506,466,538,0.380859,47
20150919_174151_image806.png,686,472,720,538,0.372559,49
20150919_174151_image806.png,290,711,335,741,0.328613,47
20150919_174151_image806.png,438,654,500,710,0.284180,47
20150919_174151_image806.png,434,506,467,540,0.277588,49
20150919_174151_image806.png,12,350,38,375,0.260742,49
20150921_132038_image1101.png,395,792,425,824,0.476562,47
20150921_132038_image1101.png,358,1016,391,1048,0.459229,47
20150921_132038_image1101.png,47,771,76,834,0.453125,47
20150921_132038_image1101.png,323,1019,358,1051,0.443115,49
20150921_132038_image1101.png,497,855,522,881,0.427246,47
20150921_132038_image1101.png,278,972,313,1000,0.409180,47
20150921_132038_image1101.png,7,1034,44,1068,0.404053,47
20150921_132038_image1101.png,232,984,270,1019,0.395020,47
20150921_132038_image1101.png,323,1020,360,1052,0.314697,47
20150921_132038_image1101.png,206,980,236,1012,0.278076,47
20150921_132038_image1101.png,239,971,276,1013,0.273926,47
20150921_132038_image1101.png,500,414,520,442,0.259033,47
20150921_131625_image851.png,235,196,272,232,0.593750,47
20150921_131625_image851.png,184,219,224,255,0.543457,49
20150921_131625_image851.png,329,865,368,903,0.501465,49
20150921_131625_image851.png,124,764,154,800,0.497070,47
20150921_131625_image851.png,296,625,340,670,0.477539,47
20150921_131625_image851.png,0,508,35,544,0.477539,47
20150921_131625_image851.png,142,445,181,479,0.474854,47
20150921_131625_image851.png,33,343,76,382,0.467773,47
20150921_131625_image851.png,132,669,163,707,0.456299,47
20150921_131625_image851.png,336,218,371,251,0.450195,49
20150921_131625_image851.png,277,758,317,802,0.434082,49
20150921_131625_image851.png,38,240,72,276,0.413818,47
20150921_131625_image851.png,2,770,46,812,0.385010,47
20150921_131625_image851.png,209,398,242,430,0.377441,47
20150921_131625_image851.png,261,812,293,857,0.363525,49
20150921_131625_image851.png,490,626,528,658,0.352051,47
20150921_131625_image851.png,66,514,95,536,0.341797,47
20150921_131625_image851.png,435,604,479,642,0.333252,47
20150921_131625_image851.png,480,590,505,628,0.323486,47
20150921_131625_image851.png,398,893,428,927,0.323486,47
20150921_131625_image851.png,535,838,563,866,0.321289,49
20150921_131625_image851.png,232,30,255,63,0.319580,47
20150921_131625_image851.png,682,403,717,434,0.305908,49
20150921_131625_image851.png,299,554,340,592,0.298828,47
20150921_131625_image851.png,391,706,425,742,0.291016,47
20150921_131625_image851.png,441,714,486,752,0.287354,47
20150921_131625_image851.png,230,1038,266,1078,0.281006,47
20150921_131625_image851.png,664,140,698,184,0.273926,47
20150921_131625_image851.png,542,620,578,656,0.270264,49
20150921_131625_image851.png,94,76,122,116,0.269531,47
20150921_131625_image851.png,644,222,684,270,0.267578,47
20150921_131625_image851.png,72,135,106,178,0.266113,47
20150921_131625_image851.png,391,705,426,743,0.251709,49
20150919_174730_image236.png,692,577,720,626,0.350586,49
20150919_174730_image456.png,550,526,576,554,0.505371,49
20150919_174730_image456.png,37,328,57,354,0.448242,49
20150919_174730_image456.png,549,526,575,554,0.372559,47
20150919_174730_image456.png,128,639,153,665,0.355713,49
20150919_174730_image456.png,450,478,477,501,0.338867,47
20150919_174730_image456.png,380,445,406,472,0.315430,47
20150919_174730_image456.png,254,750,290,780,0.314697,47
20150919_174730_image456.png,388,805,406,827,0.301270,47
20150919_174730_image456.png,379,446,407,472,0.253662,49
20150921_131453_image21.png,420,536,454,574,0.536621,47
20150921_131453_image21.png,300,378,338,414,0.479248,47
20150921_131453_image21.png,298,557,329,593,0.395508,47
20150921_131453_image21.png,372,218,408,251,0.391357,47
20150921_131453_image21.png,340,487,382,544,0.389893,47
20150921_131453_image21.png,216,486,259,520,0.363770,47
20150921_131453_image21.png,319,242,348,278,0.334717,47
20150921_131453_image21.png,272,887,304,924,0.330078,49
20150921_131453_image21.png,248,464,287,502,0.297363,47
20150921_131453_image21.png,380,376,410,416,0.279785,47
20150921_131453_image21.png,502,652,533,678,0.279541,49
20150921_131453_image21.png,344,520,377,558,0.276367,47
20150921_131833_image141.png,676,664,714,706,0.528809,47
20150921_131833_image141.png,394,732,428,802,0.344238,47
20150921_131453_image691.png,484,1025,518,1063,0.457520,47
20150921_131453_image691.png,282,941,313,982,0.297607,47
20150921_131453_image691.png,46,952,81,992,0.263916,47
20150921_131453_image691.png,441,872,468,932,0.263184,47
20150921_131453_image691.png,678,1134,708,1176,0.253906,47
20150919_174151_image471.png,44,842,105,901,0.441650,47
20150919_174151_image471.png,297,938,330,972,0.429443,47
20150919_174151_image471.png,598,372,622,401,0.378906,47
20150919_174151_image471.png,432,413,458,442,0.375977,47
20150919_174151_image471.png,199,932,241,978,0.362061,47
20150919_174151_image471.png,297,560,323,590,0.353027,47
20150919_174151_image471.png,568,306,600,337,0.297363,47
20150919_174151_image471.png,10,600,36,624,0.285156,47
20150919_174151_image471.png,359,744,416,816,0.273682,49
20150919_174151_image471.png,314,793,365,851,0.270264,49
20150919_174151_image471.png,133,830,174,876,0.265137,47
20150919_174151_image471.png,58,551,87,578,0.263672,49
20150919_174151_image471.png,609,29,639,59,0.263428,47
20150919_174151_image471.png,471,328,501,359,0.263184,49
20150919_174151_image471.png,362,744,414,814,0.262695,47
20150919_174151_image471.png,534,27,568,60,0.260986,47
20150919_174151_image471.png,470,328,501,358,0.256836,47
20150919_174151_image471.png,634,185,667,218,0.254639,47
20150921_131346_image211.png,250,416,291,455,0.700684,47
20150921_131346_image211.png,322,466,365,508,0.696777,47
20150921_131346_image211.png,337,632,378,680,0.549316,47
20150921_131346_image211.png,368,734,408,775,0.537598,47
20150921_131346_image211.png,358,348,389,385,0.534668,47
20150921_131346_image211.png,272,215,315,258,0.519531,47
20150921_131346_image211.png,57,481,120,558,0.450439,47
20150921_131346_image211.png,108,506,164,546,0.444336,47
20150921_131346_image211.png,572,1062,608,1102,0.435791,47
20150921_131346_image211.png,109,173,149,216,0.413330,47
20150921_131346_image211.png,289,469,311,510,0.404297,47
20150921_131346_image211.png,97,443,135,476,0.379150,47
20150921_131346_image211.png,593,576,628,610,0.379150,49
20150921_131346_image211.png,252,316,283,357,0.378418,47
20150921_131346_image211.png,380,1073,420,1107,0.357422,47
20150921_131346_image211.png,226,181,253,208,0.345947,47
20150921_131346_image211.png,134,427,168,468,0.333252,47
20150921_131346_image211.png,255,658,290,706,0.302979,47
20150921_131346_image211.png,218,315,252,361,0.301758,47
20150921_131346_image211.png,80,536,130,576,0.291260,47
20150921_131346_image211.png,238,217,275,250,0.286133,47
20150921_131346_image211.png,600,1035,638,1087,0.274414,47
20150921_131346_image211.png,631,379,658,409,0.272217,49
20150921_131346_image846.png,196,1095,242,1137,0.464600,47
20150921_131346_image846.png,273,592,303,628,0.455811,47
20150921_131346_image846.png,102,664,130,693,0.440430,47
20150921_131346_image846.png,520,1128,544,1158,0.372803,49
20150921_131346_image846.png,404,1089,443,1119,0.372070,47
20150921_131346_image846.png,276,90,314,136,0.371582,47
20150921_131346_image846.png,147,712,180,746,0.369141,47
20150921_131346_image846.png,469,944,514,972,0.323242,47
20150921_131346_image846.png,88,1198,120,1228,0.269775,47
20150921_132038_image891.png,15,508,54,544,0.465088,47
20150921_132038_image891.png,164,578,194,610,0.411865,47
20150921_132038_image891.png,99,628,132,656,0.319824,47
20150921_132038_image891.png,250,662,294,696,0.293213,47
20150921_132038_image891.png,296,874,325,908,0.281738,47
20150921_132038_image891.png,1,358,43,452,0.270508,9
20150919_174151_image206.png,131,308,177,344,0.625000,47
20150919_174151_image206.png,25,50,65,94,0.587402,47
20150919_174151_image206.png,616,46,664,90,0.584473,47
20150919_174151_image206.png,546,236,594,276,0.526367,47
20150919_174151_image206.png,140,146,180,194,0.521484,47
20150919_174151_image206.png,101,760,144,804,0.517578,47
20150919_174151_image206.png,67,240,107,281,0.516113,47
20150919_174151_image206.png,306,790,353,839,0.505859,47
20150919_174151_image206.png,308,858,338,890,0.473877,47
20150919_174151_image206.png,462,0,494,26,0.470947,47
20150919_174151_image206.png,451,202,493,244,0.464844,47
20150919_174151_image206.png,666,89,711,130,0.455811,47
20150919_174151_image206.png,246,3,290,47,0.431396,47
20150919_174151_image206.png,32,293,75,334,0.412598,47
20150919_174151_image206.png,242,165,272,194,0.405518,47
20150919_174151_image206.png,488,287,524,322,0.395508,47
20150919_174151_image206.png,331,24,364,59,0.391357,47
20150919_174151_image206.png,360,38,396,74,0.382324,47
20150919_174151_image206.png,404,342,438,382,0.373535,47
20150919_174151_image206.png,21,143,56,181,0.358154,47
20150919_174151_image206.png,679,198,720,232,0.354004,47
20150919_174151_image206.png,99,708,133,742,0.350830,47
20150919_174151_image206.png,456,404,486,438,0.322021,47
20150919_174151_image206.png,478,120,504,150,0.299072,47
20150919_174151_image206.png,642,701,690,754,0.297363,47
20150919_174151_image206.png,418,375,457,412,0.289551,47
20150919_174151_image206.png,28,0,61,30,0.287354,47
20150919_174151_image206.png,642,701,692,754,0.271484,49
20150919_174151_image206.png,103,129,140,175,0.267822,47
20150919_174151_image171.png,48,312,82,348,0.496582,47
20150919_174151_image171.png,390,359,433,402,0.495361,47
20150919_174151_image171.png,250,152,302,192,0.489502,47
20150919_174151_image171.png,460,439,500,480,0.489258,47
20150919_174151_image171.png,693,192,720,234,0.458740,47
20150919_174151_image171.png,488,311,520,342,0.417725,47
20150919_174151_image171.png,614,222,646,251,0.416016,47
20150919_174151_image171.png,381,284,418,324,0.409912,47
20150919_174151_image171.png,128,338,167,373,0.406494,47
20150919_174151_image171.png,380,284,418,324,0.381104,49
20150919_174151_image171.png,611,784,650,825,0.375000,49
20150919_174151_image171.png,558,418,585,446,0.367676,47
20150919_174151_image171.png,223,290,253,319,0.359619,47
20150919_174151_image171.png,694,192,720,234,0.355225,49
20150919_174151_image171.png,694,776,720,822,0.340332,49
20150919_174151_image171.png,30,96,58,128,0.334961,47
20150919_174151_image171.png,52,164,88,200,0.332520,47
20150919_174151_image171.png,3,95,31,125,0.329834,47
20150919_174151_image171.png,361,191,392,223,0.329346,47
20150919_174151_image171.png,19,461,56,492,0.327393,47
20150919_174151_image171.png,152,122,175,147,0.325684,47
20150919_174151_image171.png,549,697,605,739,0.309082,47
20150919_174151_image171.png,216,174,246,207,0.301270,47
20150919_174151_image171.png,559,802,587,830,0.290039,47
20150919_174151_image171.png,302,515,336,558,0.274414,49
20150919_174151_image171.png,514,513,538,537,0.273682,47
20150919_174151_image171.png,155,230,182,257,0.261475,47
20150919_174151_image171.png,216,726,247,760,0.259033,47
20150919_174151_image171.png,611,784,650,825,0.257568,47
20150919_174151_image171.png,548,698,606,739,0.250488,49
20150921_132038_image46.png,189,840,223,873,0.443115,47
20150921_132038_image46.png,538,1084,572,1116,0.442383,47
20150921_132038_image46.png,165,964,196,996,0.401123,47
20150921_132038_image46.png,208,546,250,632,0.395264,9
20150921_132038_image46.png,490,548,520,583,0.369873,47
20150921_132038_image46.png,679,1129,704,1163,0.327148,47
20150921_132038_image46.png,677,1057,708,1083,0.286377,47
20150921_132038_image46.png,468,1157,500,1187,0.263916,47
20150921_131234_image286.png,518,375,548,414,0.658203,47
20150921_131234_image286.png,621,794,667,834,0.619629,47
20150921_131234_image286.png,627,668,672,720,0.610352,47
20150921_131234_image286.png,465,569,498,607,0.602539,47
20150921_131234_image286.png,446,315,481,362,0.598633,47
20150921_131234_image286.png,134,600,164,632,0.486572,49
20150921_131234_image286.png,74,186,100,216,0.394775,47
20150921_131234_image286.png,580,720,613,758,0.385742,47
20150921_131234_image286.png,84,657,125,692,0.366455,47
20150921_131234_image286.png,522,235,557,273,0.351807,47
20150921_131234_image286.png,270,528,303,565,0.311523,47
20150921_131234_image286.png,646,399,692,443,0.306152,47
20150921_131234_image286.png,231,778,255,804,0.250732,47
20150921_131833_image41.png,446,796,482,828,0.592773,47
20150921_131833_image41.png,344,784,378,818,0.568848,47
20150921_131833_image41.png,507,687,541,718,0.548340,47
20150921_131833_image41.png,553,584,583,618,0.472168,47
20150921_131833_image41.png,28,620,62,657,0.471191,47
20150921_131833_image41.png,440,341,488,403,0.451172,47
20150921_131833_image41.png,451,648,485,690,0.447998,47
20150921_131833_image41.png,238,764,279,811,0.383057,47
20150921_131833_image41.png,454,438,480,462,0.362061,47
20150921_131833_image41.png,269,679,291,723,0.355713,47
20150921_131833_image41.png,323,163,376,230,0.258789,9
20150921_132038_image551.png,230,555,261,591,0.663086,47
20150921_132038_image551.png,166,391,200,428,0.588379,47
20150921_132038_image551.png,654,764,696,800,0.587891,47
20150921_132038_image551.png,84,648,126,683,0.567871,47
20150921_132038_image551.png,62,672,96,712,0.559082,47
20150921_132038_image551.png,265,638,302,678,0.543457,47
20150921_132038_image551.png,462,702,492,732,0.524414,47
20150921_132038_image551.png,136,386,171,423,0.523438,47
20150921_132038_image551.png,183,456,216,489,0.513672,47
20150921_132038_image551.png,552,1030,582,1062,0.454590,47
20150921_132038_image551.png,578,1059,613,1093,0.409424,47
20150921_132038_image551.png,690,954,720,988,0.395752,47
20150921_132038_image551.png,477,1118,516,1158,0.353271,47
20150921_132038_image551.png,354,397,387,429,0.338623,47
20150921_132038_image551.png,582,471,609,492,0.326416,47
20150921_132038_image551.png,26,350,53,371,0.314453,47
20150921_132038_image551.png,120,692,159,734,0.295898,47
20150921_132038_image551.png,220,382,246,403,0.294922,47
20150921_132038_image551.png,353,817,380,847,0.275879,47
20150921_132038_image551.png,550,554,574,571,0.270996,47
20150921_132038_image551.png,203,354,227,384,0.266113,47
20150921_132038_image551.png,358,314,378,342,0.263916,47
20150921_132038_image336.png,670,469,714,516,0.615723,47
20150921_132038_image336.png,244,1113,282,1155,0.568359,47
20150921_132038_image336.png,493,442,523,466,0.487061,47
20150921_132038_image336.png,35,1111,77,1149,0.451416,47
20150921_132038_image336.png,542,622,570,654,0.443848,47
20150921_132038_image336.png,418,418,447,451,0.440430,47
20150921_132038_image336.png,678,332,708,364,0.426514,47
20150921_132038_image336.png,422,739,454,779,0.400146,47
20150921_132038_image336.png,642,415,688,458,0.399170,47
20150921_132038_image336.png,618,296,654,326,0.382568,47
20150921_132038_image336.png,604,684,634,712,0.364990,47
20150921_132038_image336.png,551,376,575,404,0.310059,47
20150921_132038_image336.png,647,282,679,312,0.306885,47
20150921_132038_image336.png,288,958,327,998,0.287598,47
20150921_132038_image336.png,476,728,499,755,0.280518,47
20150921_132038_image336.png,296,724,330,764,0.278809,47
20150921_131833_image51.png,466,680,502,716,0.592285,47
20150921_131833_image51.png,514,574,546,608,0.581055,47
20150921_131833_image51.png,197,758,236,796,0.535156,47
20150921_131833_image51.png,323,635,371,675,0.484131,47
20150921_131833_image51.png,222,662,253,709,0.471191,47
20150921_131833_image51.png,400,792,434,826,0.466797,47
20150921_131833_image51.png,414,642,448,676,0.417725,47
20150921_131833_image51.png,306,778,339,808,0.324219,47
20150921_131833_image51.png,418,426,448,453,0.269287,47
20150921_132038_image496.png,370,820,416,868,0.677246,47
20150921_132038_image496.png,418,1100,462,1148,0.637207,47
20150921_132038_image496.png,349,862,394,918,0.620117,47
20150921_132038_image496.png,489,540,522,574,0.604492,47
20150921_132038_image496.png,360,1069,399,1115,0.601074,47
20150921_132038_image496.png,381,1145,416,1191,0.590332,47
20150921_132038_image496.png,447,443,478,474,0.582031,47
20150921_132038_image496.png,254,713,291,751,0.535645,47
20150921_132038_image496.png,412,635,443,670,0.533691,47
20150921_132038_image496.png,498,620,533,660,0.514648,47
20150921_132038_image496.png,383,662,426,700,0.508789,47
20150921_132038_image496.png,204,852,240,890,0.472656,47
20150921_132038_image496.png,383,380,416,412,0.453613,47
20150921_132038_image496.png,388,542,408,566,0.451904,47
20150921_132038_image496.png,83,888,107,918,0.424805,47
20150921_132038_image496.png,4,998,39,1032,0.416748,47
20150921_132038_image496.png,430,600,456,631,0.410645,47
20150921_132038_image496.png,414,384,444,417,0.384277,47
20150921_132038_image496.png,389,884,422,928,0.372803,47
20150921_132038_image496.png,518,538,542,573,0.337891,47
20150921_132038_image496.png,583,376,608,416,0.329590,47
20150921_132038_image496.png,421,347,448,372,0.322021,47
20150921_132038_image496.png,388,542,407,566,0.302490,49
20150921_132038_image496.png,314,344,343,367,0.296631,47
20150921_132038_image496.png,454,363,482,392,0.287354,47
20150921_132038_image496.png,342,528,372,556,0.256836,47
20150921_132038_image496.png,370,918,395,946,0.253906,47
20150921_131625_image306.png,602,304,654,353,0.766113,47
20150921_131625_image306.png,401,1101,450,1149,0.738770,47
20150921_131625_image306.png,480,364,538,414,0.682617,47
20150921_131625_image306.png,108,996,174,1066,0.650391,47
20150921_131625_image306.png,587,597,629,639,0.607422,47
20150921_131625_image306.png,197,692,233,732,0.606934,47
20150921_131625_image306.png,170,1043,229,1097,0.601074,47
20150921_131625_image306.png,518,596,573,638,0.585449,47
20150921_131625_image306.png,421,676,468,726,0.570801,47
20150921_131625_image306.png,287,556,340,597,0.556152,47
20150921_131625_image306.png,646,1218,694,1264,0.534668,47
20150921_131625_image306.png,576,698,614,756,0.523438,47
20150921_131625_image306.png,264,313,298,345,0.496338,47
20150921_131625_image306.png,318,457,354,494,0.479492,47
20150921_131625_image306.png,381,245,415,294,0.476318,47
20150921_131625_image306.png,297,272,335,306,0.474609,47
20150921_131625_image306.png,400,936,440,979,0.457031,49
20150921_131625_image306.png,221,886,299,954,0.445068,47
20150921_131625_image306.png,279,695,310,732,0.443115,47
20150921_131625_image306.png,550,972,600,1016,0.432373,47
20150921_131625_image306.png,494,1237,534,1277,0.413086,49
20150921_131625_image306.png,242,481,277,521,0.407959,47
20150921_131625_image306.png,674,609,716,642,0.398438,47
20150921_131625_image306.png,288,358,324,422,0.391602,47
20150921_131625_image306.png,191,956,225,1004,0.387939,47
20150921_131625_image306.png,685,654,719,700,0.377441,47
20150921_131625_image306.png,621,746,665,788,0.376221,47
20150921_131625_image306.png,351,1148,385,1186,0.353271,47
20150921_131625_image306.png,264,459,301,503,0.353027,47
20150921_131625_image306.png,207,789,240,819,0.352539,47
20150921_131625_image306.png,184,917,219,953,0.351807,47
20150921_131625_image306.png,494,1238,534,1278,0.344238,47
20150921_131625_image306.png,670,868,704,900,0.303223,47
20150921_131625_image306.png,263,892,300,956,0.290771,47
20150921_131625_image306.png,513,898,545,929,0.284424,47
20150921_131625_image306.png,242,1162,274,1198,0.269775,47
20150921_132038_image1001.png,173,1042,214,1088,0.652344,47
20150921_132038_image1001.png,632,987,666,1020,0.588867,47
20150921_132038_image1001.png,70,1066,106,1106,0.583008,47
20150921_132038_image1001.png,175,920,218,968,0.575684,47
20150921_132038_image1001.png,56,550,85,582,0.531738,47
20150921_132038_image1001.png,37,1164,76,1200,0.516602,47
20150921_132038_image1001.png,36,1119,71,1155,0.466309,47
20150921_132038_image1001.png,102,675,133,709,0.457764,47
20150921_132038_image1001.png,202,1142,248,1188,0.428955,47
20150921_132038_image1001.png,87,1176,121,1210,0.414307,47
20150921_132038_image1001.png,244,1163,279,1193,0.370605,47
20150921_132038_image1001.png,162,1223,205,1261,0.349609,49
20150921_132038_image1001.png,302,1057,338,1089,0.338623,47
20150921_132038_image1001.png,163,1222,205,1262,0.328857,47
20150921_132038_image1001.png,698,740,720,776,0.322510,47
20150921_132038_image1001.png,572,988,619,1037,0.313721,47
20150921_132038_image1001.png,602,598,631,626,0.254395,47
20150921_132038_image1001.png,180,464,208,492,0.250732,47
20150919_174730_image176.png,596,856,634,888,0.439697,47
20150919_174730_image176.png,343,464,376,490,0.333008,47
20150919_174730_image176.png,446,356,468,378,0.331787,47
20150919_174730_image176.png,279,558,321,592,0.322021,49
20150921_132038_image76.png,404,1053,439,1087,0.468262,47
20150921_132038_image76.png,325,975,380,1023,0.464111,47
20150921_132038_image76.png,72,537,116,621,0.439453,9
20150921_132038_image76.png,469,1166,498,1200,0.397461,49
20150921_132038_image76.png,42,956,72,990,0.368164,47
20150921_132038_image76.png,199,232,231,276,0.351807,9
20150921_132038_image76.png,709,404,720,428,0.251465,47
20150921_131729_image661.png,207,236,248,282,0.559082,47
20150921_131729_image661.png,211,178,260,225,0.542480,47
20150921_131729_image661.png,690,504,718,560,0.537109,47
20150921_131729_image661.png,2,578,30,620,0.517578,47
20150921_131729_image661.png,634,794,668,833,0.517090,47
20150921_131729_image661.png,390,918,430,964,0.498291,47
20150921_131729_image661.png,292,335,327,374,0.483887,47
20150921_131729_image661.png,147,507,185,546,0.433838,47
20150921_131729_image661.png,142,208,180,247,0.402100,47
20150921_131729_image661.png,143,378,186,413,0.382324,47
20150921_131729_image661.png,163,546,196,581,0.378174,47
20150921_131729_image661.png,286,557,318,592,0.350586,47
20150921_131729_image661.png,126,242,155,278,0.336426,47
20150921_131729_image661.png,485,928,514,960,0.317383,47
20150921_131729_image661.png,480,874,505,903,0.311523,49
20150921_131729_image661.png,172,212,204,246,0.299072,47
20150921_131729_image661.png,149,1127,183,1163,0.283203,47
20150921_131729_image661.png,445,1020,483,1059,0.275391,47
20150921_131729_image661.png,382,786,430,852,0.260498,49
20150921_131729_image661.png,162,320,208,377,0.258057,47
20150921_131729_image661.png,30,826,62,864,0.256836,47
20150921_131346_image1146.png,384,356,429,402,0.714844,47
20150921_131346_image1146.png,652,370,688,418,0.667480,47
20150921_131346_image1146.png,624,620,656,666,0.525879,47
20150921_131346_image1146.png,576,614,628,660,0.498047,47
20150921_131346_image1146.png,386,930,422,969,0.419189,47
20150921_131346_image1146.png,687,433,720,470,0.409912,47
20150921_131346_image1146.png,564,850,593,879,0.387939,47
20150921_131346_image1146.png,172,807,207,857,0.360352,9
20150921_131346_image1146.png,617,560,644,596,0.332764,47
20150921_131346_image1146.png,602,712,639,758,0.328857,47
20150921_131346_image1146.png,534,994,562,1022,0.315430,47
20150921_131346_image1146.png,293,867,327,900,0.299316,47
20150921_131346_image1146.png,556,741,592,777,0.270996,47
20150921_132038_image971.png,516,984,561,1022,0.607422,47
20150921_132038_image971.png,311,492,343,528,0.583496,47
20150921_132038_image971.png,365,1014,398,1051,0.518066,47
20150921_132038_image971.png,419,1123,451,1153,0.492676,47
20150921_132038_image971.png,406,618,438,656,0.486328,47
20150921_132038_image971.png,364,1112,403,1148,0.481445,47
20150921_132038_image971.png,594,996,632,1028,0.434814,47
20150921_132038_image971.png,132,247,170,288,0.401855,47
20150921_132038_image971.png,515,1163,558,1205,0.383301,47
20150921_132038_image971.png,524,1080,576,1130,0.312256,47
20150921_132038_image971.png,372,578,400,610,0.282715,47
20150921_132038_image971.png,347,1065,381,1101,0.274658,47
20150921_132038_image971.png,269,1048,304,1090,0.253174,47
20150921_131346_image1.png,360,772,406,804,0.570312,47
20150921_131346_image1.png,352,433,389,468,0.554688,47
20150921_131346_image1.png,365,862,398,898,0.518555,47
20150921_131346_image1.png,247,593,282,636,0.500000,47
20150921_131346_image1.png,480,366,520,416,0.499268,47
20150921_131346_image1.png,260,314,295,352,0.496338,47
20150921_131346_image1.png,500,515,532,548,0.458008,47
20150921_131346_image1.png,325,228,367,270,0.422852,47
20150921_131346_image1.png,466,495,494,532,0.407471,47
20150921_131346_image1.png,374,569,420,615,0.376221,47
20150921_131346_image1.png,264,518,316,558,0.370850,47
20150921_131346_image1.png,287,188,321,227,0.370605,47
20150921_131346_image1.png,209,588,246,624,0.354004,47
20150921_131346_image1.png,256,680,301,736,0.351318,47
20150921_131346_image1.png,442,518,485,552,0.346436,47
20150921_131346_image1.png,161,433,187,464,0.321777,47
20150921_131346_image1.png,392,644,422,672,0.320801,47
20150921_131346_image1.png,440,329,466,360,0.301025,47
20150921_131346_image1.png,390,924,412,959,0.277100,47
20150921_131453_image41.png,390,910,432,960,0.647949,47
20150921_131453_image41.png,370,950,402,986,0.568359,47
20150921_131453_image41.png,444,504,485,572,0.561523,47
20150921_131453_image41.png,398,575,432,611,0.519043,47
20150921_131453_image41.png,314,498,359,536,0.517578,47
20150921_131453_image41.png,408,383,446,427,0.487549,47
20150921_131453_image41.png,540,1173,576,1217,0.443115,49
20150921_131453_image41.png,353,476,388,512,0.439697,47
20150921_131453_image41.png,481,602,511,637,0.436768,47
20150921_131453_image41.png,422,251,452,289,0.415283,47
20150921_131453_image41.png,482,229,514,260,0.414795,47
20150921_131453_image41.png,518,556,551,592,0.394287,47
20150921_131453_image41.png,85,1032,118,1070,0.377441,47
20150921_131453_image41.png,318,570,347,600,0.340576,47
20150921_131453_image41.png,56,527,97,565,0.281250,47
20150921_131453_image41.png,448,541,478,576,0.264404,47
20150921_131453_image41.png,370,440,395,466,0.252930,47
20150921_131833_image386.png,33,336,67,371,0.589355,47
20150921_131833_image386.png,45,500,74,536,0.385254,47
20150921_131833_image386.png,380,342,435,385,0.371582,47
20150921_131833_image386.png,252,167,288,215,0.347412,47
20150921_131833_image386.png,16,445,76,539,0.313232,47
20150921_131833_image386.png,21,1149,59,1181,0.306396,47
20150921_131833_image386.png,215,165,288,222,0.272949,47
20150921_131625_image1101.png,228,86,272,135,0.704590,47
20150921_131625_image1101.png,33,476,72,512,0.624512,47
20150921_131625_image1101.png,658,492,694,530,0.594238,47
20150921_131625_image1101.png,140,695,176,749,0.587891,47
20150921_131625_image1101.png,240,736,277,782,0.559082,47
20150921_131625_image1101.png,344,335,384,377,0.530762,47
20150921_131625_image1101.png,234,304,269,336,0.528809,47
20150921_131625_image1101.png,286,90,320,131,0.499268,47
20150921_131625_image1101.png,626,469,664,512,0.498535,47
20150921_131625_image1101.png,159,178,191,225,0.491943,47
20150921_131625_image1101.png,176,653,217,691,0.490479,47
20150921_131625_image1101.png,249,483,286,513,0.486816,47
20150921_131625_image1101.png,320,322,351,370,0.468750,47
20150921_131625_image1101.png,123,584,154,622,0.466553,47
20150921_131625_image1101.png,173,238,211,300,0.455566,47
20150921_131625_image1101.png,78,800,114,831,0.442139,47
20150921_131625_image1101.png,360,604,391,632,0.409424,47
20150921_131625_image1101.png,698,643,720,687,0.375244,47
20150921_131625_image1101.png,303,193,331,228,0.353760,47
20150921_131625_image1101.png,304,972,339,1006,0.345459,47
20150921_131625_image1101.png,654,318,686,346,0.339600,47
20150921_131625_image1101.png,124,1067,158,1103,0.319336,47
20150921_131625_image1101.png,213,738,269,789,0.309814,47
20150921_131625_image1101.png,268,590,332,630,0.309082,47
20150921_131625_image1101.png,141,240,202,309,0.301270,47
20150921_131625_image1101.png,149,552,178,590,0.297607,47
20150921_131625_image1101.png,146,138,178,173,0.293945,47
20150921_131625_image1101.png,75,544,105,576,0.293945,47
20150921_131625_image1101.png,618,277,660,354,0.291992,47
20150921_131625_image1101.png,695,494,720,527,0.286133,47
20150921_131625_image1101.png,628,479,694,528,0.274658,47
20150921_131625_image1101.png,451,105,475,130,0.268066,47
20150919_174151_image176.png,519,426,562,468,0.512207,47
20150919_174151_image176.png,300,132,352,175,0.481689,47
20150919_174151_image176.png,449,344,492,387,0.443604,47
20150919_174151_image176.png,61,455,101,490,0.427734,47
20150919_174151_image176.png,171,327,210,363,0.422607,47
20150919_174151_image176.png,35,901,65,934,0.408936,49
20150919_174151_image176.png,438,265,477,308,0.404541,47
20150919_174151_image176.png,247,154,289,191,0.391113,47
20150919_174151_image176.png,86,300,124,340,0.379639,47
20150919_174151_image176.png,686,782,720,822,0.358887,49
20150919_174151_image176.png,368,509,405,553,0.355957,49
20150919_174151_image176.png,184,218,212,243,0.351318,47
20150919_174151_image176.png,22,78,51,110,0.349609,47
20150919_174151_image176.png,176,105,202,130,0.320801,47
20150919_174151_image176.png,38,426,76,464,0.316895,47
20150919_174151_image176.png,632,697,678,737,0.287354,49
20150919_174151_image176.png,136,374,166,405,0.286865,47
20150919_174151_image176.png,534,292,572,326,0.282959,47
20150919_174151_image176.png,51,139,81,172,0.279053,47
20150919_174151_image176.png,672,203,704,234,0.266357,47
20150919_174151_image176.png,258,279,287,308,0.254150,49
20150919_174151_image176.png,45,432,94,474,0.252930,47
20150921_131346_image541.png,422,244,467,304,0.565430,47
20150921_131346_image541.png,319,552,354,588,0.557129,47
20150921_131346_image541.png,357,464,398,501,0.556641,47
20150921_131346_image541.png,423,1047,454,1079,0.499268,49
20150921_131346_image541.png,51,268,84,307,0.472900,47
20150921_131346_image541.png,50,430,80,459,0.429199,47
20150921_131346_image541.png,35,208,70,246,0.416260,47
20150921_131346_image541.png,163,728,194,758,0.411377,49
20150921_131346_image541.png,59,556,90,594,0.402344,47
20150921_131346_image541.png,49,431,80,460,0.396973,49
20150921_131346_image541.png,623,752,655,795,0.388916,47
20150921_131346_image541.png,0,205,34,240,0.382324,47
20150921_131346_image541.png,42,767,69,796,0.368652,47
20150921_131346_image541.png,320,1106,355,1138,0.366699,47
20150921_131346_image541.png,23,852,64,890,0.363770,47
20150921_131346_image541.png,568,1,616,60,0.312256,47
20150921_131346_image541.png,101,656,142,700,0.303711,49
20150921_131346_image541.png,35,571,63,602,0.303223,47
20150921_131346_image541.png,612,399,644,439,0.295410,47
20150921_131346_image541.png,38,560,86,598,0.286133,47
20150921_131346_image541.png,158,1008,186,1038,0.281982,49
20150921_131346_image541.png,654,770,692,800,0.269287,47
20150921_131346_image541.png,0,654,28,679,0.258057,49
20150921_131346_image541.png,609,660,634,684,0.257324,47
20150921_132038_image666.png,6,286,41,333,0.544922,47
20150921_132038_image666.png,114,338,147,375,0.534180,47
20150921_132038_image666.png,694,526,720,568,0.470703,47
20150921_132038_image666.png,405,1043,439,1079,0.458008,47
20150921_132038_image666.png,563,934,596,965,0.456787,47
20150921_132038_image666.png,79,348,105,386,0.449219,47
20150921_132038_image666.png,553,994,583,1029,0.438477,49
20150921_132038_image666.png,465,998,498,1030,0.423096,47
20150921_132038_image666.png,606,780,640,818,0.415527,47
20150921_132038_image666.png,116,412,178,454,0.410400,47
20150921_132038_image666.png,224,1012,254,1044,0.402832,47
20150921_132038_image666.png,185,356,216,388,0.392578,47
20150921_132038_image666.png,315,1086,345,1118,0.359863,49
20150921_132038_image666.png,389,894,420,930,0.351074,47
20150921_132038_image666.png,666,1003,702,1045,0.346924,47
20150921_132038_image666.png,690,1037,720,1073,0.341064,47
20150921_132038_image666.png,100,502,128,525,0.276123,47
20150921_132038_image666.png,251,857,287,899,0.258057,47
20150921_132038_image666.png,672,896,702,926,0.252441,47
20150919_174151_image231.png,247,91,291,136,0.654785,47
20150919_174151_image231.png,427,863,474,914,0.574219,47
20150919_174151_image231.png,337,288,382,329,0.557129,47
20150919_174151_image231.png,392,182,433,234,0.532715,47
20150919_174151_image231.png,227,932,266,968,0.516113,47
20150919_174151_image231.png,91,1066,130,1108,0.497070,47
20150919_174151_image231.png,654,15,688,47,0.473145,47
20150919_174151_image231.png,690,141,718,172,0.471924,47
20150919_174151_image231.png,580,330,606,362,0.451172,47
20150919_174151_image231.png,360,173,396,217,0.446289,47
20150919_174151_image231.png,70,171,100,205,0.419922,47
20150919_174151_image231.png,670,561,697,585,0.402832,47
20150919_174151_image231.png,189,280,227,322,0.401855,47
20150919_174151_image231.png,556,63,595,99,0.399414,47
20150919_174151_image231.png,155,354,208,396,0.392090,47
20150919_174151_image231.png,536,90,564,117,0.380859,47
20150919_174151_image231.png,522,50,562,91,0.373779,47
20150919_174151_image231.png,122,70,158,106,0.372559,47
20150919_174151_image231.png,480,900,526,947,0.347168,47
20150919_174151_image231.png,374,358,415,403,0.343506,47
20150919_174151_image231.png,97,63,126,95,0.343018,47
20150919_174151_image231.png,447,1024,487,1072,0.335938,47
20150919_174151_image231.png,34,236,66,268,0.329834,47
20150919_174151_image231.png,681,102,716,133,0.321289,47
20150919_174151_image231.png,49,92,87,126,0.310303,47
20150919_174151_image231.png,428,41,482,82,0.303711,47
20150919_174151_image231.png,262,188,301,232,0.291504,47
20150919_174151_image231.png,395,110,441,154,0.286377,47
20150919_174151_image231.png,14,544,56,592,0.260742,47
20150921_131346_image1001.png,560,859,600,908,0.651367,47
20150921_131625_image156.png,54,596,104,642,0.685547,47
20150921_131625_image156.png,632,434,686,477,0.646484,47
20150921_131625_image156.png,453,921,492,958,0.558594,47
20150921_131625_image156.png,539,616,581,653,0.554199,47
20150921_131625_image156.png,369,387,412,426,0.553711,47
20150921_131625_image156.png,27,934,75,977,0.544922,47
20150921_131625_image156.png,678,372,720,415,0.533203,47
20150921_131625_image156.png,608,408,652,440,0.520020,47
20150921_131625_image156.png,619,241,670,285,0.513672,47
20150921_131625_image156.png,508,213,550,258,0.491699,47
20150921_131625_image156.png,130,830,160,862,0.481934,47
20150921_131625_image156.png,566,85,606,142,0.481445,47
20150921_131625_image156.png,314,417,356,450,0.445557,47
20150921_131625_image156.png,277,929,340,974,0.444580,47
20150921_131625_image156.png,417,603,447,639,0.433594,47
20150921_131625_image156.png,622,582,668,616,0.431396,47
20150921_131625_image156.png,612,344,650,374,0.394287,47
20150921_131625_image156.png,644,1178,676,1212,0.385742,47
20150921_131625_image156.png,0,969,21,1015,0.380127,47
20150921_131625_image156.png,278,928,340,974,0.371338,49
20150921_131625_image156.png,579,172,624,213,0.367188,47
20150921_131625_image156.png,498,290,538,332,0.352051,47
20150921_131625_image156.png,666,546,696,578,0.343506,47
20150921_131625_image156.png,584,554,626,599,0.335693,47
20150921_131625_image156.png,258,1096,293,1128,0.330078,49
20150921_131625_image156.png,8,1142,44,1180,0.287354,47
20150921_131625_image156.png,639,632,692,673,0.283691,47
20150921_131625_image156.png,203,1183,238,1215,0.281250,49
20150921_131625_image156.png,306,1235,342,1273,0.272217,49
20150921_131625_image156.png,564,757,592,784,0.264404,49
20150921_131625_image156.png,306,1235,342,1273,0.259033,47
20150921_131625_image156.png,66,968,105,1005,0.258545,47
20150921_131625_image301.png,418,1122,466,1170,0.740234,47
20150921_131625_image301.png,614,313,662,360,0.726074,47
20150921_131625_image301.png,500,371,546,418,0.701172,47
20150921_131625_image301.png,666,1236,714,1280,0.696777,47
20150921_131625_image301.png,309,284,350,318,0.624512,47
20150921_131625_image301.png,536,611,592,658,0.612793,47
20150921_131625_image301.png,596,606,638,648,0.584473,47
20150921_131625_image301.png,570,984,614,1029,0.564453,47
20150921_131625_image301.png,629,755,680,799,0.548828,47
20150921_131625_image301.png,332,472,368,507,0.547852,47
