apple 197 902 245 952
apple 150 395 190 431
apple 205 178 234 210
apple 145 235 175 264
apple 193 299 225 336
apple 297 33 336 73
apple 235 332 267 365
apple 505 813 539 851
apple 363 712 392 741
apple 283 285 317 322
apple 283 285 317 322
apple 253 291 282 323
apple 307 587 336 617
apple 366 528 395 558
apple 669 698 702 723
apple 339 720 362 742
apple 339 720 362 742
apple 517 860 548 892
apple 194 593 225 621
apple 194 593 225 621
apple 194 593 225 621
apple 194 593 225 621
apple 193 569 216 597
apple 193 569 216 597
apple 193 569 216 597
apple 257 186 273 218
apple 665 943 692 976
apple 30 589 56 617
apple 30 589 56 617
apple 233 184 257 214
apple 85 769 104 789
apple 85 769 104 789
apple 85 769 104 789
apple 662 865 706 898
apple 172 485 194 505
apple 172 485 194 505
apple 172 485 194 505
apple 220 497 248 530
apple 220 497 248 530
apple 166 584 185 609
apple 682 608 705 633
apple 682 608 705 633
apple 682 608 705 633
apple 682 608 705 633
apple 99 785 119 815
apple 286 409 307 439
apple 660 676 683 697
apple 112 509 131 526
apple 620 780 647 795
apple 620 780 647 795
apple 620 780 647 795
apple 620 780 647 795
apple 620 780 647 795
apple 292 242 309 270
apple 177 700 200 718
apple 177 700 200 718
apple 263 376 292 401
apple 335 747 357 762
apple 335 747 357 762
apple 559 700 581 724
apple 559 700 581 724
apple 193 299 225 336
apple 292 242 309 270
apple 349 558 378 580
apple 349 558 378 580
apple 622 595 643 617
