apple 124 796 169 829
apple 196 640 226 673
apple 438 678 469 709
apple 438 678 469 709
apple 168 713 218 755
apple 327 800 360 827
apple 327 800 360 827
apple 327 800 360 827
apple 244 361 274 387
apple 12 704 31 727
apple 246 476 284 513
apple 246 476 284 513
apple 246 476 284 513
apple 157 471 181 497
apple 157 471 181 497
apple 157 471 181 497
apple 116 495 140 522
apple 316 652 339 675
apple 316 652 339 675
apple 516 639 543 656
apple 281 216 323 251
apple 281 216 323 251
apple 16 632 41 654
apple 18 448 34 470
apple 18 448 34 470
apple 360 786 378 806
apple 327 719 348 746
apple 327 719 348 746
apple 364 658 388 675
apple 18 448 34 470
apple 18 448 34 470
