apple 80 635 112 667
apple 16 198 43 222
apple 27 634 52 657
apple 133 425 162 451
apple 248 173 270 198
apple 176 210 199 235
apple 55 152 83 174
apple 144 173 166 197
apple 328 618 357 645
apple 685 603 714 636
apple 685 603 714 636
apple 120 602 145 632
apple 109 224 136 251
apple 100 246 123 271
apple 59 192 81 212
apple 512 654 539 681
apple 644 613 661 632
apple 145 487 168 517
apple 272 465 292 490
apple 267 204 289 229
apple 699 468 718 492
apple 58 630 81 654
apple 58 630 81 654
apple 167 394 200 423
apple 388 253 414 276
apple 27 253 52 283
apple 27 253 52 283
apple 183 442 202 469
apple 183 442 202 469
apple 563 708 584 724
apple 563 708 584 724
apple 2 219 24 240
apple 80 635 112 667
apple 606 608 628 634
apple 3 301 25 319
apple 205 273 231 295
apple 685 502 708 520
apple 297 418 324 442
