apple 57 533 91 568
apple 586 313 618 345
apple 533 593 562 619
apple 501 740 521 760
apple 117 637 147 667
apple 290 402 322 435
apple 619 293 641 316
apple 226 275 260 311
apple 545 616 575 643
apple 362 428 392 456
apple 306 355 339 386
apple 341 754 369 780
apple 177 637 210 658
apple 46 619 74 645
apple 57 358 80 382
apple 267 652 294 675
apple 564 331 587 351
apple 87 264 117 296
apple 357 343 387 367
apple 181 546 203 568
apple 27 215 44 233
apple 290 626 316 651
apple 618 663 635 682
apple 429 706 450 728
apple 157 98 174 119
apple 114 252 144 286
apple 150 339 178 366
apple 286 668 312 693
apple 36 189 56 208
apple 384 307 409 331
apple 298 881 317 904
apple 639 334 661 357
