apple 647 704 689 747
apple 630 877 670 910
apple 78 465 115 504
apple 475 723 515 758
apple 517 165 549 196
apple 596 216 621 250
apple 83 671 107 704
apple 215 761 234 782
apple 600 613 633 639
apple 15 666 40 691
apple 72 236 97 260
apple 600 800 640 840
apple 405 730 438 762
apple 198 318 237 350
apple 365 650 399 680
apple 570 289 594 308
apple 447 189 475 212
apple 168 477 201 513
apple 78 103 113 144
apple 545 689 574 723
apple 396 378 419 404
apple 612 764 643 795
apple 327 269 353 299
apple 192 145 222 178
apple 192 145 222 178
apple 645 376 664 398
apple 552 600 585 629
apple 10 171 31 194
apple 382 523 399 542
apple 457 527 478 545
apple 9 63 31 85
apple 657 217 692 250
apple 362 466 383 488
apple 350 710 378 741
apple 459 306 475 327
apple 659 390 678 407
apple 648 607 667 622
apple 100 426 131 456
apple 350 303 373 331
apple 677 430 695 447
apple 618 230 639 254
apple 645 252 669 279
