apple 265 147 299 186
apple 379 154 417 199
apple 410 68 451 115
apple 251 251 288 290
apple 234 289 271 324
apple 412 574 443 607
apple 216 630 251 667
apple 383 507 420 538
apple 660 886 694 916
apple 132 617 164 645
apple 244 215 263 253
apple 177 348 211 373
apple 175 383 203 412
apple 132 739 158 764
apple 171 488 191 511
apple 224 410 247 430
apple 224 410 247 430
apple 228 498 256 518
apple 175 752 199 789
apple 175 752 199 789
apple 175 752 199 789
apple 175 752 199 789
apple 233 547 269 576
apple 233 547 269 576
apple 233 547 269 576
apple 366 670 393 700
apple 366 670 393 700
apple 149 557 168 588
apple 333 227 371 249
apple 333 227 371 249
apple 710 755 719 780
apple 435 524 463 550
apple 408 725 437 749
apple 235 577 261 609
apple 235 577 261 609
apple 274 193 295 216
apple 274 193 295 216
apple 274 193 295 216
apple 274 193 295 216
apple 354 877 383 907
apple 337 35 368 66
apple 413 672 430 700
apple 320 303 352 337
apple 445 748 458 769
apple 713 732 719 751
apple 246 195 260 216
apple 246 195 260 216
apple 246 195 260 216
apple 246 195 260 216
apple 246 195 260 216
apple 246 195 260 216
