apple 306 177 344 214
apple 458 369 489 399
apple 85 355 111 385
apple 18 509 53 540
apple 26 299 51 327
apple 423 272 444 298
apple 70 708 91 728
apple 19 265 35 281
apple 56 490 78 515
apple 99 585 128 611
apple 27 451 56 481
apple 27 451 56 481
apple 97 532 124 557
apple 271 170 294 198
apple 271 170 294 198
apple 271 170 294 198
apple 293 243 323 271
apple 76 510 102 536
apple 76 510 102 536
apple 76 510 102 536
apple 424 661 458 692
apple 129 875 146 904
apple 129 875 146 904
apple 129 875 146 904
apple 88 481 111 508
apple 132 991 160 1023
apple 132 991 160 1023
apple 105 898 116 917
apple 105 898 116 917
apple 105 898 116 917
apple 105 898 116 917
apple 105 898 116 917
apple 105 898 116 917
apple 105 898 116 917
apple 105 898 116 917
apple 242 950 275 988
apple 3 656 41 692
apple 3 656 41 692
