apple 346 716 374 746
apple 505 555 540 598
apple 337 219 359 243
apple 463 399 494 433
apple 499 489 533 524
apple 400 722 429 754
apple 434 472 453 498
apple 412 285 434 314
apple 293 223 321 255
apple 182 275 207 301
apple 326 173 353 202
apple 336 297 365 319
apple 117 595 143 621
apple 420 257 448 288
apple 165 628 187 652
apple 381 719 402 741
apple 471 237 501 266
apple 568 242 592 268
apple 355 272 376 300
apple 396 188 413 207
apple 489 652 518 681
apple 191 586 217 605
apple 628 372 654 408
apple 475 288 495 314
apple 2 555 22 577
apple 109 533 138 563
apple 414 176 442 202
apple 549 450 579 487
apple 426 685 453 708
apple 277 336 301 360
apple 434 602 453 622
apple 546 207 570 234
apple 453 200 477 233
apple 618 307 640 329
apple 271 251 297 269
apple 36 408 56 426
apple 390 235 425 263
apple 317 622 340 646
apple 459 266 483 297
apple 433 305 453 328
apple 248 401 272 428
apple 378 286 403 315
apple 269 407 293 427
apple 306 292 325 316
apple 313 659 330 677
apple 342 415 369 437
apple 56 567 76 588
apple 414 153 440 173
apple 251 581 273 607
apple 33 599 52 614
