apple 497 585 527 613
apple 508 676 547 716
apple 302 708 335 736
apple 447 577 476 610
apple 185 380 219 415
apple 450 766 486 806
apple 90 231 124 267
apple 620 309 651 342
apple 427 147 455 173
apple 517 193 543 221
apple 291 259 309 286
apple 590 543 615 581
apple 362 699 397 731
apple 104 305 138 335
apple 626 591 658 621
apple 261 253 288 282
apple 118 142 145 170
apple 483 844 519 875
apple 369 172 393 198
apple 627 177 657 199
apple 106 117 131 145
apple 251 689 282 714
apple 0 106 23 137
apple 266 722 291 742
apple 361 270 386 292
apple 461 733 491 765
apple 68 367 97 400
apple 286 290 309 316
apple 192 295 217 318
apple 83 463 110 494
apple 59 485 88 511
apple 326 362 350 381
apple 416 664 445 692
apple 30 234 50 254
apple 452 506 475 527
apple 513 217 538 236
apple 692 378 710 399
apple 686 359 706 378
apple 543 206 562 230
apple 433 510 450 527
apple 85 106 110 133
apple 684 337 708 357
apple 478 215 503 245
apple 312 451 330 470
apple 501 265 523 285
apple 1 414 21 443
apple 38 67 62 90
apple 606 160 629 191
apple 566 226 589 254
apple 178 746 199 764
