apple 669 694 712 741
apple 625 791 669 831
apple 202 235 240 276
apple 290 390 327 426
apple 615 604 650 632
apple 422 726 458 759
apple 103 461 136 500
apple 497 719 533 754
apple 656 870 696 906
apple 202 137 230 170
apple 338 261 364 291
apple 639 758 670 789
apple 365 262 389 295
apple 600 204 629 236
apple 480 511 500 533
apple 528 156 558 189
apple 215 311 252 344
apple 370 707 394 734
apple 457 181 484 206
apple 54 115 82 144
apple 361 299 381 322
apple 571 598 602 625
apple 12 51 37 77
apple 382 647 417 678
apple 78 230 102 251
apple 86 53 116 85
apple 369 461 390 481
apple 460 519 480 539
apple 451 279 477 303
apple 14 166 37 186
apple 92 99 125 132
apple 412 796 438 817
apple 88 673 121 704
apple 406 368 430 394
apple 34 664 57 689
apple 559 682 599 718
apple 221 759 240 778
apple 653 238 673 267
apple 559 231 587 257
apple 594 235 618 260
apple 49 189 67 208
apple 645 365 668 385
apple 300 271 323 299
apple 500 502 518 521
apple 665 207 698 237
apple 620 218 643 248
apple 122 423 151 455
apple 190 480 218 509
apple 579 280 603 303
apple 389 516 405 532
