apple 140 509 164 533
apple 522 399 543 419
apple 162 546 184 576
apple 510 421 529 439
apple 584 441 604 464
apple 659 262 679 285
apple 566 662 587 687
apple 0 266 28 293
apple 465 809 485 836
apple 677 442 689 460
apple 679 266 700 290
apple 37 585 71 613
apple 484 778 500 794
apple 616 751 634 778
apple 597 386 616 406
apple 248 790 266 818
apple 106 515 122 542
apple 334 707 352 722
apple 559 639 581 658
apple 494 412 506 432
apple 37 793 54 815
apple 376 692 392 704
apple 648 579 662 593
apple 598 511 617 530
apple 597 739 618 759
apple 129 532 147 553
apple 442 746 453 765
apple 653 523 671 547
apple 246 767 257 778
apple 246 767 257 778
apple 665 419 679 430
apple 96 750 123 766
apple 674 247 683 259
apple 674 247 683 259
apple 455 684 462 693
apple 542 698 563 715
apple 588 637 598 648
apple 689 515 713 536
apple 650 388 667 405
apple 82 520 97 528
apple 634 601 642 612
apple 109 870 119 891
apple 566 596 584 617
apple 566 596 584 617
apple 514 462 529 480
apple 479 381 490 397
apple 553 718 567 731
apple 82 520 97 528
apple 658 744 668 753
apple 658 744 668 753
