apple 501 373 549 421
apple 614 316 663 363
apple 443 687 492 736
apple 417 1121 465 1167
apple 309 287 351 319
apple 393 257 427 300
apple 637 755 677 797
apple 332 471 367 509
apple 499 36 534 82
apple 568 988 612 1026
apple 594 609 633 649
apple 279 326 312 359
apple 275 473 311 508
apple 198 935 242 972
apple 200 975 240 1020
apple 408 151 447 187
apple 303 370 332 404
apple 414 953 450 997
apple 258 495 290 533
apple 301 408 329 441
apple 310 574 348 602
apple 214 706 250 744
apple 597 758 636 785
apple 147 1053 189 1087
apple 666 1236 708 1274
apple 587 711 624 758
apple 533 475 569 507
apple 693 665 719 706
apple 444 219 477 247
apple 446 386 475 418
apple 677 883 707 914
apple 170 1020 212 1053
apple 564 614 590 645
apple 409 214 444 238
apple 683 718 716 749
apple 291 711 330 742
apple 529 614 568 649
apple 223 808 254 835
apple 348 432 387 475
apple 531 914 554 944
apple 350 387 367 412
apple 278 937 314 974
apple 260 910 299 948
apple 627 603 656 636
apple 257 1187 288 1218
apple 678 745 707 778
apple 304 777 339 808
apple 341 747 375 775
apple 124 1046 148 1077
apple 470 41 500 97
