apple 132 645 162 677
apple 202 489 229 524
apple 78 643 105 669
apple 195 429 223 458
apple 44 191 70 217
apple 391 624 423 656
apple 293 469 315 490
apple 563 667 592 686
apple 283 166 305 195
apple 653 612 680 637
apple 324 321 347 354
apple 112 638 135 661
apple 619 738 643 765
apple 164 611 196 635
apple 152 218 178 246
apple 447 438 471 460
apple 440 392 463 417
apple 89 182 111 202
apple 613 662 642 685
apple 138 240 167 268
apple 63 248 80 272
apple 229 272 256 287
apple 202 197 231 224
apple 232 582 260 603
apple 303 196 328 224
apple 614 624 635 647
apple 23 353 45 377
apple 230 244 256 262
apple 197 258 223 283
apple 87 141 106 165
apple 434 251 455 275
apple 186 165 206 187
apple 321 417 342 440
apple 224 224 251 247
apple 255 531 273 549
apple 32 294 50 312
apple 423 279 438 303
apple 307 231 332 258
apple 116 245 137 268
apple 48 358 68 379
apple 375 248 396 279
apple 27 213 54 229
apple 199 540 218 558
apple 407 386 430 408
apple 670 621 700 648
apple 343 257 363 279
apple 513 375 529 395
apple 199 349 218 377
apple 17 524 37 547
apple 101 251 119 278
