apple 286 636 313 664
apple 82 284 116 317
apple 114 651 146 683
apple 81 349 115 382
apple 55 552 89 584
apple 111 274 142 306
apple 357 443 384 470
apple 302 372 332 405
apple 347 357 379 386
apple 146 358 176 386
apple 191 427 216 451
apple 578 328 607 353
apple 526 601 555 635
apple 266 665 291 688
apple 221 294 254 331
apple 46 635 74 661
apple 350 328 378 354
apple 538 628 569 653
apple 282 677 310 706
apple 244 718 272 744
apple 113 308 131 331
apple 123 351 150 378
apple 163 405 188 432
apple 172 649 205 674
apple 297 893 316 916
apple 558 345 578 363
apple 0 392 16 414
apple 59 378 83 403
apple 285 421 316 449
apple 226 632 246 649
apple 301 444 326 466
apple 631 348 654 367
apple 612 306 632 328
apple 27 521 59 548
apple 30 238 46 256
apple 337 766 366 792
apple 417 718 441 739
apple 429 462 449 487
apple 613 673 634 691
apple 5 228 28 249
apple 494 748 518 770
apple 37 214 58 234
apple 375 324 402 344
apple 244 162 265 190
apple 174 559 201 584
apple 120 379 137 405
apple 159 753 181 776
apple 155 139 175 156
apple 6 385 36 406
apple 591 667 613 684
