apple 0.869141 191 442 232 492
apple 0.853027 135 402 168 437
apple 0.848633 15 996 56 1035
apple 0.845703 23 888 72 926
apple 0.840332 504 756 554 802
apple 0.836914 0 291 39 334
apple 0.830566 74 744 105 778
apple 0.822266 644 237 686 284
apple 0.806641 49 661 88 698
apple 0.772461 55 250 85 285
apple 0.763184 47 346 82 384
apple 0.746582 2 509 46 548
apple 0.742188 27 950 56 976
apple 0.736816 34 272 67 308
apple 0.718262 68 311 94 342
apple 0.699707 56 781 84 810
apple 0.687988 87 870 110 900
apple 0.665527 159 580 190 614
apple 0.665039 200 604 231 636
apple 0.635254 37 1058 73 1110
apple 0.606445 695 446 720 476
apple 0.591309 77 686 104 721
apple 0.590820 135 578 234 648
apple 0.580566 12 192 65 234
apple 0.519531 459 686 474 708
apple 0.511719 482 686 520 720
apple 0.510254 412 561 437 587
apple 0.486816 634 280 710 320
apple 0.484619 578 516 598 536
apple 0.473877 123 988 138 1008
apple 0.437256 546 487 557 500
apple 0.430664 4 240 30 265
apple 0.409912 699 501 716 518
apple 0.382324 70 436 97 459
apple 0.373779 1 133 36 169
apple 0.364014 687 692 720 714
apple 0.350342 55 862 75 884
apple 0.336670 171 608 203 644
apple 0.326660 121 728 144 745
