apple 0.876953 466 678 502 718
apple 0.816895 400 793 434 824
apple 0.811035 199 757 237 795
apple 0.794922 304 778 339 809
apple 0.785156 512 576 544 609
apple 0.745605 323 634 368 674
apple 0.725586 216 666 253 706
apple 0.685547 461 619 494 654
apple 0.629395 0 605 23 640
apple 0.617676 416 642 444 672
apple 0.516113 444 565 471 592
apple 0.496826 528 378 550 398
apple 0.447754 221 730 238 749
apple 0.447266 124 550 151 578
apple 0.376465 423 559 438 572
apple 0.371826 538 510 560 538
apple 0.370850 606 479 622 496
apple 0.335449 398 663 420 688
apple 0.322266 550 451 562 467
apple 0.304932 312 340 328 354
apple 0.296875 413 335 463 390
apple 0.279297 296 271 310 285
apple 0.259766 680 423 704 445
