apple 0.862793 28 477 71 513
apple 0.855469 174 652 216 690
apple 0.854492 230 86 271 133
apple 0.845703 77 794 115 832
apple 0.843262 698 644 720 682
apple 0.817871 625 470 663 507
apple 0.814941 124 1067 158 1103
apple 0.810059 656 493 696 530
apple 0.797852 233 305 270 336
apple 0.786621 285 92 316 133
apple 0.780762 141 698 175 736
apple 0.774902 302 967 344 1007
apple 0.773926 156 180 194 229
apple 0.768555 173 237 212 296
apple 0.764160 145 140 181 170
apple 0.757324 142 276 184 310
apple 0.744629 252 481 286 513
apple 0.739746 140 554 176 588
apple 0.734375 452 107 472 128
apple 0.698730 239 736 279 778
apple 0.694824 269 582 332 634
apple 0.670898 248 54 283 87
apple 0.657715 230 475 255 505
apple 0.653809 121 587 151 616
apple 0.646484 18 998 44 1028
apple 0.642578 436 663 458 682
apple 0.630371 344 339 383 377
apple 0.624023 290 51 315 91
apple 0.615234 359 603 390 631
apple 0.600586 441 85 456 100
apple 0.600098 696 496 720 522
apple 0.592285 206 737 279 791
apple 0.583984 355 434 379 457
apple 0.571777 190 916 209 942
apple 0.552734 279 896 308 933
apple 0.552246 303 191 330 242
apple 0.543945 319 324 383 377
apple 0.522949 239 569 280 613
apple 0.521973 616 279 684 357
apple 0.510254 73 543 108 578
apple 0.453369 208 441 232 465
apple 0.445312 489 1018 511 1039
apple 0.439697 172 908 195 927
apple 0.439697 454 45 470 62
apple 0.436768 383 592 408 615
apple 0.425781 319 326 354 368
apple 0.358154 652 321 684 346
apple 0.339600 150 594 179 620
apple 0.336182 220 544 252 582
apple 0.329834 206 754 248 790
