apple 0.721191 676 666 709 706
apple 0.668457 588 887 636 924
apple 0.591797 59 980 78 999
apple 0.567383 398 734 426 770
apple 0.508789 428 360 446 376
apple 0.507812 397 766 438 802
apple 0.465576 189 376 219 396
apple 0.445068 552 684 564 698
apple 0.392334 559 664 576 676
apple 0.354004 686 546 709 566
apple 0.332764 11 390 29 403
apple 0.330322 27 414 43 442
apple 0.316650 410 349 424 368
apple 0.298340 447 381 462 396
apple 0.297119 592 416 605 431
apple 0.293701 0 502 10 520
apple 0.290283 600 441 612 458
apple 0.290039 709 674 720 706
apple 0.288574 340 308 354 323
apple 0.275879 614 322 630 338
apple 0.265625 63 396 76 410
apple 0.261963 431 380 445 393
