apple 0.752930 62 456 98 491
apple 0.749023 369 510 403 552
apple 0.728516 87 302 124 338
apple 0.725098 34 902 64 932
apple 0.724121 172 327 210 362
apple 0.707520 316 133 352 176
apple 0.704102 521 427 561 468
apple 0.677246 666 304 698 334
apple 0.668457 406 824 429 847
apple 0.649902 259 280 286 307
apple 0.645996 635 698 677 736
apple 0.628906 510 824 536 848
apple 0.597168 177 105 202 132
apple 0.593262 449 342 491 387
apple 0.586426 535 294 566 327
apple 0.578613 670 202 703 234
apple 0.571289 41 428 75 463
apple 0.561523 616 526 635 546
apple 0.549805 406 173 436 209
apple 0.543945 626 764 657 800
apple 0.537598 684 784 720 822
apple 0.523926 75 152 106 182
apple 0.513184 255 157 288 191
apple 0.495850 339 737 378 775
apple 0.495117 137 374 167 406
apple 0.491943 187 219 210 243
apple 0.441406 304 230 330 258
apple 0.435791 558 502 584 526
apple 0.435303 0 270 20 294
apple 0.411377 279 730 309 762
apple 0.410156 182 906 238 954
apple 0.404541 670 546 692 568
apple 0.401855 313 547 347 577
apple 0.369385 580 918 614 944
apple 0.369141 424 527 454 557
apple 0.354736 80 382 114 422
apple 0.352295 189 733 222 775
apple 0.346680 390 132 418 166
apple 0.342529 288 238 312 268
apple 0.339111 438 266 476 311
apple 0.325928 51 82 80 114
apple 0.310059 377 468 410 500
apple 0.304199 186 295 219 322
apple 0.303223 26 762 46 784
apple 0.302979 22 80 52 112
apple 0.302002 615 406 640 430
apple 0.293213 290 234 328 264
apple 0.287842 52 141 79 172
apple 0.287109 675 1025 690 1041
apple 0.286377 298 135 321 170
