apple 0.9998512 867 512 910 553
apple 0.9996923 495 318 533 356
apple 0.99965274 1017 436 1060 482
apple 0.99959236 586 327 625 368
apple 0.99950325 560 405 601 445
apple 0.99949205 236 399 277 439
apple 0.99947864 406 399 454 441
apple 0.99947387 561 278 599 319
apple 0.9993755 645 141 688 186
apple 0.9993285 851 396 894 441
apple 0.9992539 487 198 519 230
apple 0.9990694 730 219 770 259
apple 0.9990305 763 373 798 411
apple 0.9989328 378 330 411 366
apple 0.99893147 737 267 776 309
apple 0.99879396 666 202 698 238
apple 0.9987494 531 217 560 247
apple 0.99840504 1012 595 1045 639
apple 0.99788135 1001 205 1044 243
apple 0.9974323 743 493 781 531
apple 0.9973979 632 328 665 367
apple 0.99702233 236 322 263 359
apple 0.9960433 798 421 828 457
apple 0.996015 994 485 1025 518
apple 0.995551 710 450 748 491
apple 0.99516547 629 674 659 707
apple 0.9950944 616 601 644 628
apple 0.9948137 664 31 695 63
apple 0.99456376 340 505 373 539
apple 0.9940006 169 337 207 373
apple 0.9911522 221 385 258 415
apple 0.9885889 584 662 613 692
apple 0.9661578 400 434 434 467
apple 0.96207386 949 125 975 156
apple 0.9619107 497 365 520 381
apple 0.957143 669 487 697 522
apple 0.9543309 740 544 764 569
apple 0.94213307 1080 504 1102 519
apple 0.89795256 342 330 375 365
apple 0.8892153 642 573 662 609
apple 0.8815253 955 160 970 177
apple 0.8692547 382 389 405 417
apple 0.8629803 468 221 497 243
apple 0.8430944 1059 395 1083 413
apple 0.77113724 593 292 620 322
apple 0.768654 903 464 918 490
apple 0.7664254 607 689 629 718
apple 0.73458123 926 532 974 563
apple 0.72707194 571 698 592 718
apple 0.7086716 592 499 606 513
apple 0.7086566 754 303 774 323
apple 0.6932911 957 544 974 559
apple 0.67254114 468 222 481 233
apple 0.602932 389 406 403 417
apple 0.5727213 606 660 627 689
apple 0.44993845 381 387 402 397
apple 0.44829655 670 511 695 522
apple 0.38448432 561 478 580 491
apple 0.36335 927 533 938 552
apple 0.34746948 396 434 408 455
apple 0.2763114 229 362 252 376
apple 0.20131877 597 660 621 691
apple 0.18505333 390 404 409 422
apple 0.18427043 387 397 403 416
apple 0.12751526 397 434 414 461
apple 0.124790646 578 280 616 326
apple 0.10546254 468 220 488 236
apple 0.09434541 605 671 638 714
apple 0.07178272 926 533 949 556
