apple 0.99867475 514 186 534 208
apple 0.9985374 494 201 517 219
apple 0.99780434 540 392 565 415
apple 0.99730706 930 106 963 133
apple 0.9968016 359 343 378 361
apple 0.9949344 348 422 370 444
apple 0.99446034 893 124 918 147
apple 0.9937668 320 477 341 496
apple 0.99323565 390 481 411 503
apple 0.9922227 361 362 385 383
apple 0.9920867 971 569 993 592
apple 0.99169356 532 262 558 285
apple 0.9915383 733 238 756 260
apple 0.9910874 888 497 909 516
apple 0.9906911 271 392 289 408
apple 0.9901489 535 351 557 366
apple 0.9868933 479 290 499 311
apple 0.9860281 367 464 385 484
apple 0.9847979 721 446 741 467
apple 0.9832622 1156 227 1182 250
apple 0.9772981 510 171 524 188
apple 0.9720195 920 465 938 481
apple 0.9707063 390 505 407 523
apple 0.9679394 884 257 912 284
apple 0.9674631 939 569 958 587
apple 0.96746016 769 469 789 492
apple 0.9667116 974 608 992 620
apple 0.966563 857 92 883 106
apple 0.9615145 356 404 376 418
apple 0.95611423 914 511 930 524
apple 0.95049286 303 413 326 433
apple 0.9461981 351 494 378 513
apple 0.9384169 847 246 870 275
apple 0.9244615 783 216 801 227
apple 0.90578663 986 670 1011 684
apple 0.9047641 930 478 945 497
apple 0.9028821 728 389 745 409
apple 0.8923178 615 328 637 357
apple 0.8894506 815 24 832 36
apple 0.88927126 804 439 827 469
apple 0.88839316 794 553 810 567
apple 0.88295794 535 427 550 440
apple 0.86547536 487 559 502 571
apple 0.8589735 784 392 813 410
apple 0.8474145 590 552 603 571
apple 0.8456138 525 520 541 542
apple 0.8297254 298 434 315 448
apple 0.82651484 360 537 378 548
apple 0.8249982 688 242 717 268
apple 0.8178701 835 293 862 319
apple 0.8063955 336 401 354 417
apple 0.8007061 859 265 884 286
apple 0.7995044 488 185 502 200
apple 0.77093595 344 356 354 367
apple 0.7575512 481 345 499 357
apple 0.7478209 576 227 595 236
apple 0.7214341 434 353 451 364
apple 0.7206171 701 250 717 268
apple 0.7105449 998 518 1023 535
apple 0.7019613 528 519 542 532
apple 0.7012594 848 619 863 631
apple 0.697776 985 121 1010 139
apple 0.64915454 373 406 392 425
apple 0.6391707 836 304 851 317
apple 0.6082027 684 242 699 255
apple 0.5498 853 255 872 280
apple 0.5385049 1030 519 1053 544
apple 0.533728 877 483 889 505
apple 0.5024386 965 113 983 128
apple 0.41702476 880 518 891 535
apple 0.36853784 894 255 913 269
apple 0.3222292 472 182 482 191
apple 0.3033371 859 122 879 132
apple 0.27160412 795 425 807 438
apple 0.23978257 887 552 902 565
apple 0.23489231 1008 560 1044 598
apple 0.23234177 1141 243 1155 267
apple 0.22400604 848 246 866 261
apple 0.13722502 902 237 940 268
apple 0.12526032 985 507 1027 536
apple 0.122271895 782 393 819 439
apple 0.10504871 878 475 912 516
apple 0.0614618 854 92 887 126
apple 0.055531666 481 184 499 198
apple 0.05055766 347 488 383 520
