apple 0.9995826 601 686 632 714
apple 0.99892825 633 79 666 111
apple 0.9982665 466 699 493 719
apple 0.99822956 653 510 679 541
apple 0.99816626 616 326 647 356
apple 0.99798155 632 24 660 57
apple 0.99786973 198 14 224 41
apple 0.9978441 485 143 517 169
apple 0.9978276 223 108 252 135
apple 0.99770916 468 271 489 293
apple 0.9968809 602 116 629 147
apple 0.9968491 425 129 455 161
apple 0.9967795 654 564 675 592
apple 0.9966934 205 266 229 291
apple 0.99659073 171 246 198 270
apple 0.99576294 729 558 757 589
apple 0.995738 192 58 212 80
apple 0.99508494 273 204 295 229
apple 0.9946384 629 57 653 83
apple 0.9945634 363 22 383 45
apple 0.99446315 256 27 280 49
apple 0.9933636 174 142 198 164
apple 0.99313873 216 1 239 24
apple 0.9917402 266 179 288 201
apple 0.9916699 539 701 561 719
apple 0.99032354 606 605 632 633
apple 0.98928386 620 564 641 586
apple 0.98655856 252 388 275 413
apple 0.9844349 530 217 547 238
apple 0.9838113 298 3 318 21
apple 0.98305756 536 27 557 49
apple 0.98235613 246 97 272 123
apple 0.98227745 248 204 267 224
apple 0.9818542 418 297 438 319
apple 0.9813787 255 68 276 92
apple 0.9813395 203 162 231 189
apple 0.97900313 571 685 588 707
apple 0.9738917 497 689 518 707
apple 0.9735869 322 265 353 294
apple 0.9732728 390 391 410 416
apple 0.97306967 362 1 380 20
apple 0.9667913 371 211 388 232
apple 0.96196866 371 462 391 484
apple 0.9587698 443 182 467 202
apple 0.95691633 332 190 353 205
apple 0.9562731 706 560 728 582
apple 0.95425135 487 285 504 303
apple 0.95372593 149 56 174 82
apple 0.9496971 394 172 421 201
apple 0.9482489 212 177 236 197
apple 0.94797 209 126 232 151
apple 0.93900764 565 708 585 718
apple 0.9305904 279 378 296 395
apple 0.9284986 317 372 334 389
apple 0.9274439 241 269 260 294
apple 0.92566043 299 328 317 340
apple 0.9223043 729 551 752 565
apple 0.9044572 327 440 347 454
apple 0.9025928 591 64 608 79
apple 0.9001129 612 646 639 674
apple 0.89225966 204 87 227 113
apple 0.8908415 184 227 201 247
apple 0.885563 234 193 251 207
apple 0.8735472 146 128 170 155
apple 0.8690636 257 286 272 304
apple 0.85826725 226 132 255 161
apple 0.84438705 373 430 387 447
apple 0.82952386 256 334 277 350
apple 0.80110574 343 254 362 269
apple 0.78772944 326 442 347 467
apple 0.7786908 209 225 228 242
apple 0.77743 573 644 588 660
apple 0.77399373 394 179 411 202
apple 0.77020377 624 674 640 695
apple 0.5955519 623 704 645 718
apple 0.5753379 338 335 352 346
apple 0.5556765 613 646 629 662
apple 0.43396762 569 63 581 75
apple 0.3573351 629 380 646 392
apple 0.29036808 542 162 556 184
apple 0.2695781 390 373 403 394
apple 0.13617527 407 484 421 498
