apple 0.9998684 863 426 913 474
apple 0.9996662 900 483 943 525
apple 0.9994066 929 520 971 569
apple 0.99929094 1013 387 1065 432
apple 0.9992798 1065 89 1109 128
apple 0.99924695 89 247 136 291
apple 0.9989524 355 168 396 205
apple 0.99885166 64 557 99 592
apple 0.9988244 358 374 393 410
apple 0.99873906 34 442 73 477
apple 0.99866533 186 263 237 311
apple 0.99857855 931 469 970 507
apple 0.99840826 281 190 322 229
apple 0.9984041 930 226 968 266
apple 0.9983822 69 120 107 157
apple 0.99825984 53 526 88 560
apple 0.9981997 13 655 47 686
apple 0.9981067 292 229 324 263
apple 0.9980507 346 296 390 342
apple 0.99800056 141 688 169 716
apple 0.9979151 286 335 330 383
apple 0.99776447 169 33 201 65
apple 0.9976476 61 95 92 125
apple 0.99745136 320 29 350 65
apple 0.997364 896 654 943 701
apple 0.9971967 47 1 82 21
apple 0.9969638 182 391 231 430
apple 0.9969332 342 108 379 140
apple 0.9968569 1022 441 1072 487
apple 0.9968166 110 395 154 437
apple 0.9967873 876 115 919 154
apple 0.99642193 172 67 206 100
apple 0.99626875 405 649 443 687
apple 0.99617165 548 17 577 51
apple 0.99606305 330 579 362 606
apple 0.9959174 57 62 90 93
apple 0.9957426 444 627 475 666
apple 0.9956678 90 47 127 87
apple 0.99531245 20 537 46 568
apple 0.9953055 212 425 239 455
apple 0.99528956 102 686 134 714
apple 0.9936035 31 11 65 43
apple 0.9930825 86 536 116 567
apple 0.99216497 200 1 225 16
apple 0.9913976 58 704 85 718
apple 0.9902214 128 554 152 581
apple 0.98988754 173 361 212 394
apple 0.9898693 240 34 269 63
apple 0.98972815 233 487 254 510
apple 0.9891103 130 81 159 109
apple 0.98752606 80 288 116 320
apple 0.9873499 50 207 73 232
apple 0.9865096 2 534 19 571
apple 0.9860734 176 0 199 20
apple 0.98539346 960 604 992 637
apple 0.98443884 149 104 182 137
apple 0.9834589 272 119 304 150
apple 0.98343915 181 538 206 564
apple 0.9832586 213 509 241 535
apple 0.9831026 358 143 394 173
apple 0.97984844 368 47 399 77
apple 0.9790517 1 500 16 536
apple 0.97889656 136 27 170 55
apple 0.9758347 56 428 85 453
apple 0.97024494 235 606 262 632
apple 0.9693095 608 1 627 20
apple 0.96786535 912 6 935 45
apple 0.96528774 109 512 135 539
apple 0.96407706 1037 21 1061 49
apple 0.9640518 2 110 29 147
apple 0.9635682 484 632 509 660
apple 0.963176 364 347 401 379
apple 0.962478 205 164 239 197
apple 0.95681614 971 389 1014 434
apple 0.9456154 382 397 405 423
apple 0.944223 802 426 842 459
apple 0.9430709 365 660 390 682
apple 0.9385945 356 9 380 39
apple 0.93784636 99 587 127 613
apple 0.9316719 956 68 983 99
apple 0.9290754 559 668 585 697
apple 0.9264554 960 486 1003 527
apple 0.86879945 12 581 40 613
apple 0.8656196 207 470 224 488
apple 0.8531936 896 405 922 430
apple 0.84791297 789 318 813 339
apple 0.83965343 492 354 515 377
apple 0.81322414 2 627 21 648
apple 0.8064842 730 372 744 395
apple 0.7788623 822 188 840 205
apple 0.7698274 948 389 970 412
apple 0.7683644 133 5 154 22
apple 0.76129603 571 23 591 52
apple 0.75286007 20 597 40 614
apple 0.74129635 81 208 95 232
apple 0.7359583 771 533 785 561
apple 0.7025571 1 149 28 181
apple 0.60915273 569 590 580 602
apple 0.59731036 267 624 283 663
apple 0.56577766 32 50 63 77
