apple 0.9995946 93 191 123 219
apple 0.99955994 127 514 163 548
apple 0.99941707 806 11 845 51
apple 0.9993924 275 345 312 383
apple 0.99938035 304 434 340 473
apple 0.9993593 405 295 444 331
apple 0.99935097 841 210 881 249
apple 0.9993382 740 484 789 535
apple 0.99909806 78 396 106 422
apple 0.99903 110 270 142 298
apple 0.999015 45 247 76 275
apple 0.9989982 123 295 153 327
apple 0.9989317 48 275 80 304
apple 0.99890554 435 313 470 349
apple 0.99887794 68 542 99 573
apple 0.9988714 508 682 553 717
apple 0.998659 100 603 142 642
apple 0.99825567 676 395 709 441
apple 0.9982033 937 26 977 65
apple 0.99812275 262 484 290 511
apple 0.99779165 159 173 187 200
apple 0.99755377 100 533 133 562
apple 0.9975259 270 442 307 483
apple 0.9975236 839 60 875 97
apple 0.99742436 356 386 386 416
apple 0.997317 377 77 409 110
apple 0.9971764 847 597 871 623
apple 0.9970285 868 92 896 129
apple 0.9970284 243 196 269 222
apple 0.9969843 871 58 895 91
apple 0.99669987 229 65 272 102
apple 0.9962607 212 543 239 569
apple 0.9962452 196 405 221 430
apple 0.99624497 588 426 642 479
apple 0.99622405 219 518 250 547
apple 0.9959494 520 558 556 604
apple 0.9959046 751 320 779 350
apple 0.99590045 141 281 166 305
apple 0.9955974 87 1 118 18
apple 0.9955859 743 545 776 580
apple 0.99549603 221 33 256 66
apple 0.99546486 893 80 927 116
apple 0.9950433 112 182 134 200
apple 0.99393964 159 409 188 439
apple 0.99379396 287 158 312 183
apple 0.99266064 173 50 211 86
apple 0.99258256 318 1 355 31
apple 0.9925373 119 438 144 461
apple 0.99191976 128 69 156 96
apple 0.99141145 464 359 493 386
apple 0.9912949 102 578 139 607
apple 0.98986244 51 582 94 623
apple 0.98867434 903 237 933 266
apple 0.98853976 461 680 503 717
apple 0.9877979 78 279 102 306
apple 0.9876431 751 5 787 40
apple 0.98500556 147 673 188 704
apple 0.984917 73 174 104 201
apple 0.98471653 235 266 258 288
apple 0.9834415 760 612 796 653
apple 0.9833882 464 89 485 113
apple 0.9825399 112 466 133 487
apple 0.9804273 162 567 195 597
apple 0.97982806 930 1 964 12
apple 0.9777434 264 285 286 305
apple 0.977013 106 219 130 235
apple 0.96915495 153 333 179 355
apple 0.9633866 222 444 241 462
apple 0.96321756 107 670 140 695
apple 0.96022695 394 144 418 168
apple 0.9579487 932 479 982 538
apple 0.9532147 353 136 375 162
apple 0.9468095 91 308 115 327
apple 0.9422707 448 75 469 98
apple 0.9368265 157 272 180 298
apple 0.93610144 140 460 161 480
apple 0.9287881 363 564 386 586
apple 0.92542773 440 284 461 303
apple 0.90182304 676 118 696 134
apple 0.8962756 357 337 399 374
apple 0.8900327 500 372 523 396
apple 0.88513887 410 688 438 717
apple 0.87960076 260 272 278 289
apple 0.87960017 225 464 238 491
apple 0.86994624 120 1 140 16
apple 0.86642027 551 533 586 569
apple 0.8499775 886 619 910 641
apple 0.83945346 67 361 94 389
apple 0.83121765 250 309 271 324
apple 0.8103573 665 332 683 345
apple 0.8084404 731 106 743 130
apple 0.77486986 857 713 877 719
apple 0.77264464 435 643 453 663
apple 0.77047336 291 415 308 431
apple 0.61347204 314 250 329 279
apple 0.60609317 702 135 720 152
apple 0.57993543 714 389 736 415
apple 0.50107193 352 326 367 338
apple 0.43919048 272 10 310 53
apple 0.4234483 16 587 50 613
