apple 0.99955755 353 366 395 406
apple 0.99951756 220 406 260 442
apple 0.99933124 522 364 557 405
apple 0.99879336 220 296 258 334
apple 0.9986105 351 15 382 47
apple 0.9985189 234 430 270 463
apple 0.9984894 720 350 761 387
apple 0.9979114 876 369 912 399
apple 0.99783236 402 339 434 370
apple 0.997264 705 216 735 248
apple 0.9925332 372 42 398 74
apple 0.99196166 503 242 533 276
apple 0.988047 371 297 399 326
apple 0.9867561 593 387 623 419
apple 0.98602736 597 520 624 546
apple 0.98554164 606 478 634 508
apple 0.9817122 938 54 973 89
apple 0.9815591 492 460 518 497
apple 0.97891355 835 192 856 219
apple 0.9779473 704 277 727 301
apple 0.9744067 476 423 498 445
apple 0.9529399 300 286 333 323
apple 0.9527015 867 306 901 336
apple 0.935279 589 102 613 114
apple 0.92465305 443 339 467 371
apple 0.92376465 660 391 684 410
apple 0.9232319 805 239 837 257
apple 0.91179174 839 273 861 299
apple 0.841247 664 500 692 521
apple 0.8411664 886 25 914 58
apple 0.82926404 474 268 495 281
apple 0.7987643 875 237 896 256
apple 0.78615683 213 355 239 376
apple 0.770622 400 127 420 141
apple 0.7040785 1021 567 1043 596
apple 0.6792633 308 131 324 149
apple 0.6266239 899 2 922 24
apple 0.61125624 1003 206 1024 226
apple 0.60169524 215 362 237 375
apple 0.57321393 473 405 494 430
apple 0.44438317 475 404 487 416
apple 0.43553936 263 384 290 401
apple 0.39210278 772 313 787 330
apple 0.3732976 443 492 459 508
apple 0.34290203 646 466 664 479
apple 0.28190917 299 298 321 323
apple 0.24835238 800 234 841 265
apple 0.2332762 475 299 491 314
apple 0.1931699 277 378 294 397
apple 0.1905056 315 277 337 301
apple 0.1648883 313 150 328 168
apple 0.099688366 206 346 242 378
apple 0.096308336 262 389 277 401
apple 0.088013805 999 202 1035 238
apple 0.08059092 312 286 332 304
apple 0.07464973 471 404 499 446
