apple 0.999361 843 189 877 223
apple 0.99889237 261 346 294 377
apple 0.9988263 555 212 587 244
apple 0.9987419 552 493 584 521
apple 0.99865305 511 457 534 480
apple 0.9970174 586 345 613 372
apple 0.9967895 463 197 490 220
apple 0.99619246 795 168 829 210
apple 0.9930783 472 221 493 246
apple 0.9927779 779 204 807 230
apple 0.99254507 709 182 730 204
apple 0.9894875 705 37 726 65
apple 0.97937244 859 563 881 581
apple 0.96928686 582 113 602 131
apple 0.9669786 854 626 883 653
apple 0.96694505 578 154 607 178
apple 0.96016353 535 445 552 466
apple 0.9539616 727 640 739 656
apple 0.9254611 796 477 817 490
apple 0.9206794 599 220 624 250
apple 0.9153397 569 380 583 401
apple 0.90596825 517 427 542 444
apple 0.8661937 708 211 729 238
apple 0.8539849 872 665 896 682
apple 0.84440774 850 663 870 682
apple 0.7954476 713 204 730 231
apple 0.76917917 876 447 898 456
apple 0.7646675 708 223 724 239
apple 0.74358845 820 619 836 639
apple 0.6382087 868 626 884 641
apple 0.62180066 693 63 726 83
apple 0.59404504 806 578 820 590
apple 0.5312563 855 633 872 653
apple 0.5127258 517 427 529 442
apple 0.5040863 692 71 705 83
apple 0.40880668 704 61 727 77
apple 0.398986 1162 468 1192 502
apple 0.33246568 635 68 657 84
apple 0.2808056 784 365 795 374
apple 0.1981703 817 607 833 633
apple 0.15818089 692 68 713 83
