apple 0.9996401 944 167 984 204
apple 0.9995401 681 412 720 448
apple 0.9995322 370 488 402 516
apple 0.99936515 316 333 348 365
apple 0.9992931 554 451 590 485
apple 0.99906033 585 307 618 343
apple 0.9986527 750 211 780 240
apple 0.9985171 370 310 404 348
apple 0.99813217 547 180 572 205
apple 0.9980258 470 419 496 445
apple 0.99783736 688 452 721 486
apple 0.99779034 182 360 217 395
apple 0.9976497 990 694 1025 719
apple 0.99687093 615 282 646 315
apple 0.9968669 863 246 894 277
apple 0.99680007 553 392 580 424
apple 0.9960079 445 431 470 458
apple 0.9958534 344 339 372 369
apple 0.99564123 742 183 774 211
apple 0.9955596 916 142 948 173
apple 0.994632 341 312 366 339
apple 0.99451584 471 444 495 470
apple 0.9941122 719 414 749 443
apple 0.99271566 314 430 343 461
apple 0.99250716 505 479 528 507
apple 0.9914894 655 252 680 285
apple 0.99016917 513 444 538 465
apple 0.9893345 527 474 557 504
apple 0.9852984 859 1 891 18
apple 0.983011 623 482 640 507
apple 0.9829364 738 481 760 504
apple 0.9755662 428 339 465 369
apple 0.9415349 460 280 488 304
apple 0.9321604 438 256 456 281
apple 0.931525 110 341 139 370
apple 0.93109435 446 316 475 341
apple 0.9167005 958 209 991 241
apple 0.9000106 408 335 429 363
apple 0.88823426 627 447 667 483
apple 0.84391135 1043 582 1072 596
apple 0.8326154 807 0 833 8
apple 0.8095493 280 409 300 423
apple 0.79077387 592 274 614 300
apple 0.7659916 958 233 985 260
apple 0.7646585 627 462 645 482
apple 0.5965999 427 340 442 367
apple 0.57837695 882 469 908 485
apple 0.54923165 799 419 817 428
apple 0.53188235 419 319 433 334
apple 0.44883236 658 423 682 438
apple 0.44789508 855 436 870 444
apple 0.36591747 954 213 989 261
apple 0.3553067 621 320 651 335
apple 0.32895604 408 506 430 517
apple 0.31402442 619 324 641 335
apple 0.22161503 787 1 815 16
apple 0.1977665 437 530 450 542
apple 0.17663363 413 335 439 365
apple 0.11787524 439 285 466 306
apple 0.11412423 410 327 464 368
apple 0.11346258 572 143 583 153
apple 0.09184707 1039 576 1078 602
apple 0.08583733 660 253 680 271
apple 0.08365805 794 0 826 13
apple 0.07252278 618 317 643 333
apple 0.050173573 635 316 656 333
