apple 0.9994825 557 571 595 610
apple 0.99932396 302 463 335 493
apple 0.99864346 330 606 366 639
apple 0.99842215 497 561 531 590
apple 0.997684 445 158 473 189
apple 0.99724567 517 129 549 162
apple 0.9970595 603 62 635 90
apple 0.99486333 288 515 310 546
apple 0.9942268 433 114 463 146
apple 0.99212646 120 588 153 613
apple 0.9910217 203 560 227 582
apple 0.9905667 146 545 179 570
apple 0.9901192 180 586 206 610
apple 0.9890927 652 176 682 208
apple 0.98872805 849 412 873 440
apple 0.9822728 642 91 666 118
apple 0.97949356 553 277 576 300
apple 0.970611 882 706 913 718
apple 0.9672928 601 125 627 158
apple 0.9666194 751 391 773 419
apple 0.9583347 491 457 518 486
apple 0.9580257 253 118 276 134
apple 0.95552474 576 182 601 210
apple 0.9517645 549 671 568 688
apple 0.9416961 249 194 268 215
apple 0.93724114 635 200 659 226
apple 0.92705745 521 231 545 254
apple 0.90867275 303 429 342 464
apple 0.90779316 259 130 288 160
apple 0.86101675 607 99 628 115
apple 0.86043155 255 174 269 195
apple 0.8565055 165 560 198 586
apple 0.7736945 807 79 838 111
apple 0.7707503 645 145 659 159
apple 0.7698133 561 122 583 146
apple 0.7517545 504 694 525 713
apple 0.5584297 355 183 373 199
apple 0.550234 807 77 821 98
apple 0.2897613 299 429 323 452
apple 0.20003478 492 470 509 487
apple 0.17732996 310 442 341 465
apple 0.17425835 158 550 182 571
apple 0.1714924 250 175 273 205
apple 0.16990653 346 675 360 692
apple 0.15707065 545 110 590 148
apple 0.14221099 254 125 279 147
apple 0.13453598 483 111 517 150
apple 0.13275778 263 143 289 161
apple 0.116591446 800 336 812 349
apple 0.104943864 343 166 379 204
apple 0.06485495 628 192 663 228
apple 0.05619511 601 90 635 128
