apple 0.99988186 135 171 196 230
apple 0.9998723 266 17 322 70
apple 0.99984133 145 76 203 130
apple 0.99964356 300 264 330 292
apple 0.9996344 412 403 453 446
apple 0.99951637 68 200 139 263
apple 0.99944144 385 586 425 624
apple 0.999426 187 173 231 225
apple 0.9993937 321 282 353 312
apple 0.9993843 413 480 452 517
apple 0.9993352 383 438 424 473
apple 0.99927706 565 218 601 258
apple 0.9992594 331 652 370 691
apple 0.99917895 335 540 372 578
apple 0.999124 350 210 385 242
apple 0.9989697 365 503 406 543
apple 0.9988739 288 299 317 326
apple 0.9988557 488 495 518 527
apple 0.99857605 1055 662 1094 699
apple 0.998531 527 688 555 719
apple 0.9984571 354 357 396 394
apple 0.99821293 282 476 318 511
apple 0.99819666 480 656 508 684
apple 0.9980868 393 52 437 100
apple 0.99802727 66 32 93 55
apple 0.99802446 35 36 63 64
apple 0.9978175 587 263 620 295
apple 0.99775994 1026 678 1058 709
apple 0.9974476 1086 653 1118 686
apple 0.997417 362 405 401 443
apple 0.9973314 702 682 730 712
apple 0.99711657 199 80 244 125
apple 0.99705625 2 65 26 92
apple 0.99688536 412 644 437 668
apple 0.99672335 1003 696 1034 718
apple 0.996509 51 76 77 103
apple 0.9964463 634 667 661 698
apple 0.9962714 476 307 509 341
apple 0.9945721 287 328 320 354
apple 0.9945551 421 672 448 698
apple 0.9924044 274 1 320 17
apple 0.99193704 360 456 389 488
apple 0.9916978 550 84 581 124
apple 0.9913818 448 521 470 545
apple 0.99057835 475 445 504 472
apple 0.9898838 404 238 431 269
apple 0.9897962 719 1 745 27
apple 0.98971844 758 0 783 23
apple 0.9892151 91 40 115 64
apple 0.9882917 209 223 239 252
apple 0.9875451 39 114 67 140
apple 0.9870121 387 115 414 146
apple 0.98398906 397 163 426 193
apple 0.9819354 1 148 16 176
apple 0.9785308 721 120 743 145
apple 0.97798103 5 128 22 145
apple 0.97664326 473 420 501 445
apple 0.97627187 591 396 618 419
apple 0.9724042 335 610 363 637
apple 0.96987176 297 251 320 266
apple 0.966213 261 286 289 313
apple 0.9596572 254 311 290 342
apple 0.95781744 673 648 689 664
apple 0.9507291 92 68 119 89
apple 0.94603825 317 424 343 450
apple 0.9320981 400 148 419 165
apple 0.93171245 620 88 648 124
apple 0.9279064 603 557 624 570
apple 0.91684484 1118 292 1138 306
apple 0.9145057 60 1 90 9
apple 0.9100845 382 558 405 580
apple 0.9062451 1090 296 1111 317
apple 0.9038041 469 516 493 543
apple 0.9016339 744 386 760 408
apple 0.90161794 252 257 280 282
apple 0.89049596 559 373 573 388
apple 0.8897442 604 367 625 391
apple 0.876176 349 332 362 353
apple 0.8734388 599 342 622 362
apple 0.86956495 1112 277 1129 293
apple 0.86910534 323 463 351 481
apple 0.84523183 601 291 623 307
apple 0.8361615 634 291 653 316
apple 0.8276537 827 319 844 334
apple 0.7829886 396 278 407 291
apple 0.7740136 770 83 788 100
apple 0.7594337 677 396 690 411
apple 0.7468865 313 172 330 190
apple 0.7380495 311 629 327 648
apple 0.7373101 584 424 600 443
apple 0.71084183 775 64 795 81
apple 0.7065607 589 420 600 433
apple 0.70101273 395 700 413 714
apple 0.69424504 511 275 526 296
apple 0.6106287 310 646 327 664
apple 0.5439623 471 528 491 543
apple 0.5147338 298 437 313 460
apple 0.4338061 524 374 535 387
apple 0.42326164 1111 452 1129 468
apple 0.32750708 943 704 957 715
