apple 0.9996693 376 302 413 337
apple 0.99940467 245 320 277 346
apple 0.9993844 487 340 524 379
apple 0.9991491 465 248 500 288
apple 0.9989348 218 373 250 407
apple 0.9983333 327 292 363 321
apple 0.9977842 322 317 357 348
apple 0.9977816 584 375 614 408
apple 0.9974976 887 274 925 308
apple 0.9973572 558 297 592 330
apple 0.9971807 381 380 415 410
apple 0.9971404 382 253 414 286
apple 0.99660933 524 349 552 376
apple 0.9965928 485 216 512 246
apple 0.99327576 647 299 673 327
apple 0.98674935 671 306 697 333
apple 0.98659897 318 367 348 397
apple 0.9864493 602 270 627 302
apple 0.9842815 1023 412 1061 442
apple 0.97943604 698 313 725 338
apple 0.9773327 426 273 457 299
apple 0.97662246 560 219 585 248
apple 0.97483623 510 242 532 259
apple 0.974427 778 484 796 509
apple 0.973865 670 443 691 466
apple 0.97274435 653 502 676 530
apple 0.97135174 538 420 571 453
apple 0.9700384 743 443 765 471
apple 0.95954543 595 354 621 376
apple 0.9501111 766 372 789 394
apple 0.93993187 611 260 635 276
apple 0.93684685 751 334 770 354
apple 0.9216381 932 289 957 304
apple 0.8956579 591 210 625 240
apple 0.89486253 944 420 966 447
apple 0.87282103 419 363 438 390
apple 0.80588835 697 465 716 482
apple 0.7734615 437 305 453 319
apple 0.7385856 445 323 468 345
apple 0.71207535 771 571 802 601
apple 0.6770291 703 496 726 516
apple 0.65818536 971 316 992 340
apple 0.63318735 272 345 291 358
apple 0.61078763 627 412 648 436
apple 0.5758048 804 461 831 476
apple 0.51968974 428 700 443 717
apple 0.4957885 893 358 906 372
apple 0.46175328 611 207 628 227
apple 0.4286161 437 301 458 321
apple 0.41014177 385 290 402 303
apple 0.36725926 431 277 459 316
apple 0.3081435 271 336 290 356
apple 0.29537153 280 292 294 303
apple 0.2470501 817 225 843 243
apple 0.20827527 439 702 455 718
apple 0.13992257 607 267 630 279
apple 0.10644371 434 293 455 316
apple 0.09529531 1045 324 1079 354
apple 0.08240716 805 223 821 237
