apple 0.999762 710 611 755 658
apple 0.9996896 733 378 767 412
apple 0.9996306 803 561 845 600
apple 0.9995478 394 257 431 296
apple 0.9995314 238 172 276 209
apple 0.9994673 618 577 648 611
apple 0.99932396 607 531 638 563
apple 0.9992793 146 186 179 216
apple 0.99915946 728 446 765 486
apple 0.99913955 882 590 918 629
apple 0.9991033 456 52 495 88
apple 0.99887925 311 184 347 222
apple 0.9987274 170 509 203 542
apple 0.9985827 272 323 300 349
apple 0.99853194 712 326 744 354
apple 0.9984078 769 572 802 606
apple 0.99834025 224 590 253 618
apple 0.9982332 192 441 220 471
apple 0.9979966 276 351 303 374
apple 0.99795413 248 582 271 609
apple 0.99781716 308 344 332 370
apple 0.9975606 531 480 554 503
apple 0.99725133 104 67 138 103
apple 0.997004 171 14 196 39
apple 0.99663 579 702 615 718
apple 0.9960748 383 388 407 413
apple 0.9959623 746 334 772 360
apple 0.9954501 477 151 508 181
apple 0.9954353 290 434 316 460
apple 0.9951997 237 612 264 634
apple 0.9950434 63 19 87 43
apple 0.99471444 59 63 92 99
apple 0.9941916 119 39 146 69
apple 0.9941321 471 356 494 378
apple 0.9933348 245 546 273 572
apple 0.9931003 665 39 700 77
apple 0.99290717 693 511 730 545
apple 0.9923868 438 676 457 697
apple 0.9919967 65 118 88 139
apple 0.9915487 683 662 712 690
apple 0.9913173 234 72 258 98
apple 0.9910575 260 638 285 662
apple 0.99101865 765 202 785 223
apple 0.99094754 273 597 297 625
apple 0.99056226 385 645 406 668
apple 0.99039674 374 141 405 176
apple 0.9903356 86 174 115 200
apple 0.99025095 196 690 225 715
apple 0.9891978 225 653 252 681
apple 0.9890695 807 391 831 416
apple 0.98866594 293 567 319 593
apple 0.9884566 196 46 216 66
apple 0.98730975 533 457 557 479
apple 0.9872578 526 376 548 396
apple 0.98693293 652 343 686 377
apple 0.9860911 615 639 634 658
apple 0.9852187 773 299 792 321
apple 0.9849288 120 176 150 202
apple 0.9848476 419 70 457 105
apple 0.9842832 295 371 317 393
apple 0.9837757 221 3 244 25
apple 0.98116404 316 304 338 327
apple 0.9807014 282 290 308 313
apple 0.98069257 522 501 543 519
apple 0.9791485 657 1 683 12
apple 0.97902346 104 157 139 184
apple 0.9763116 397 662 419 681
apple 0.9758749 491 128 525 157
apple 0.9756334 269 265 292 289
apple 0.9749528 287 510 308 536
apple 0.972843 861 350 883 368
apple 0.9723146 500 451 517 468
apple 0.96921206 218 528 249 547
apple 0.96759564 308 453 333 475
apple 0.96618617 451 299 476 324
apple 0.96602225 266 54 290 77
apple 0.9591398 265 564 282 586
apple 0.94993025 226 370 248 386
apple 0.9498051 514 463 529 481
apple 0.94859225 229 465 256 489
apple 0.94612426 417 287 442 314
apple 0.94231164 337 305 359 328
apple 0.94176936 617 707 645 718
apple 0.93435913 813 517 835 539
apple 0.93345106 528 630 546 648
apple 0.9317223 244 35 263 50
apple 0.9279412 155 135 182 154
apple 0.92498976 84 134 106 152
apple 0.9203169 763 352 790 378
apple 0.9113608 421 103 449 125
apple 0.9098391 645 332 676 351
apple 0.9082147 492 517 509 536
apple 0.895383 450 387 469 401
apple 0.88364255 349 712 373 719
apple 0.87771034 749 508 773 529
apple 0.873139 227 694 247 710
apple 0.8726848 457 409 475 428
apple 0.87142164 554 504 578 526
apple 0.8496361 202 68 214 92
apple 0.84177047 521 674 539 693
