apple 0.9983335 360 273 379 290
apple 0.9973061 501 125 525 142
apple 0.99714893 800 479 820 498
apple 0.9968184 361 290 384 312
apple 0.99643046 540 186 566 210
apple 0.99612254 951 13 982 39
apple 0.99590564 539 312 569 342
apple 0.9933562 525 110 542 131
apple 0.9925047 475 478 498 495
apple 0.9915541 483 225 502 244
apple 0.9910142 844 562 865 578
apple 0.9900449 386 405 406 423
apple 0.9898762 912 28 938 50
apple 0.9894085 979 545 1003 561
apple 0.98762614 362 386 383 407
apple 0.98757416 893 423 917 444
apple 0.9872066 346 346 368 367
apple 0.9826805 314 395 332 411
apple 0.98133117 589 468 616 494
apple 0.98102677 771 381 791 399
apple 0.9771656 353 332 371 345
apple 0.97643864 880 593 898 611
apple 0.97367126 943 505 960 523
apple 0.97054255 608 405 627 429
apple 0.9688695 386 426 402 445
apple 0.9676013 804 453 818 468
apple 0.967474 732 410 750 436
apple 0.9652754 350 452 369 463
apple 0.96475405 568 262 582 279
apple 0.9639763 794 291 818 307
apple 0.963684 522 94 537 112
apple 0.96353745 539 275 554 288
apple 0.9620356 629 219 642 236
apple 0.9609177 600 246 615 261
apple 0.95679 268 312 286 330
apple 0.95369285 928 396 946 412
apple 0.9503196 604 430 622 449
apple 0.949385 877 168 899 188
apple 0.9463844 333 328 351 345
apple 0.9351055 729 329 742 339
apple 0.9286317 986 475 1008 499
apple 0.92849314 803 331 827 357
apple 0.9203514 373 341 391 356
apple 0.91906893 809 353 836 381
apple 0.9172379 464 447 478 466
apple 0.9134567 848 193 873 216
apple 0.90878993 267 384 282 399
apple 0.89768183 919 437 938 449
apple 0.8857159 743 253 762 264
apple 0.88333935 344 283 356 295
apple 0.87987524 344 406 370 429
apple 0.87778014 585 551 597 564
apple 0.8617285 818 374 854 404
apple 0.8593849 497 160 510 175
apple 0.8381807 817 579 829 590
apple 0.8333316 939 410 956 430
apple 0.8201545 453 457 475 480
apple 0.8117286 513 343 528 352
apple 0.81060904 804 23 817 34
apple 0.80616325 866 151 883 171
apple 0.7832204 572 528 592 540
apple 0.77301747 978 503 1001 527
apple 0.76822555 436 285 450 297
apple 0.68812305 619 237 631 254
apple 0.68033004 994 634 1015 650
apple 0.6278254 883 416 896 434
apple 0.6229235 790 232 811 246
apple 0.5965957 237 375 251 396
apple 0.5846001 913 598 926 607
apple 0.5297976 887 447 898 467
apple 0.49529323 710 181 726 201
apple 0.47298542 485 294 497 304
apple 0.4658817 266 361 277 378
apple 0.46558234 802 530 812 540
apple 0.44509065 1018 535 1046 550
apple 0.41961163 891 650 903 661
apple 0.3688482 525 414 544 427
apple 0.3444369 454 465 472 479
apple 0.29373693 894 4 905 15
apple 0.27498594 1017 581 1051 596
apple 0.20652433 865 150 879 160
apple 0.16792154 266 377 280 394
apple 0.09633651 882 413 918 445
apple 0.09162891 921 436 959 471
apple 0.081127785 810 354 845 401
apple 0.076311395 623 222 638 245
