apple 0.99959534 237 207 280 248
apple 0.9993274 211 143 247 177
apple 0.9991942 796 633 833 669
apple 0.9991929 179 216 220 258
apple 0.99911135 507 689 544 718
apple 0.99883074 117 263 164 311
apple 0.99819225 244 126 275 152
apple 0.997664 579 0 621 29
apple 0.9975967 213 176 243 203
apple 0.997065 919 390 959 429
apple 0.99687636 341 292 373 326
apple 0.9958702 416 324 447 356
apple 0.9940468 789 395 823 430
apple 0.99282277 822 30 857 57
apple 0.9927821 506 147 542 182
apple 0.9924901 378 145 410 183
apple 0.99023914 523 300 556 332
apple 0.98836005 788 694 813 718
apple 0.98737794 547 163 580 194
apple 0.98734236 425 357 451 385
apple 0.98717207 424 1 455 11
apple 0.9856436 259 310 281 342
apple 0.9836288 321 172 348 203
apple 0.96687526 283 138 306 164
apple 0.96564776 557 285 587 316
apple 0.96284777 427 158 446 181
apple 0.95849717 684 662 714 694
apple 0.9503356 556 92 573 122
apple 0.9475776 349 172 366 197
apple 0.9447617 790 509 809 528
apple 0.94093925 546 121 574 153
apple 0.9389777 445 197 473 225
apple 0.93795675 555 249 590 274
apple 0.9367369 825 380 855 411
apple 0.92477334 486 83 512 100
apple 0.9076974 633 246 658 269
apple 0.8799662 656 374 691 403
apple 0.87860835 859 117 885 147
apple 0.86389065 342 140 365 160
apple 0.8421544 449 707 471 718
apple 0.8367694 894 370 920 393
apple 0.7964968 896 193 924 223
apple 0.7699211 379 137 398 153
apple 0.7360842 768 241 789 256
apple 0.70337385 410 197 427 220
apple 0.6970808 468 189 485 210
apple 0.6888344 919 93 942 121
apple 0.67794913 405 173 422 189
apple 0.6283258 588 361 618 391
apple 0.5135574 930 155 952 188
apple 0.3832601 873 477 898 504
apple 0.32945904 942 340 967 369
apple 0.24928232 493 245 511 254
apple 0.23998347 912 210 923 224
apple 0.20091696 750 519 764 528
apple 0.19352247 220 306 264 340
apple 0.18894464 1044 243 1060 256
apple 0.15395643 705 639 720 660
apple 0.09714948 246 303 267 318
apple 0.09122521 221 307 250 318
apple 0.084161356 896 193 909 219
