apple 0.99968433 402 133 434 166
apple 0.9995914 291 1 332 39
apple 0.9994734 581 159 612 190
apple 0.9993926 995 18 1035 56
apple 0.9993697 509 2 548 43
apple 0.9993266 236 644 279 686
apple 0.99926287 663 49 696 87
apple 0.99910885 443 190 471 221
apple 0.9990759 131 2 169 37
apple 0.99906796 249 55 282 85
apple 0.99892044 754 504 798 552
apple 0.998448 85 21 118 53
apple 0.99834657 744 71 777 103
apple 0.9983308 887 32 924 72
apple 0.99817526 346 50 383 82
apple 0.997922 273 30 307 66
apple 0.9978325 278 635 310 674
apple 0.99772817 462 201 492 232
apple 0.99701285 193 12 233 48
apple 0.99626046 314 69 340 93
apple 0.995598 196 41 233 65
apple 0.9953685 1164 76 1210 113
apple 0.9952461 1057 38 1096 72
apple 0.9946403 870 83 897 108
apple 0.99308723 864 55 894 81
apple 0.9927004 604 201 634 229
apple 0.9925789 947 26 974 55
apple 0.9903708 780 50 809 85
apple 0.9894465 101 43 143 75
apple 0.9877921 686 71 722 103
apple 0.9867517 450 695 475 718
apple 0.98645777 436 57 460 95
apple 0.98466915 131 30 155 61
apple 0.9811952 692 484 719 516
apple 0.98118585 238 4 264 29
apple 0.9787313 601 137 642 172
apple 0.9723609 691 687 715 718
apple 0.9521274 703 445 721 460
apple 0.94888896 610 170 643 193
apple 0.929563 973 107 1009 142
apple 0.91531956 1088 394 1111 438
apple 0.91286236 290 679 321 708
apple 0.89502305 498 699 517 716
apple 0.8084963 1159 150 1187 169
apple 0.7427939 728 129 742 144
apple 0.7228364 190 3 213 17
apple 0.69319946 686 454 711 475
apple 0.5630575 106 32 155 70
apple 0.5314629 462 54 490 77
apple 0.46812475 514 579 530 597
apple 0.39935777 732 568 749 587
apple 0.39696863 541 97 561 129
apple 0.30378482 976 121 1006 143
apple 0.29321876 636 480 647 493
apple 0.2638012 1001 100 1015 115
apple 0.24724878 333 630 348 647
apple 0.20663087 697 63 731 92
apple 0.13016376 757 11 767 25
apple 0.097491466 444 56 461 77
apple 0.09301142 702 63 730 79
apple 0.09143628 686 445 722 480
apple 0.09092731 128 12 167 53
apple 0.059258536 1090 420 1107 440
apple 0.05878708 193 28 234 57
