apple 0.9999033 818 370 872 419
apple 0.99985504 860 347 916 392
apple 0.99979323 636 411 671 441
apple 0.99973994 710 255 745 289
apple 0.9995679 382 383 412 414
apple 0.99935156 542 487 574 518
apple 0.9991756 386 412 417 442
apple 0.9989157 660 386 699 427
apple 0.9988158 853 208 884 239
apple 0.9987722 676 438 710 476
apple 0.99852437 445 448 471 476
apple 0.9983144 601 430 630 457
apple 0.9968585 1100 419 1145 463
apple 0.99679285 630 500 657 526
apple 0.996378 541 387 565 407
apple 0.99613214 529 343 555 373
apple 0.99577004 344 421 368 444
apple 0.9941095 1069 360 1110 398
apple 0.9933868 852 557 885 582
apple 0.99310124 540 516 566 540
apple 0.9929489 345 317 365 340
apple 0.9921504 365 455 388 483
apple 0.98854256 1145 379 1187 414
apple 0.9851361 1037 330 1075 355
apple 0.97178036 648 456 673 484
apple 0.9708926 890 82 917 108
apple 0.9697148 596 477 614 505
apple 0.96337795 542 553 558 571
apple 0.9507679 713 235 754 259
apple 0.92969096 1002 596 1034 626
apple 0.9097729 924 338 940 369
apple 0.9088593 853 198 887 215
apple 0.90320337 326 297 355 319
apple 0.8890289 1162 372 1180 385
apple 0.8726341 696 239 710 260
apple 0.8185042 1024 227 1035 239
apple 0.8027448 624 515 638 532
apple 0.77860606 676 374 694 389
apple 0.61982524 1131 495 1148 515
apple 0.5723291 999 6 1025 37
apple 0.50414985 1035 642 1068 670
apple 0.4984026 1029 556 1043 569
apple 0.44622266 691 271 710 290
apple 0.42005578 377 582 402 606
apple 0.41303417 823 166 854 199
apple 0.40839192 916 704 933 716
apple 0.37017778 1016 228 1035 243
apple 0.33747417 480 368 505 384
apple 0.31079346 618 384 634 400
apple 0.29696 447 477 459 491
apple 0.25954366 888 388 926 423
apple 0.2578862 828 326 856 353
apple 0.25168782 693 222 706 259
apple 0.24551173 632 366 643 375
apple 0.23793903 852 192 888 227
apple 0.23210897 320 313 331 322
apple 0.22859211 500 358 513 372
apple 0.16622208 637 547 649 557
apple 0.16038108 613 366 645 401
apple 0.14338613 649 457 663 473
apple 0.05203909 895 335 941 370
