apple 0.9991486 145 198 185 234
apple 0.9985977 482 1 511 29
apple 0.9983039 169 163 200 196
apple 0.99793434 323 333 354 359
apple 0.9974533 311 1 343 19
apple 0.9968747 444 701 479 719
apple 0.9960926 833 601 854 628
apple 0.99479717 335 357 363 384
apple 0.9877834 890 136 921 160
apple 0.9847779 548 658 572 686
apple 0.9845671 237 321 265 341
apple 0.9841636 457 4 482 28
apple 0.98177147 138 171 164 198
apple 0.97706807 171 194 196 218
apple 0.9645534 577 256 596 271
apple 0.96227443 288 707 319 718
apple 0.9558681 631 703 654 718
apple 0.9531882 610 307 644 344
apple 0.9495739 836 1 856 27
apple 0.94520944 211 190 236 216
apple 0.9449968 678 697 704 717
apple 0.9410543 537 2 560 31
apple 0.93176454 432 1 466 17
apple 0.9044051 818 18 842 46
apple 0.72906244 744 711 770 718
apple 0.69726497 446 305 464 316
apple 0.69558954 572 286 589 297
apple 0.63691986 334 322 350 334
apple 0.45204353 378 304 390 312
apple 0.4333758 469 277 479 290
apple 0.42006662 926 22 957 54
apple 0.40647295 630 400 643 409
apple 0.39262798 1149 158 1177 186
apple 0.381319 379 345 391 360
apple 0.3741771 553 390 565 404
apple 0.3170079 625 314 642 345
apple 0.2870794 549 704 577 718
apple 0.26305646 531 89 548 113
apple 0.227161 735 709 774 719
apple 0.22604655 804 601 819 619
apple 0.22364421 815 7 852 48
apple 0.20361844 543 249 553 261
apple 0.19246419 846 134 860 145
apple 0.17855845 449 2 474 25
apple 0.14319219 896 637 906 658
apple 0.11512186 824 2 859 38
apple 0.111699596 441 1 506 30
apple 0.06913913 443 713 480 719
