apple 0.9994091 29 329 70 365
apple 0.99789435 160 283 194 320
apple 0.9953081 139 325 175 355
apple 0.9951774 542 43 574 72
apple 0.99399227 473 589 504 633
apple 0.99288917 16 422 46 447
apple 0.9908919 66 445 91 470
apple 0.9907928 552 68 583 97
apple 0.98646474 14 447 47 481
apple 0.9643061 992 670 1033 706
apple 0.928137 1039 695 1061 719
apple 0.8806051 732 653 752 673
apple 0.8169431 708 623 731 650
apple 0.7946748 14 478 38 495
apple 0.7854105 880 235 899 252
apple 0.7710395 904 543 925 555
apple 0.49273503 893 261 915 281
apple 0.41073224 906 541 929 566
apple 0.3788773 1039 707 1059 719
apple 0.36644706 641 632 655 643
apple 0.24883647 636 631 657 651
apple 0.2459738 608 676 620 689
apple 0.18679665 1005 670 1033 697
apple 0.18287438 887 36 913 69
apple 0.14502719 775 697 799 717
apple 0.08015494 10 459 40 484
apple 0.072486885 1018 672 1032 693
apple 0.0702076 705 620 735 663
apple 0.06433847 1070 70 1105 96
