apple 0.9995809 539 73 572 107
apple 0.99940133 833 52 865 86
apple 0.9987348 529 351 561 378
apple 0.998733 489 320 513 345
apple 0.9983467 240 198 272 229
apple 0.9978315 448 54 475 80
apple 0.997652 786 30 819 68
apple 0.99469215 567 215 593 242
apple 0.9928926 455 80 477 103
apple 0.9900912 496 286 523 307
apple 0.9889782 809 669 836 690
apple 0.98646414 392 687 415 706
apple 0.9856089 697 72 719 96
apple 0.9851639 774 690 799 706
apple 0.98503345 769 64 786 83
apple 0.9846489 583 83 608 114
apple 0.98213357 401 706 424 718
apple 0.97596234 512 310 532 329
apple 0.939072 677 659 690 671
apple 0.9310647 566 12 600 38
apple 0.9185724 839 552 859 566
apple 0.89463234 768 336 789 352
apple 0.8640771 694 45 718 68
apple 0.8534586 552 244 566 259
apple 0.84433913 658 609 672 627
apple 0.82329005 1039 291 1061 315
apple 0.8087361 358 658 379 678
apple 0.79664695 758 413 768 427
apple 0.7608362 370 173 388 190
apple 0.75893867 433 300 448 321
apple 0.73613274 788 467 820 495
apple 0.72602314 786 465 806 493
apple 0.68334526 376 665 390 679
apple 0.663551 809 527 823 541
apple 0.65862596 828 419 842 433
apple 0.65021247 825 511 839 528
apple 0.65013194 779 666 790 678
apple 0.63043344 854 297 879 311
apple 0.61986643 869 576 883 592
apple 0.56808853 967 212 981 221
apple 0.5611122 832 500 853 520
apple 0.54027957 731 637 768 676
apple 0.49146113 868 538 882 556
apple 0.47168866 1033 710 1054 718
apple 0.4689111 768 220 781 228
apple 0.4366263 774 678 801 705
apple 0.39719138 812 708 829 718
apple 0.30498838 585 277 599 290
apple 0.25366548 828 246 873 282
apple 0.24825616 463 542 477 552
apple 0.21718414 791 713 804 719
apple 0.20694919 739 638 764 654
apple 0.18172774 858 675 874 683
apple 0.14346957 376 551 388 563
apple 0.11918228 431 335 440 343
apple 0.10178377 801 28 816 40
apple 0.081694864 749 512 760 525
