apple 0.99982977 767 656 809 700
apple 0.99961215 580 555 615 587
apple 0.99911743 606 569 641 609
apple 0.9989706 684 511 720 549
apple 0.99882096 559 494 591 521
apple 0.9977477 822 411 859 446
apple 0.9971734 531 526 554 552
apple 0.9955355 583 642 620 662
apple 0.9953478 844 674 866 704
apple 0.99058247 671 552 697 572
apple 0.9886835 864 41 892 74
apple 0.98103046 377 608 407 639
apple 0.97967243 563 663 590 701
apple 0.9770504 826 450 858 481
apple 0.9760642 764 479 804 525
apple 0.97074044 926 59 962 103
apple 0.96456736 610 258 656 298
apple 0.95720786 615 1 640 15
apple 0.9548257 842 24 871 48
apple 0.9406491 369 590 393 622
apple 0.8948424 984 131 1011 153
apple 0.86287165 744 497 762 513
apple 0.8518388 677 133 698 155
apple 0.8040267 634 686 657 716
apple 0.7138867 894 674 924 706
apple 0.70851827 606 535 626 550
apple 0.64342785 638 686 655 703
apple 0.5570305 407 568 418 579
apple 0.52382874 423 556 452 583
apple 0.4581488 490 672 503 686
apple 0.44270283 940 561 975 594
apple 0.34880856 763 652 776 684
apple 0.33883637 905 669 922 689
apple 0.33116156 739 448 754 474
apple 0.3113799 496 645 510 655
apple 0.27908996 765 480 797 503
apple 0.26498592 778 511 801 524
apple 0.24767849 325 651 336 660
apple 0.21865809 711 486 723 500
apple 0.19970596 371 590 392 607
apple 0.17917986 989 54 1018 84
apple 0.14036761 643 485 654 500
apple 0.1344723 635 708 648 718
apple 0.1295223 605 596 622 610
apple 0.1273751 797 702 823 718
apple 0.11841874 741 446 753 464
apple 0.11550936 1177 535 1218 577
apple 0.08665264 358 613 378 629
apple 0.07258456 860 708 880 718
apple 0.06833524 372 611 387 631
apple 0.057711083 923 49 968 86
apple 0.056533355 776 495 804 525
apple 0.053528674 564 663 619 710
apple 0.05107148 392 609 406 640
