apple 0.99939644 477 91 511 131
apple 0.9989674 904 237 944 279
apple 0.99875534 896 432 925 464
apple 0.997747 756 496 786 527
apple 0.99688256 800 0 826 20
apple 0.99669826 721 274 761 311
apple 0.9960581 419 569 444 595
apple 0.99526995 547 289 581 332
apple 0.99435943 414 277 439 309
apple 0.99388427 835 1 856 22
apple 0.9936139 899 387 927 424
apple 0.99318695 825 298 848 321
apple 0.98914087 252 321 287 357
apple 0.98679775 531 143 563 175
apple 0.9840058 732 382 751 407
apple 0.9823455 873 440 894 459
apple 0.9808528 703 594 728 622
apple 0.9768266 810 347 828 365
apple 0.97545856 769 478 787 502
apple 0.96677274 559 97 577 121
apple 0.95429045 1166 198 1186 230
apple 0.8662108 515 109 542 129
apple 0.85529846 532 522 555 539
apple 0.8195824 624 1 647 10
apple 0.81209826 926 704 956 718
apple 0.79410446 870 30 882 50
apple 0.6803264 668 291 681 308
apple 0.58861595 934 513 955 535
apple 0.4411459 923 106 947 118
apple 0.24706051 858 72 875 97
apple 0.24479787 632 144 648 163
apple 0.2396304 679 315 691 331
apple 0.16695397 666 290 688 318
apple 0.13743018 902 51 918 67
apple 0.13380717 509 108 545 140
apple 0.08761725 663 331 676 351
apple 0.06543263 811 0 851 23
apple 0.064708315 552 287 582 313
apple 0.05998321 663 320 697 374
apple 0.057178084 669 266 682 288
