apple 0.99961543 181 219 214 251
apple 0.99961156 811 526 852 566
apple 0.99960226 294 177 331 210
apple 0.99959236 906 217 957 267
apple 0.9994307 596 211 626 243
apple 0.9993881 334 248 369 284
apple 0.99930525 529 383 560 413
apple 0.9991535 287 298 324 333
apple 0.99915254 585 324 618 354
apple 0.99911684 301 207 341 238
apple 0.99895406 239 160 271 193
apple 0.99872607 860 535 895 568
apple 0.99824655 400 169 436 202
apple 0.99823123 555 365 582 396
apple 0.99799013 292 271 327 299
apple 0.99716765 713 380 742 411
apple 0.9949634 188 246 217 272
apple 0.9945247 377 278 406 309
apple 0.9939526 792 116 820 142
apple 0.99364847 866 682 898 717
apple 0.99313146 697 687 722 718
apple 0.99280715 607 696 631 719
apple 0.9921788 495 236 539 272
apple 0.9913292 722 354 749 381
apple 0.98919535 35 309 72 341
apple 0.9867048 569 204 599 233
apple 0.98372203 190 273 221 288
apple 0.98289376 702 191 721 216
apple 0.9826691 749 347 778 383
apple 0.98226166 771 103 794 125
apple 0.9808334 773 640 795 668
apple 0.9807451 424 217 453 253
apple 0.9764756 484 185 510 211
apple 0.97232497 698 575 722 602
apple 0.9661284 585 181 612 204
apple 0.96463114 376 260 396 280
apple 0.9643815 413 303 437 322
apple 0.9643241 487 312 507 330
apple 0.95395935 587 47 619 84
apple 0.94908386 244 306 271 328
apple 0.9481438 509 128 532 151
apple 0.9460537 44 326 76 350
apple 0.94035584 594 640 618 663
apple 0.9373247 886 523 905 547
apple 0.9349351 316 378 332 394
apple 0.9212177 625 226 641 243
apple 0.91978043 536 329 552 350
apple 0.90157676 909 261 945 282
apple 0.89540035 765 379 790 409
apple 0.87240803 174 297 189 312
apple 0.82858914 572 660 591 681
apple 0.78150547 293 343 312 356
apple 0.74418336 673 679 692 707
apple 0.65092903 904 326 921 339
apple 0.6165866 1061 75 1092 109
apple 0.5792118 941 684 970 711
apple 0.5328322 561 303 582 312
apple 0.52946246 634 191 653 202
apple 0.48124635 587 67 608 85
apple 0.45980868 293 370 306 385
apple 0.3478561 664 675 697 716
apple 0.31062838 619 191 655 240
apple 0.27895465 255 309 283 334
apple 0.22680391 455 312 469 323
apple 0.15490323 906 248 956 280
apple 0.093630776 243 301 289 333
apple 0.08497516 571 491 583 501
apple 0.058622442 772 384 786 408
apple 0.05792064 768 377 803 414
