apple 0.9997291 583 494 614 527
apple 0.99964285 673 505 715 548
apple 0.9996051 703 303 737 337
apple 0.9995647 576 447 607 478
apple 0.99955744 378 182 416 221
apple 0.999521 766 448 805 487
apple 0.9992962 230 88 267 125
apple 0.999154 310 621 341 651
apple 0.99914384 145 423 177 452
apple 0.99876046 193 518 221 544
apple 0.9987457 258 288 284 312
apple 0.99873227 541 587 579 620
apple 0.99866366 696 362 732 399
apple 0.9985291 301 104 336 139
apple 0.99839455 586 620 624 657
apple 0.99836415 253 263 283 288
apple 0.99822456 139 118 172 148
apple 0.9981806 839 481 875 519
apple 0.9979303 170 366 198 394
apple 0.99772483 175 627 202 660
apple 0.9975898 116 107 146 131
apple 0.9975763 686 256 715 282
apple 0.9975163 107 1 140 24
apple 0.9973369 719 266 743 293
apple 0.9973304 269 360 294 387
apple 0.9972249 733 459 764 492
apple 0.9972082 364 65 396 99
apple 0.997171 289 283 315 308
apple 0.99702954 293 191 318 217
apple 0.9969021 464 80 494 111
apple 0.9962018 480 54 512 87
apple 0.99529546 360 325 384 351
apple 0.9951767 660 414 695 446
apple 0.99516994 231 28 255 52
apple 0.99474525 504 453 527 475
apple 0.99468875 220 514 241 538
apple 0.99430746 377 693 397 712
apple 0.9941695 360 684 380 704
apple 0.9940587 204 541 229 562
apple 0.9937171 508 432 528 451
apple 0.99351656 100 83 133 111
apple 0.9926559 337 684 358 707
apple 0.99248815 216 479 242 503
apple 0.99204224 449 311 471 334
apple 0.9914341 263 502 289 525
apple 0.9914096 412 1 450 21
apple 0.99130344 64 38 89 62
apple 0.9912487 160 606 188 632
apple 0.9911288 225 563 251 586
apple 0.9901265 743 177 762 198
apple 0.98902565 504 337 524 354
apple 0.9885195 241 530 267 558
apple 0.9881792 735 322 759 346
apple 0.9881579 645 559 673 587
apple 0.9870832 305 650 334 666
apple 0.9865078 744 269 767 292
apple 0.9860632 275 310 296 331
apple 0.9854042 625 628 650 655
apple 0.9845634 81 57 104 78
apple 0.98393965 627 269 658 302
apple 0.98386174 64 1 97 19
apple 0.9825852 191 575 215 603
apple 0.98170817 697 558 722 584
apple 0.9815149 191 444 221 463
apple 0.97623944 407 104 426 127
apple 0.9686054 283 400 307 422
apple 0.96806514 583 64 607 89
apple 0.96792734 256 208 279 232
apple 0.96594876 79 99 108 127
apple 0.9656456 259 453 281 476
apple 0.9655843 474 425 491 441
apple 0.9639581 784 529 815 558
apple 0.9626089 832 319 854 335
apple 0.9613118 298 247 318 270
apple 0.96008575 776 357 800 380
apple 0.9569849 429 241 457 265
apple 0.9558527 361 621 382 638
apple 0.9533419 653 1 680 8
apple 0.9517746 199 4 214 24
apple 0.9512636 265 233 292 256
apple 0.9459551 233 502 255 524
apple 0.936108 241 1 261 10
apple 0.9342918 376 710 397 719
apple 0.902368 145 63 176 93
apple 0.8979705 195 613 213 629
apple 0.8956992 191 52 213 77
apple 0.89443785 580 593 605 617
apple 0.89179176 281 630 298 650
apple 0.8665747 274 663 296 681
apple 0.85715145 486 437 504 453
apple 0.8566393 207 308 226 321
apple 0.8326103 391 37 405 53
apple 0.794849 772 202 797 228
apple 0.775854 321 245 336 268
apple 0.76666516 45 48 68 67
apple 0.7554818 486 621 500 637
apple 0.7243109 588 543 604 554
apple 0.7138249 404 215 423 233
apple 0.7129355 212 657 228 675
apple 0.68780184 426 351 444 367
