apple 0.99980253 865 405 907 446
apple 0.9997644 350 647 397 695
apple 0.99970454 829 351 876 398
apple 0.9996921 385 666 426 710
apple 0.99940574 973 314 1021 356
apple 0.9992323 20 415 54 448
apple 0.99904877 890 437 931 484
apple 0.99904865 47 526 81 561
apple 0.99890804 51 76 79 107
apple 0.99890184 337 131 379 168
apple 0.9988686 267 286 312 333
apple 0.99876606 1028 42 1070 81
apple 0.99861896 341 333 374 367
apple 0.99859816 328 249 373 293
apple 0.998539 897 178 933 216
apple 0.9984914 173 222 220 267
apple 0.99838686 265 154 304 193
apple 0.99836594 76 215 120 255
apple 0.99819595 752 666 785 701
apple 0.99803406 36 496 70 529
apple 0.99791354 980 364 1026 406
apple 0.99787676 899 394 930 431
apple 0.9978734 57 100 94 136
apple 0.99768806 0 625 28 655
apple 0.9976246 859 563 906 610
apple 0.9973755 97 347 142 390
apple 0.9971058 167 344 217 387
apple 0.996838 847 74 888 113
apple 0.9967372 158 14 188 44
apple 0.99668044 387 590 425 625
apple 0.9963452 123 652 152 679
apple 0.99602723 79 28 116 64
apple 0.99591726 326 79 359 109
apple 0.9959027 418 682 456 718
apple 0.99578166 158 45 190 78
apple 0.9955022 40 671 68 697
apple 0.9952642 158 317 198 350
apple 0.99512607 774 355 808 385
apple 0.9951231 69 507 98 536
apple 0.99512225 304 3 335 39
apple 0.9941486 2 508 27 538
apple 0.99400324 41 400 68 425
apple 0.9934189 194 488 219 513
apple 0.9933776 83 650 116 681
apple 0.99208426 214 464 238 487
apple 0.9915434 276 192 307 218
apple 0.9904041 426 571 456 605
apple 0.9902866 23 1 58 27
apple 0.9901085 50 45 80 72
apple 0.9887622 312 532 343 559
apple 0.98855317 527 1 557 24
apple 0.98570305 341 109 378 137
apple 0.98526496 91 484 118 511
apple 0.98514265 118 60 146 88
apple 0.9851141 124 5 159 35
apple 0.98480296 258 89 288 120
apple 0.9842939 351 22 381 51
apple 0.9818746 191 132 224 163
apple 0.979324 162 509 189 536
apple 0.974737 191 398 220 428
apple 0.97287434 920 531 955 564
apple 0.9724448 109 526 135 552
apple 0.96969897 213 447 232 465
apple 0.96769756 185 443 209 465
apple 0.9668609 764 282 788 305
apple 0.9633893 286 680 301 705
apple 0.95985293 385 66 417 99
apple 0.95478225 539 624 564 651
apple 0.95366997 224 18 255 43
apple 0.94839716 919 409 961 447
apple 0.9467748 22 30 53 61
apple 0.9407491 673 368 692 389
apple 0.93206704 83 555 108 579
apple 0.92063147 1 560 22 586
apple 0.9096458 149 699 173 717
apple 0.9092913 216 569 245 594
apple 0.90557826 349 310 383 341
apple 0.89125216 428 258 444 281
apple 0.8897477 797 155 814 175
apple 0.86978686 66 264 93 294
apple 0.85730803 480 690 498 706
apple 0.8572864 860 336 885 359
apple 0.824318 909 313 931 333
apple 0.80141747 258 673 279 686
apple 0.79206467 163 1 187 9
apple 0.76660866 926 30 952 56
apple 0.7622291 212 381 226 402
apple 0.75022954 348 604 369 620
apple 0.74512255 934 338 962 359
apple 0.7322281 252 571 268 604
apple 0.72364265 1 93 20 136
apple 0.7011814 3 574 22 590
apple 0.6872374 600 621 614 635
apple 0.6611818 364 360 386 387
apple 0.65927225 88 446 105 466
apple 0.64775604 269 364 295 389
apple 0.63601834 740 457 754 483
apple 0.551223 251 696 279 712
apple 0.5379573 453 554 466 567
apple 0.46433613 649 551 668 566
