apple 0.9996834 439 462 477 497
apple 0.99964595 284 380 323 417
apple 0.99947506 174 216 206 245
apple 0.99938 459 19 492 54
apple 0.9993036 95 3 124 29
apple 0.9992638 357 392 396 432
apple 0.9991968 785 612 823 649
apple 0.99915695 311 487 339 515
apple 0.9989875 154 29 183 54
apple 0.9989452 337 128 370 163
apple 0.9988482 890 110 939 163
apple 0.99871767 312 48 346 82
apple 0.9986278 516 300 556 334
apple 0.99857736 98 29 126 57
apple 0.9985083 767 554 801 583
apple 0.9984842 727 123 770 171
apple 0.9983625 153 267 190 301
apple 0.99807477 195 696 229 719
apple 0.99801147 121 152 147 176
apple 0.9978915 322 611 348 638
apple 0.99769056 702 566 738 603
apple 0.99763894 191 360 225 389
apple 0.9975853 828 464 849 486
apple 0.9971614 728 217 758 247
apple 0.99707353 314 514 341 540
apple 0.99707246 535 363 563 393
apple 0.99699736 696 547 723 570
apple 0.99695766 735 274 771 311
apple 0.99688965 556 629 578 649
apple 0.9968004 512 511 536 536
apple 0.99669856 776 693 819 718
apple 0.9966086 307 137 338 173
apple 0.99659795 568 608 591 631
apple 0.996555 223 613 251 645
apple 0.9964567 433 2 467 33
apple 0.9961629 803 560 830 585
apple 0.9959608 155 251 187 272
apple 0.9959098 231 157 255 182
apple 0.99575055 861 568 885 593
apple 0.995576 107 255 142 289
apple 0.9955591 346 509 369 537
apple 0.9945075 597 67 641 113
apple 0.9941186 165 53 193 82
apple 0.99354047 291 225 318 251
apple 0.9935156 325 199 347 223
apple 0.9931872 568 527 590 548
apple 0.9921043 420 558 445 584
apple 0.9915616 134 355 157 373
apple 0.9913681 292 304 322 332
apple 0.99123716 126 36 148 62
apple 0.9911823 120 238 146 261
apple 0.99093586 536 577 556 594
apple 0.9899601 825 362 848 385
apple 0.98877174 530 695 554 718
apple 0.9881599 560 160 593 200
apple 0.9873563 477 310 508 342
apple 0.98734635 253 190 275 211
apple 0.983497 183 41 208 67
apple 0.98214656 390 40 422 69
apple 0.9802484 149 227 177 252
apple 0.9783886 920 527 943 545
apple 0.97783774 384 96 411 123
apple 0.9774055 152 341 185 369
apple 0.9772424 675 59 711 101
apple 0.9765648 195 167 219 192
apple 0.9734744 748 49 774 71
apple 0.97200644 262 529 285 547
apple 0.9704553 134 66 156 84
apple 0.97032624 857 694 882 717
apple 0.9661016 474 340 503 366
apple 0.9631144 527 187 563 228
apple 0.96233505 572 583 593 606
apple 0.95793664 112 305 133 324
apple 0.955561 190 99 215 122
apple 0.955081 193 266 222 285
apple 0.9522709 312 662 337 687
apple 0.9481951 255 254 280 276
apple 0.9460851 895 1 924 20
apple 0.9437788 531 549 550 566
apple 0.9413899 426 355 455 388
apple 0.940028 253 272 269 290
apple 0.9353575 165 74 189 89
apple 0.9306129 747 457 773 480
apple 0.9292928 328 530 355 556
apple 0.91442746 158 194 179 211
apple 0.9107425 553 257 579 290
apple 0.9094816 366 67 386 85
apple 0.88968307 701 662 720 684
apple 0.8893846 304 183 320 196
apple 0.8815959 465 487 487 513
apple 0.8665156 461 313 476 332
apple 0.8587693 259 212 273 233
apple 0.8426502 248 700 278 716
apple 0.8415803 742 96 774 127
apple 0.835712 826 449 845 464
apple 0.827687 652 705 671 719
apple 0.8007763 497 541 515 559
apple 0.7967936 169 358 195 376
apple 0.7954112 108 178 130 195
apple 0.71328706 284 149 306 176
