apple 0.9996232 595 297 629 328
apple 0.9995328 232 358 262 387
apple 0.9994711 497 524 534 561
apple 0.9991123 319 235 356 270
apple 0.9990483 85 379 118 405
apple 0.99891174 451 473 479 507
apple 0.99882096 163 374 200 404
apple 0.9985728 878 449 909 477
apple 0.9974826 30 357 59 386
apple 0.9974125 155 445 185 476
apple 0.9973609 203 432 232 457
apple 0.9972037 69 425 95 453
apple 0.99715793 874 478 907 506
apple 0.99659234 146 358 176 382
apple 0.99610376 464 288 493 320
apple 0.9957563 468 246 495 267
apple 0.99533516 275 298 304 325
apple 0.99475753 649 463 681 501
apple 0.9944021 879 94 914 124
apple 0.99416924 478 476 506 506
apple 0.9923769 266 381 291 400
apple 0.9922421 302 463 326 485
apple 0.99219793 532 349 560 373
apple 0.9897001 742 475 773 501
apple 0.9883739 607 397 635 425
apple 0.98508877 495 495 527 523
apple 0.9826347 281 335 310 361
apple 0.9820884 562 482 588 514
apple 0.98111606 228 396 252 413
apple 0.98057544 202 400 232 424
apple 0.9786509 667 544 695 572
apple 0.9771652 538 489 561 512
apple 0.97428685 58 355 82 379
apple 0.97110885 874 66 905 91
apple 0.968665 794 331 816 353
apple 0.9662417 796 478 811 494
apple 0.96589255 293 446 320 469
apple 0.9654417 105 390 131 415
apple 0.96401566 524 523 545 538
apple 0.95907784 595 325 619 345
apple 0.9574619 386 558 408 575
apple 0.9481563 811 458 832 474
apple 0.94782513 43 373 68 393
apple 0.9440728 810 392 829 410
apple 0.94108 129 408 162 436
apple 0.93751085 340 354 358 376
apple 0.92492354 490 513 518 539
apple 0.91626775 214 346 234 358
apple 0.9007369 170 429 196 446
apple 0.8815582 244 342 263 360
apple 0.8791644 474 279 500 293
apple 0.84580654 30 417 60 431
apple 0.8415225 95 430 124 447
apple 0.7410381 331 401 362 415
apple 0.72235286 574 698 591 717
apple 0.7006856 529 550 556 577
apple 0.67667377 618 432 637 466
apple 0.55260354 82 414 102 425
apple 0.51615304 591 460 608 473
apple 0.5123586 89 411 127 447
apple 0.49203196 226 438 247 458
apple 0.44521573 521 546 537 570
apple 0.4154974 473 389 489 404
apple 0.38027564 465 358 475 367
apple 0.29853016 335 350 354 373
apple 0.27797136 399 373 410 382
apple 0.27343142 489 516 504 538
apple 0.11890536 604 428 637 466
apple 0.07774016 126 418 143 435
apple 0.074749336 239 352 262 377
apple 0.05214821 213 436 239 458
apple 0.051045906 291 453 327 484
