apple 0.9999031 372 501 420 547
apple 0.9998603 314 613 362 661
apple 0.99969554 688 439 735 485
apple 0.9996598 1121 419 1169 465
apple 0.99957985 286 310 321 349
apple 0.9994373 258 392 300 427
apple 0.999385 754 634 797 673
apple 0.9992368 471 332 506 367
apple 0.99920434 35 494 80 532
apple 0.9989938 987 569 1028 613
apple 0.9987961 609 594 649 635
apple 0.9987338 327 278 358 310
apple 0.9986633 473 276 507 311
apple 0.99851614 936 203 973 239
apple 0.9982888 974 198 1021 239
apple 0.9979888 150 405 202 448
apple 0.99778664 372 302 402 333
apple 0.99771655 955 413 995 453
apple 0.9976907 495 255 533 290
apple 0.9975298 409 299 443 329
apple 0.99751186 571 313 604 348
apple 0.9969783 706 212 744 246
apple 0.99624383 755 595 785 632
apple 0.9957938 1054 147 1086 186
apple 0.9957873 1236 666 1277 709
apple 0.99498194 712 587 750 621
apple 0.9945069 474 532 506 567
apple 0.99432015 666 692 703 718
apple 0.99430746 219 447 252 475
apple 0.99399346 385 442 420 475
apple 0.99344677 885 674 912 706
apple 0.99293387 1018 172 1053 212
apple 0.99270004 614 561 647 591
apple 0.99218965 211 407 239 439
apple 0.9915105 717 681 749 715
apple 0.990248 712 290 742 326
apple 0.988655 613 534 646 564
apple 0.988193 809 221 835 253
apple 0.98813766 436 350 470 385
apple 0.98806506 915 530 945 556
apple 0.98741746 388 347 416 365
apple 0.9861204 937 279 972 311
apple 0.9857312 913 264 947 297
apple 0.98426384 602 624 636 653
apple 0.98314166 1183 256 1217 288
apple 0.98312896 749 680 778 707
apple 0.9811323 778 302 806 336
apple 0.9801624 745 338 774 374
apple 0.9784102 1044 124 1074 150
apple 0.975244 39 469 79 497
apple 0.97367483 624 689 645 714
apple 0.97327584 144 482 170 506
apple 0.9707929 841 492 865 512
apple 0.96877456 710 188 739 215
apple 0.96767366 919 238 949 271
apple 0.9660719 1068 190 1108 239
apple 0.9625014 79 489 118 521
apple 0.94455 437 456 464 482
apple 0.94065005 767 99 788 122
apple 0.9398359 366 540 394 566
apple 0.93802494 1168 368 1202 397
apple 0.93126315 591 490 614 517
apple 0.92750454 1255 511 1279 550
apple 0.9209183 196 470 234 503
apple 0.9190158 338 508 362 541
apple 0.9107328 775 56 800 86
apple 0.9070605 467 458 502 491
apple 0.90531296 421 443 453 468
apple 0.8927761 930 595 950 614
apple 0.8859001 700 254 717 270
apple 0.867234 236 427 259 460
apple 0.86024046 1023 540 1043 565
apple 0.82986563 782 404 804 413
apple 0.8159691 735 552 759 581
apple 0.75796103 379 477 410 505
apple 0.71248716 974 645 1000 668
apple 0.70438105 146 380 181 394
apple 0.70124596 530 238 557 273
apple 0.6869618 715 540 741 571
apple 0.6237889 715 538 757 582
apple 0.6038868 658 375 679 386
apple 0.4633814 778 466 806 483
apple 0.44588438 559 271 576 287
apple 0.41960278 342 498 372 537
apple 0.41611737 979 658 1003 681
apple 0.2934776 554 272 592 314
apple 0.19880809 978 655 1015 701
apple 0.19349761 1175 711 1193 718
apple 0.17529003 716 703 740 718
apple 0.15664195 911 245 949 291
apple 0.11705223 144 378 185 404
apple 0.11288067 665 687 743 719
apple 0.1120735 918 272 966 309
apple 0.10565728 72 468 118 517
apple 0.10014205 1017 454 1051 493
apple 0.09632513 366 534 412 568
apple 0.07813564 605 460 646 495
apple 0.05536903 1010 537 1044 570
