apple 0.999154 685 429 722 466
apple 0.99901533 615 24 649 63
apple 0.99801767 946 281 981 314
apple 0.9966426 666 370 708 396
apple 0.9952997 745 435 775 467
apple 0.9939453 1104 555 1152 603
apple 0.99387556 878 379 910 416
apple 0.99337775 670 408 697 438
apple 0.99238 874 443 908 468
apple 0.9921221 637 53 665 79
apple 0.9916249 949 45 983 78
apple 0.9915975 702 466 734 495
apple 0.9810759 1032 486 1060 520
apple 0.9807951 857 126 879 146
apple 0.97299147 898 515 915 539
apple 0.9693467 906 445 929 465
apple 0.967298 1103 599 1131 630
apple 0.9591696 854 359 887 386
apple 0.9574881 648 1 678 14
apple 0.95319426 860 26 884 49
apple 0.95069 936 408 965 436
apple 0.94283855 902 21 935 51
apple 0.94015527 663 98 690 129
apple 0.93080527 957 14 987 46
apple 0.92558527 867 332 890 360
apple 0.90393186 588 5 618 24
apple 0.858985 862 98 883 122
apple 0.43565127 678 1 704 15
apple 0.4284428 678 1 727 17
apple 0.40584326 896 353 929 369
apple 0.37541312 1094 623 1116 644
apple 0.35381585 868 412 889 431
apple 0.23705368 971 11 990 25
apple 0.2179302 510 670 527 692
apple 0.2094828 592 5 630 29
apple 0.20658919 966 567 994 590
apple 0.20609437 1034 505 1056 521
apple 0.16685912 573 690 587 707
apple 0.13868643 608 5 631 27
apple 0.12605704 395 413 408 422
apple 0.11735494 587 120 599 129
apple 0.071589306 248 411 277 426
apple 0.05866022 1106 554 1142 575
