apple 0.99739707 558 304 578 328
apple 0.9959353 456 239 481 267
apple 0.990212 562 275 593 304
apple 0.8937562 406 71 426 91
apple 0.85110813 468 268 482 291
apple 0.74120563 500 0 521 12
apple 0.6528041 575 293 591 306
apple 0.62820846 428 61 455 87
apple 0.5721641 362 0 379 11
apple 0.53598 469 268 501 297
apple 0.4397351 489 287 500 298
apple 0.28142804 429 62 447 79
apple 0.1282914 570 287 593 307
apple 0.09431635 429 63 440 77
apple 0.08625686 514 280 529 295
apple 0.064287975 585 581 598 592
apple 0.06419373 486 284 507 305
apple 0.06382398 499 0 515 9
apple 0.05863294 443 67 457 86
apple 0.05207085 490 285 504 296
