apple 945 166 984 205
apple 921 142 950 173
apple 960 211 988 239
apple 960 238 985 259
apple 865 245 895 275
apple 744 184 775 211
apple 752 211 783 240
apple 445 430 473 459
apple 182 364 215 394
apple 318 332 349 365
apple 342 313 363 339
apple 345 341 373 367
apple 373 312 404 348
apple 441 258 455 281
apple 461 282 488 301
apple 448 319 476 340
apple 408 337 421 365
apple 430 337 462 370
apple 657 255 679 290
apple 615 284 645 315
apple 594 278 603 301
apple 585 305 623 342
apple 473 421 497 446
apple 472 446 495 470
apple 553 395 579 425
apple 556 451 589 484
apple 514 444 538 469
apple 517 478 561 505
apple 370 491 405 517
apple 312 431 345 461
apple 682 414 720 449
apple 720 414 747 441
apple 692 450 721 486
apple 283 410 301 422
apple 505 482 530 506
apple 545 184 573 205
apple 641 448 666 468
apple 623 465 648 505
apple 737 484 760 506
apple 884 472 907 487
apple 806 0 833 7
apple 859 1 891 16
apple 1044 583 1071 600
apple 991 696 1025 719
