apple 67 383 88 401
apple 56 408 71 421
apple 89 433 124 464
apple 76 440 99 466
apple 97 407 122 430
apple 183 373 218 407
apple 322 290 354 318
apple 325 316 350 334
apple 326 337 356 351
apple 379 234 401 266
apple 434 251 465 283
apple 437 279 473 309
apple 426 337 459 364
apple 419 365 457 394
apple 391 371 405 389
apple 468 314 498 345
apple 531 241 565 273
apple 508 325 527 349
apple 506 346 534 378
apple 559 290 582 319
apple 545 376 558 385
apple 578 473 598 487
apple 574 509 585 525
apple 607 375 635 389
apple 623 308 661 336
apple 618 258 650 285
apple 639 201 661 217
apple 700 275 727 302
apple 724 284 754 316
apple 715 239 737 276
apple 749 270 779 289
apple 712 391 744 422
apple 656 448 683 479
apple 684 433 707 459
apple 927 182 949 207
apple 900 171 923 187
apple 1045 305 1100 353
apple 1053 346 1087 365
apple 841 450 865 480
apple 850 422 870 449
apple 651 385 674 408
apple 877 420 895 445
apple 945 605 991 648
apple 996 617 1033 653
apple 425 409 442 439
apple 444 439 460 452
apple 754 300 769 309
apple 776 270 789 289
apple 710 130 734 150
apple 721 113 743 129
apple 846 267 863 284
apple 1026 610 1046 626
apple 896 453 924 486
apple 829 645 846 668
apple 840 400 858 418
