apple 127 19 168 54
apple 146 2 187 24
apple 180 9 218 43
apple 203 1 240 35
apple 210 34 249 72
apple 241 11 278 44
apple 278 15 320 53
apple 270 50 305 84
apple 335 0 364 7
apple 426 52 457 80
apple 288 83 322 114
apple 240 421 279 457
apple 274 428 303 464
apple 401 1 443 13
apple 515 23 546 50
apple 456 357 501 403
apple 545 352 586 388
apple 550 320 592 356
apple 547 151 565 178
apple 590 151 615 186
apple 659 98 698 141
apple 642 1 680 18
apple 563 24 603 65
apple 549 51 591 92
apple 567 117 604 141
apple 548 138 572 157
apple 725 166 756 199
apple 773 39 787 66
apple 851 31 887 61
apple 870 18 904 42
apple 867 87 905 117
apple 918 30 963 55
apple 942 145 970 176
apple 885 205 920 231
apple 777 275 806 319
apple 963 3 993 26
apple 1 574 48 616
apple 94 455 125 476
apple 75 507 101 520
apple 388 626 421 658
apple 560 469 605 515
apple 653 604 688 639
apple 672 546 707 572
apple 757 616 796 655
apple 761 654 804 688
apple 679 504 715 532
apple 50 507 79 529
apple 19 558 54 586
apple 885 2 912 15
apple 798 676 815 709
