apple 86 566 130 608
apple 126 565 161 592
apple 160 511 194 550
apple 170 581 211 619
apple 210 508 256 552
apple 252 605 282 627
apple 246 626 286 663
apple 287 501 323 537
apple 268 517 292 541
apple 299 536 342 574
apple 313 578 330 600
apple 336 557 360 575
apple 340 609 373 650
apple 370 678 415 719
apple 411 690 442 719
apple 407 607 439 646
apple 431 631 475 677
apple 443 671 490 694
apple 388 368 426 411
apple 417 320 449 357
apple 359 1 380 23
apple 596 54 644 104
apple 557 584 594 629
apple 547 665 578 693
apple 582 623 617 668
apple 617 539 657 584
apple 608 415 638 441
apple 740 382 768 411
apple 817 393 844 428
apple 734 494 761 542
apple 684 607 706 639
apple 638 657 663 687
apple 733 644 760 666
apple 753 546 789 591
apple 841 582 869 610
apple 916 455 950 487
apple 833 128 862 158
apple 937 275 970 308
apple 977 350 1010 377
apple 990 400 1019 424
apple 939 32 977 72
apple 969 68 1003 98
apple 919 106 947 137
apple 892 85 928 126
apple 972 1 1010 20
apple 832 13 858 33
apple 669 42 704 69
apple 943 199 972 234
apple 1045 565 1083 611
apple 1031 613 1073 642
apple 935 312 960 323
apple 391 561 411 588
apple 759 5 785 22
apple 863 43 886 79
apple 985 124 1009 142
apple 310 510 344 545
apple 1093 260 1123 289
apple 1127 227 1163 265
