apple 89 238 130 270
apple 163 283 198 328
apple 144 283 172 314
apple 159 217 186 256
apple 260 404 296 438
apple 293 236 329 275
apple 331 289 369 327
apple 317 332 350 362
apple 409 217 441 253
apple 398 100 429 128
apple 444 123 462 150
apple 472 162 513 197
apple 504 178 528 200
apple 499 221 532 263
apple 493 202 516 230
apple 471 293 507 335
apple 545 578 571 606
apple 502 540 525 568
apple 532 508 556 530
apple 491 624 517 659
apple 529 686 547 702
apple 556 489 574 509
apple 538 229 570 264
apple 554 56 592 99
apple 571 117 603 151
apple 648 371 682 418
apple 611 335 649 374
apple 663 253 693 288
apple 695 302 721 341
apple 640 170 673 207
apple 633 123 666 160
apple 743 274 783 312
apple 758 388 798 430
apple 821 425 847 445
apple 891 304 932 346
apple 887 478 923 512
apple 880 113 917 148
apple 833 61 851 84
apple 722 650 746 676
apple 884 616 912 644
apple 385 118 410 141
apple 150 262 173 274
apple 267 247 299 279
apple 293 306 333 338
apple 792 348 806 377
apple 878 376 905 402
apple 887 334 914 360
apple 1106 592 1136 623
apple 1103 629 1127 646
apple 408 257 438 283
apple 167 330 191 348
apple 489 335 504 349
apple 430 637 461 678
apple 462 644 493 680
apple 576 390 608 417
apple 718 386 742 402
apple 863 364 885 375
apple 519 565 550 588
apple 488 576 508 600
apple 602 696 647 719
apple 675 698 707 719
apple 704 684 725 699
apple 758 681 795 718
apple 801 666 827 688
apple 851 687 889 718
apple 1014 641 1048 672
apple 1045 650 1076 683
apple 964 630 989 668
