apple 856 298 889 322
apple 783 174 807 192
apple 747 31 776 50
apple 673 38 685 48
apple 631 206 644 219
apple 615 101 634 126
apple 558 501 570 514
apple 564 510 587 538
apple 506 380 517 396
apple 562 54 592 87
apple 593 62 608 75
apple 597 25 608 50
apple 555 5 593 45
apple 487 124 511 151
apple 427 8 452 37
apple 429 50 463 73
apple 504 103 524 115
apple 399 74 433 103
apple 415 104 437 138
apple 405 117 413 133
apple 380 110 407 136
apple 392 83 409 102
apple 375 104 384 117
apple 344 41 370 73
apple 346 72 359 91
apple 317 60 341 88
apple 241 112 273 141
apple 182 41 209 78
apple 43 0 75 13
apple 249 491 283 522
apple 264 520 295 551
apple 653 565 669 586
apple 158 489 185 513
apple 122 378 152 406
apple 54 394 96 431
apple 81 370 113 407
apple 80 341 113 374
apple 46 350 72 385
apple 888 178 927 209
