apple 121 547 167 581
apple 749 511 797 553
apple 402 299 428 325
apple 727 483 766 527
apple 331 507 358 533
apple 311 600 341 633
apple 391 467 416 497
apple 356 608 381 639
apple 314 691 343 717
apple 653 544 684 572
apple 742 449 785 478
apple 428 293 447 324
apple 406 456 428 475
apple 233 463 264 480
apple 230 439 264 463
apple 364 491 384 514
apple 794 654 830 692
apple 312 638 332 661
apple 343 476 359 498
apple 275 557 300 575
apple 263 570 302 610
apple 316 672 343 692
apple 390 456 404 471
apple 331 490 343 502
apple 373 84 390 100
apple 510 426 536 450
apple 536 618 558 642
apple 517 612 530 642
apple 362 460 387 493
