apple 381 608 408 641
apple 371 591 391 605
apple 355 615 381 632
apple 613 0 639 15
apple 557 492 591 524
apple 532 525 555 553
apple 579 555 617 590
apple 607 566 641 611
apple 605 535 626 555
apple 583 641 625 666
apple 562 665 592 704
apple 632 683 656 719
apple 767 656 814 700
apple 669 551 697 572
apple 686 509 719 549
apple 820 410 861 445
apple 764 479 804 520
apple 745 499 760 513
apple 840 680 866 704
apple 825 448 856 480
apple 928 70 961 104
apple 840 26 871 44
apple 863 40 887 71
apple 885 46 900 61
