apple 776 14 815 50
apple 551 100 579 131
apple 58 312 87 344
apple 95 288 123 318
apple 142 281 175 311
apple 178 277 209 313
apple 213 292 238 315
apple 257 237 284 261
apple 175 379 211 420
apple 161 352 199 379
apple 142 313 164 343
apple 131 343 162 373
apple 246 271 270 295
apple 175 432 208 464
apple 187 462 220 492
apple 242 529 275 561
apple 207 535 233 566
apple 239 564 269 603
apple 272 574 306 612
apple 268 557 293 583
apple 275 614 301 641
apple 176 521 211 550
apple 133 426 162 460
apple 418 332 443 366
apple 467 357 498 388
apple 427 460 453 480
apple 413 389 432 418
apple 547 438 577 463
apple 543 473 575 498
apple 702 652 747 697
apple 755 258 793 289
apple 705 233 739 268
apple 642 244 672 278
apple 677 244 703 264
apple 511 114 532 137
apple 497 89 510 104
apple 517 242 538 262
apple 502 342 524 370
apple 531 365 566 390
apple 600 359 613 388
apple 440 475 467 496
apple 465 466 475 493
apple 557 524 586 541
apple 385 467 409 494
apple 219 404 245 422
apple 281 385 308 402
apple 91 267 122 288
apple 203 372 237 395
apple 300 289 331 320
apple 328 299 347 330
apple 267 432 290 458
apple 214 580 242 603
apple 181 480 208 506
apple 446 450 469 474
apple 424 439 447 462
apple 381 505 411 526
apple 516 281 534 303
apple 477 347 503 373
apple 426 23 445 42
apple 759 9 786 34
apple 760 30 781 58
apple 726 75 755 96
apple 733 36 758 61
apple 730 165 752 194
apple 887 387 928 416
apple 831 392 862 420
apple 835 433 873 470
apple 624 377 643 408
apple 570 460 590 483
apple 447 496 461 510
apple 588 614 606 631
apple 606 610 633 627
apple 597 643 622 653
apple 563 665 582 685
apple 570 683 585 707
apple 542 694 564 713
