apple 479 150 507 192
apple 519 162 540 179
apple 541 194 573 228
apple 553 119 584 156
apple 584 106 603 126
apple 589 150 610 174
apple 593 195 625 226
apple 630 213 660 245
apple 639 192 677 225
apple 669 125 684 144
apple 519 687 554 719
apple 541 674 566 701
apple 739 129 774 175
apple 810 85 830 119
apple 829 156 856 180
apple 769 184 805 226
apple 731 241 767 281
apple 801 231 833 262
apple 909 133 936 163
apple 907 98 942 119
apple 808 282 844 319
apple 840 308 872 344
apple 784 329 809 364
apple 761 530 785 560
apple 743 562 766 588
apple 705 627 732 654
apple 779 616 800 645
apple 684 683 714 708
apple 714 689 747 710
apple 745 690 769 715
apple 795 510 818 537
apple 785 521 804 552
apple 927 1 957 22
