apple 289 612 330 655
apple 269 635 314 685
apple 332 670 364 711
apple 420 420 456 450
apple 377 682 413 716
apple 412 638 459 694
apple 485 628 515 652
apple 547 608 593 645
apple 450 706 481 719
apple 573 568 607 599
apple 619 543 655 570
apple 621 504 654 539
apple 662 480 691 511
apple 656 452 693 482
apple 685 606 712 634
apple 730 477 754 493
apple 1077 549 1120 593
apple 378 554 401 571
apple 145 693 181 719
apple 469 670 514 712
apple 537 692 558 719
apple 902 55 950 102
apple 1004 418 1043 442
apple 1115 416 1153 453
apple 944 639 953 650
apple 337 645 357 659
apple 441 495 467 522
apple 449 527 462 549
apple 477 578 496 598
apple 809 679 831 696
apple 1065 627 1092 652
apple 968 354 992 391
apple 941 370 970 398
apple 751 421 776 455
apple 729 431 755 452
apple 678 39 717 77
apple 763 76 787 102
apple 867 75 900 92
apple 800 1 838 24
