apple 139 229 190 278
apple 203 190 244 228
apple 232 139 266 170
apple 199 178 238 202
apple 232 107 274 148
apple 262 87 301 122
apple 303 102 327 136
apple 259 170 302 215
apple 246 268 275 301
apple 278 279 303 315
apple 337 132 372 172
apple 363 105 392 133
apple 369 137 389 159
apple 362 258 396 290
apple 437 290 472 325
apple 442 321 475 350
apple 396 104 437 149
apple 430 135 448 154
apple 426 160 448 181
apple 446 121 465 143
apple 423 61 458 84
apple 465 151 496 190
apple 539 264 573 302
apple 524 103 567 147
apple 571 209 609 240
apple 575 249 609 284
apple 565 126 601 158
apple 574 52 604 85
apple 564 83 596 114
apple 655 206 678 230
apple 669 333 713 369
apple 786 205 809 224
apple 806 359 845 400
apple 844 349 874 381
apple 525 657 566 689
apple 463 667 506 710
apple 802 597 853 634
apple 792 653 829 694
apple 687 629 734 665
apple 589 318 634 362
apple 682 466 715 498
apple 759 475 798 521
apple 728 677 764 717
apple 455 698 490 719
apple 877 76 901 110
