apple 527 549 555 576
apple 447 379 473 405
apple 477 452 499 475
apple 638 127 664 152
apple 749 257 778 287
apple 758 229 789 251
apple 552 317 577 336
apple 575 347 595 367
apple 531 201 554 220
apple 574 138 594 162
apple 575 88 593 115
apple 480 236 498 253
apple 502 242 520 257
apple 327 35 351 59
apple 290 38 306 55
apple 766 615 796 641
apple 776 668 810 685
apple 601 613 615 635
apple 599 665 613 683
apple 506 641 525 660
apple 513 663 528 683
apple 478 703 497 719
apple 415 87 432 109
apple 617 127 639 140
apple 505 77 526 93
apple 312 241 336 260
apple 369 45 381 54
apple 425 246 440 264
apple 503 207 517 226
apple 547 147 566 162
apple 565 334 584 348
apple 509 422 529 450
apple 462 623 492 639
apple 352 631 379 665
apple 700 260 730 290
