apple 36 0 54 15
apple 51 12 77 37
apple 53 86 85 116
apple 99 92 132 125
apple 102 77 128 102
apple 115 54 144 82
apple 128 32 148 50
apple 166 14 186 37
apple 189 49 208 67
apple 213 5 231 33
apple 238 38 257 50
apple 263 55 282 77
apple 230 78 251 102
apple 195 107 216 125
apple 239 153 263 184
apple 469 1 499 27
apple 571 4 593 25
apple 664 34 689 57
apple 673 88 704 121
apple 461 103 500 136
apple 423 122 455 151
apple 425 146 448 166
apple 759 221 778 240
apple 794 249 813 268
apple 760 306 778 319
apple 765 320 782 341
apple 685 302 709 313
apple 638 369 665 390
apple 647 382 678 417
apple 707 370 734 394
apple 738 378 762 401
apple 770 410 793 434
apple 796 412 817 438
apple 797 539 814 556
apple 726 422 759 458
apple 719 497 754 533
apple 682 559 718 599
apple 743 567 766 588
apple 870 656 906 696
apple 758 639 789 670
apple 791 625 831 669
apple 694 669 741 712
apple 610 507 630 524
apple 598 571 625 602
apple 604 615 632 650
apple 62 137 84 156
apple 80 151 97 168
apple 81 199 104 210
apple 96 178 132 204
apple 116 200 141 215
apple 137 202 170 230
apple 235 202 276 240
apple 311 215 344 252
apple 372 176 390 214
apple 390 290 426 327
apple 419 322 436 344
apple 262 277 281 300
apple 256 266 269 281
apple 271 300 299 323
apple 304 319 330 341
apple 332 326 349 339
apple 368 406 394 430
apple 461 369 481 390
apple 480 190 509 218
apple 493 170 523 192
apple 448 222 470 250
apple 516 389 532 405
apple 261 338 291 364
apple 262 365 295 389
apple 213 383 236 399
apple 286 388 304 405
apple 299 361 322 381
apple 279 451 303 477
apple 297 464 316 482
apple 181 457 206 484
apple 156 528 189 558
apple 204 536 233 565
apple 274 516 290 540
apple 224 482 238 501
apple 231 559 257 587
apple 280 579 303 603
apple 204 600 236 629
apple 235 594 260 618
apple 218 620 248 643
apple 253 610 281 633
apple 238 653 267 673
apple 207 665 237 698
apple 174 702 189 719
apple 190 708 228 719
apple 444 411 458 430
apple 485 452 498 468
apple 519 460 539 480
apple 511 480 533 500
apple 502 500 521 518
apple 537 509 560 530
apple 365 645 385 668
apple 380 659 395 683
apple 416 679 433 697
apple 484 560 500 580
apple 532 566 552 587
apple 507 641 526 657
apple 501 683 516 696
apple 140 87 167 108
apple 482 55 507 72
apple 498 78 519 113
apple 472 509 488 525
apple 458 513 476 529
apple 395 634 417 652
apple 216 701 237 719
apple 742 613 759 633
apple 766 686 795 711
apple 531 661 543 682
apple 498 464 517 485
apple 267 169 293 194
