apple 0.751465 248 415 290 457
apple 0.704590 356 347 390 387
apple 0.694824 336 632 379 680
apple 0.676270 322 465 362 510
apple 0.667480 58 482 109 525
apple 0.650879 365 732 408 774
apple 0.632812 274 214 314 259
apple 0.622070 251 320 281 358
apple 0.617188 222 177 250 207
apple 0.601074 217 319 250 360
apple 0.523926 288 470 311 510
apple 0.522461 517 1076 552 1108
apple 0.519531 109 172 172 217
apple 0.516113 255 660 298 712
apple 0.502930 235 216 274 252
apple 0.497803 570 1061 609 1103
orange 0.496338 380 1072 418 1106
apple 0.484375 600 1036 638 1088
apple 0.474121 95 442 133 475
orange 0.459717 591 577 628 607
apple 0.457031 229 590 252 643
apple 0.440430 290 621 319 653
orange 0.391846 205 1044 234 1072
apple 0.386963 492 1060 523 1088
orange 0.386230 392 1038 425 1070
apple 0.356689 631 379 657 410
apple 0.355469 117 510 162 542
apple 0.320557 131 421 168 465
apple 0.298828 141 979 172 1005
apple 0.277832 145 498 169 525
apple 0.275391 84 542 131 576
apple 0.275146 574 1040 600 1066
apple 0.263916 178 298 205 337
