orange 0.572266 319 784 346 812
orange 0.471924 276 650 306 680
apple 0.457275 225 292 261 331
orange 0.444580 26 638 60 668
orange 0.417480 98 658 135 690
orange 0.411621 255 679 282 705
apple 0.392578 112 260 146 296
orange 0.378418 240 160 262 186
apple 0.368652 356 452 387 482
apple 0.362061 47 549 88 586
orange 0.346436 306 372 340 407
orange 0.338867 398 1121 421 1147
apple 0.333252 77 338 110 372
apple 0.323242 660 770 690 794
orange 0.312744 261 916 282 938
orange 0.280273 353 361 385 391
apple 0.267822 472 769 496 796
orange 0.267334 160 660 192 684
orange 0.259033 660 770 688 796
orange 0.256836 608 326 632 350
