apple 0.820801 398 1153 442 1205
apple 0.678223 451 408 487 442
apple 0.623047 234 468 266 502
apple 0.578125 65 960 98 992
apple 0.560547 428 362 463 398
apple 0.540039 213 588 247 623
apple 0.538086 394 217 420 243
apple 0.530762 390 370 420 402
apple 0.530273 350 362 378 392
apple 0.507324 361 83 396 122
apple 0.472900 343 452 379 484
apple 0.469238 459 560 492 594
apple 0.468994 305 461 330 489
apple 0.461914 248 362 283 393
apple 0.457764 180 566 210 598
apple 0.450439 172 846 206 876
apple 0.435547 390 870 420 904
apple 0.430176 357 337 382 366
apple 0.418213 325 119 348 142
apple 0.357422 332 474 366 508
apple 0.353516 520 1182 548 1212
apple 0.345703 71 649 101 679
apple 0.317383 334 458 376 504
apple 0.314697 678 642 718 683
apple 0.289795 144 1252 172 1280
orange 0.289551 64 960 98 992
orange 0.283203 242 705 268 732
apple 0.274414 487 1185 514 1211
apple 0.268311 258 254 281 276
