apple 0.784180 314 1074 361 1124
apple 0.739258 42 914 86 963
apple 0.706055 457 675 496 722
apple 0.691406 255 511 296 554
apple 0.683594 2 1064 42 1112
apple 0.676270 376 686 422 728
apple 0.675293 432 443 478 500
apple 0.672852 518 262 562 300
apple 0.671387 599 892 647 942
apple 0.638184 618 421 660 461
apple 0.623047 537 173 578 213
apple 0.605469 402 68 442 114
apple 0.598633 578 222 614 256
apple 0.566406 35 1134 72 1172
apple 0.565430 266 554 301 592
apple 0.521973 612 1178 642 1208
apple 0.513184 253 652 287 688
apple 0.502441 224 645 254 680
apple 0.485107 81 596 117 644
apple 0.475830 68 1055 93 1089
apple 0.469727 633 632 712 682
apple 0.456543 410 379 456 427
apple 0.445312 112 1242 148 1278
apple 0.395020 368 586 390 608
apple 0.370850 380 1162 408 1192
apple 0.370605 553 780 589 812
apple 0.361084 567 447 614 492
orange 0.338379 584 1208 606 1234
apple 0.335938 331 480 370 521
apple 0.335449 512 1257 546 1280
apple 0.334229 364 19 393 53
apple 0.324707 25 370 64 402
apple 0.313232 410 508 444 544
apple 0.312744 412 337 446 376
apple 0.293213 75 360 119 403
apple 0.277588 26 1217 59 1259
apple 0.262207 60 1232 90 1268
