orange 0.665527 394 628 426 656
orange 0.638184 74 641 110 671
orange 0.637695 204 490 232 522
orange 0.632812 439 391 462 415
orange 0.609375 560 662 594 688
orange 0.606445 192 428 225 459
apple 0.603027 167 1041 201 1079
orange 0.602051 283 165 305 191
orange 0.572266 166 610 195 637
orange 0.543457 321 418 344 438
orange 0.538086 84 139 110 164
orange 0.528320 610 736 644 766
orange 0.523926 57 248 81 274
orange 0.521973 132 644 163 676
orange 0.512207 444 436 474 461
orange 0.509277 419 276 438 302
orange 0.508789 45 188 72 214
orange 0.498047 231 580 260 606
orange 0.490234 88 181 113 203
orange 0.483154 432 250 454 275
orange 0.469238 612 660 642 684
orange 0.464844 205 747 228 767
orange 0.462891 294 466 319 491
orange 0.461426 151 216 181 246
orange 0.451660 304 198 328 225
orange 0.450928 140 241 166 267
orange 0.439453 202 198 236 227
orange 0.430420 653 612 679 638
orange 0.395264 244 726 266 748
orange 0.365479 33 292 54 313
orange 0.355469 196 880 217 900
orange 0.347656 276 788 293 810
orange 0.334717 156 826 174 845
orange 0.326660 513 374 532 399
apple 0.310547 202 198 236 227
orange 0.306152 319 322 343 353
orange 0.296143 611 623 635 649
orange 0.282471 111 638 139 666
orange 0.271240 530 1018 550 1040
orange 0.251221 444 515 472 537
