apple 0.749023 374 202 420 251
apple 0.736816 503 203 561 260
apple 0.698242 462 348 504 397
apple 0.648438 452 754 484 790
apple 0.597168 493 927 527 973
apple 0.505859 374 366 417 404
apple 0.498535 101 1106 138 1144
orange 0.461182 119 983 153 1020
apple 0.449463 352 1214 394 1254
apple 0.446289 67 353 104 383
orange 0.423828 452 753 484 790
apple 0.411377 321 1052 394 1102
apple 0.365234 141 602 170 626
apple 0.360107 404 968 433 1000
apple 0.336670 261 868 297 901
apple 0.309814 338 511 378 548
orange 0.267090 142 602 170 626
orange 0.260986 101 1107 137 1143
apple 0.250732 546 368 564 393
