orange 0.591797 437 1078 461 1106
orange 0.576172 288 622 319 652
orange 0.488037 307 352 340 384
orange 0.469971 114 636 148 666
orange 0.461914 339 752 366 780
orange 0.455811 267 650 294 677
orange 0.415039 590 314 616 344
orange 0.413086 363 427 391 459
orange 0.394287 354 337 386 369
orange 0.368896 176 636 208 660
orange 0.363281 192 408 220 435
orange 0.359863 44 618 76 644
orange 0.332031 227 278 262 313
apple 0.314941 438 1079 462 1107
apple 0.310059 227 277 262 313
orange 0.300049 56 532 94 568
orange 0.293945 286 668 313 692
apple 0.281250 115 250 145 285
orange 0.279785 4 1106 26 1126
orange 0.257568 115 250 146 286
