apple 0.9999087 50 634 88 673
apple 0.999684 606 648 642 682
apple 0.9996656 414 662 452 700
apple 0.9994823 375 297 411 334
apple 0.99947745 99 550 133 580
apple 0.9994686 84 664 116 693
apple 0.99941695 415 243 447 277
apple 0.9993333 254 565 290 604
apple 0.99912745 419 201 456 242
apple 0.99909174 641 320 681 360
apple 0.99907625 375 541 412 582
apple 0.9990683 335 641 369 672
apple 0.9989624 478 391 508 422
apple 0.9988927 383 214 420 256
apple 0.99865025 454 305 488 337
apple 0.9985544 314 197 340 224
apple 0.9985409 693 302 719 340
apple 0.9985262 622 385 659 419
apple 0.9984037 582 680 612 713
apple 0.9983972 336 504 380 542
apple 0.9982943 538 230 581 275
apple 0.99826247 51 520 74 547
apple 0.9981858 285 137 310 165
apple 0.997979 647 802 679 833
apple 0.9979201 303 335 330 363
apple 0.997914 195 595 223 627
apple 0.9976605 512 697 545 729
apple 0.9975567 263 147 286 171
apple 0.9975193 411 335 440 363
apple 0.99750525 200 158 224 185
apple 0.997218 471 658 506 689
apple 0.99719054 292 227 316 250
apple 0.997142 216 586 251 616
apple 0.9968426 401 59 424 81
apple 0.99681145 598 698 631 730
apple 0.99670464 691 411 718 450
apple 0.9964833 274 359 298 384
apple 0.9963954 164 443 192 468
apple 0.99512744 223 164 245 189
apple 0.99430156 418 298 450 329
apple 0.994214 451 366 480 396
apple 0.99416685 696 269 719 300
apple 0.9940078 612 410 640 438
apple 0.9939693 521 89 539 116
apple 0.9927797 415 359 450 388
apple 0.9925243 341 372 365 398
apple 0.9924108 257 356 276 379
apple 0.99210733 601 578 625 602
apple 0.9919687 473 554 499 581
apple 0.9910597 343 172 367 195
apple 0.99076045 343 293 376 327
apple 0.9899351 250 177 272 197
apple 0.98880833 3 686 24 711
apple 0.98639655 403 38 425 60
apple 0.9863008 70 531 96 558
apple 0.9862227 523 737 558 768
apple 0.98614824 540 92 566 120
apple 0.9860071 524 113 547 136
apple 0.9843629 157 678 183 704
apple 0.9843465 193 523 227 550
apple 0.9831271 554 121 579 144
apple 0.981097 444 61 465 84
apple 0.98091024 136 667 161 691
apple 0.98011655 189 705 213 728
apple 0.9796139 1 656 12 676
apple 0.9787281 222 348 250 378
apple 0.9775898 17 733 40 753
apple 0.97570205 231 479 254 504
apple 0.9756625 48 425 70 448
apple 0.9747399 11 654 29 672
apple 0.9724409 392 344 415 373
apple 0.9716024 289 167 312 190
apple 0.9701073 555 938 576 963
apple 0.9692407 269 685 296 712
apple 0.968887 161 563 187 590
apple 0.96860504 302 358 327 379
apple 0.96758455 418 776 443 799
apple 0.9672424 304 112 329 132
apple 0.96598065 480 223 506 252
apple 0.96321946 498 831 515 850
apple 0.9485843 600 920 625 946
apple 0.94665796 399 407 422 430
apple 0.94115484 368 173 388 195
apple 0.93063945 515 770 531 791
apple 0.9272019 41 458 68 480
apple 0.9248568 90 468 106 486
apple 0.92477846 184 492 204 514
apple 0.91087544 349 324 370 344
apple 0.90085346 431 801 442 820
apple 0.88959783 458 140 486 167
apple 0.88694614 212 511 231 530
apple 0.88693684 104 687 123 705
apple 0.8344877 306 171 329 194
apple 0.8123699 39 390 64 419
apple 0.78478575 432 606 445 622
apple 0.68840706 114 423 134 434
apple 0.6665325 138 529 156 552
apple 0.6360944 286 515 308 527
apple 0.48438245 623 151 637 173
apple 0.4842412 248 137 265 150
