apple 0.99990475 87 649 125 681
apple 0.9998474 660 767 695 801
apple 0.99970645 136 387 167 418
apple 0.9995049 61 669 99 709
apple 0.9993166 229 558 259 588
apple 0.9987863 184 456 215 487
apple 0.9983197 166 395 198 427
apple 0.9981834 689 956 719 989
apple 0.99763846 463 701 492 732
apple 0.9969062 351 819 377 843
apple 0.9965109 266 646 291 673
apple 0.99570197 42 1080 78 1117
apple 0.9947246 149 662 178 689
apple 0.99390644 640 822 674 856
apple 0.99283713 123 689 160 724
apple 0.9908406 204 352 226 376
apple 0.98951215 221 376 246 399
apple 0.9882287 139 612 165 637
apple 0.98627245 534 790 565 818
apple 0.9837858 260 555 286 581
apple 0.98105717 361 397 381 417
apple 0.97777826 123 549 137 568
apple 0.96870327 676 839 698 860
apple 0.96212125 135 484 152 515
apple 0.95496505 81 1113 118 1156
apple 0.95045894 624 935 644 968
apple 0.9484071 19 731 39 764
apple 0.941011 644 769 661 784
apple 0.9394699 553 555 571 568
apple 0.9243919 101 531 116 542
apple 0.9230044 315 1062 345 1089
apple 0.9127124 259 1042 293 1072
apple 0.90200156 254 877 267 904
apple 0.90048796 214 729 227 747
apple 0.8489493 538 833 554 855
apple 0.8419587 225 1167 252 1195
apple 0.8220759 283 641 305 657
apple 0.8215829 123 619 134 636
apple 0.80843014 340 1062 370 1104
apple 0.79266244 32 1054 55 1080
apple 0.7758691 674 801 693 826
apple 0.7710465 689 902 706 920
apple 0.768452 101 689 121 712
apple 0.75293875 563 810 587 824
apple 0.7459298 670 982 696 996
apple 0.7359448 21 1153 51 1190
apple 0.70398784 223 852 234 864
apple 0.665014 286 563 301 575
apple 0.66156965 430 921 441 940
apple 0.6586002 191 561 205 573
apple 0.64688843 254 869 275 904
apple 0.63094187 339 814 352 827
apple 0.6304172 559 775 573 795
apple 0.5660315 533 814 549 833
apple 0.5598518 187 544 200 553
apple 0.5055795 297 562 323 577
apple 0.37035167 261 610 279 624
apple 0.35878995 119 713 152 736
apple 0.35364777 0 708 9 727
apple 0.31685436 342 662 356 678
apple 0.2853219 0 762 4 777
apple 0.24339521 273 964 316 1005
apple 0.2377464 97 1133 120 1157
apple 0.20654973 313 1033 346 1066
apple 0.15201315 126 618 142 636
apple 0.109024875 560 773 573 785
apple 0.0873109 26 1048 62 1083
apple 0.08066765 420 942 452 1001
apple 0.06540569 344 1103 378 1134
apple 0.056823045 129 616 158 637
apple 0.054366812 222 853 269 897
