apple 0.752930 480 1029 520 1061
apple 0.736328 379 878 417 910
apple 0.722168 282 944 315 984
apple 0.682617 441 874 470 932
apple 0.611816 24 615 64 651
apple 0.610840 678 1137 702 1173
apple 0.578613 572 493 588 510
apple 0.571777 197 483 212 497
apple 0.570312 430 685 469 726
apple 0.556641 408 934 444 967
apple 0.551270 618 508 638 523
apple 0.532227 514 897 540 917
apple 0.531250 644 419 662 438
apple 0.505859 467 702 500 740
apple 0.462158 55 637 79 667
apple 0.438721 197 590 227 620
apple 0.437012 0 649 14 681
apple 0.421631 331 862 362 890
apple 0.414795 358 854 385 888
apple 0.404297 610 466 628 482
apple 0.403320 598 406 612 420
apple 0.388184 160 346 184 370
apple 0.382568 96 347 113 362
apple 0.374023 376 497 391 512
apple 0.354248 610 404 626 419
apple 0.350342 344 362 359 379
orange 0.349365 344 404 361 427
apple 0.344727 436 746 470 778
apple 0.337158 213 848 227 868
apple 0.330811 100 856 148 882
apple 0.315918 608 422 622 439
apple 0.312012 27 862 49 888
apple 0.307129 554 1106 572 1144
apple 0.303223 409 670 441 699
apple 0.300537 1 589 25 628
apple 0.280029 583 716 598 728
apple 0.271484 107 356 124 370
apple 0.254883 371 370 386 385
