orange 0.786133 630 798 664 832
orange 0.728027 240 430 264 455
orange 0.701172 676 426 700 456
orange 0.682129 586 379 621 412
orange 0.675781 54 726 74 754
orange 0.635742 606 450 632 475
orange 0.624512 23 1027 47 1057
apple 0.611816 602 842 628 874
orange 0.611328 570 351 606 387
orange 0.609375 552 191 574 224
orange 0.603027 11 619 35 643
orange 0.567871 23 559 47 579
orange 0.564941 264 780 282 796
orange 0.551270 662 1027 694 1057
orange 0.541992 560 379 587 405
orange 0.535156 619 336 643 364
orange 0.525879 79 717 113 744
orange 0.520996 394 510 420 531
orange 0.495117 618 776 636 804
orange 0.475098 524 487 543 508
orange 0.412598 699 701 720 718
apple 0.404541 618 775 636 805
orange 0.398193 594 733 616 748
apple 0.396240 619 337 643 364
orange 0.395996 607 710 637 738
apple 0.361816 546 850 564 870
orange 0.349609 480 200 494 216
apple 0.334229 586 200 602 224
orange 0.333496 504 485 522 507
orange 0.329834 7 600 26 618
orange 0.322266 454 144 468 160
apple 0.320312 132 405 149 420
apple 0.308105 215 546 234 564
orange 0.291504 110 462 131 482
orange 0.261719 688 694 714 716
