apple 0.862793 408 392 453 438
apple 0.839355 650 462 687 502
apple 0.833984 614 750 658 794
apple 0.818848 603 650 649 688
apple 0.816406 646 662 680 701
apple 0.793945 575 781 611 808
apple 0.756348 6 834 29 858
apple 0.737793 676 412 708 456
apple 0.691895 591 528 618 547
apple 0.687500 660 596 692 626
apple 0.665039 606 922 640 953
orange 0.657715 632 1082 656 1104
apple 0.656250 576 884 604 911
apple 0.631348 702 476 720 502
apple 0.578125 186 838 213 866
"""sports ball"" 964 1 1002 402
apple 0.535645 693 887 720 918
orange 0.489746 627 1065 648 1085
apple 0.436523 308 900 338 932
apple 0.410400 580 850 604 875
apple 0.407715 214 119 248 158
apple 0.390625 653 410 701 453
apple 0.385742 643 607 658 632
apple 0.313721 590 678 610 702
apple 0.297852 518 703 554 735
apple 0.289062 552 1029 578 1055
orange 0.285156 603 1118 628 1140
apple 0.284668 501 364 528 394
apple 0.280273 234 260 265 284
apple 0.259277 287 608 299 620
