apple 0.827637 348 748 392 794
apple 0.827148 393 102 436 148
apple 0.824707 512 632 561 675
apple 0.805664 371 700 415 742
apple 0.802734 616 732 642 756
apple 0.789062 402 0 441 43
apple 0.780762 136 546 172 582
apple 0.779785 435 0 471 30
apple 0.771484 389 33 422 76
apple 0.758301 390 333 426 380
apple 0.739746 464 676 498 710
apple 0.734863 652 294 690 329
apple 0.725098 338 653 378 697
apple 0.723145 245 603 280 636
apple 0.713867 603 272 645 311
apple 0.703125 566 317 595 340
apple 0.679199 432 165 469 215
apple 0.666504 384 232 416 266
apple 0.663086 284 294 310 321
apple 0.645020 636 1017 670 1049
apple 0.640625 468 164 513 207
apple 0.624023 246 270 260 287
apple 0.604004 442 112 477 147
apple 0.578125 351 333 381 360
apple 0.571289 475 95 507 131
apple 0.539062 389 736 420 770
apple 0.530273 514 280 535 300
apple 0.527344 278 213 294 236
apple 0.514160 632 1042 662 1066
apple 0.509277 569 385 584 400
apple 0.477295 230 267 243 282
apple 0.470703 406 424 445 467
apple 0.465332 619 468 647 490
apple 0.464111 277 733 313 770
apple 0.454590 512 146 534 168
apple 0.451660 530 516 557 544
apple 0.438965 5 466 36 493
apple 0.437744 680 1064 718 1096
apple 0.436035 58 613 71 632
apple 0.412842 170 948 199 980
apple 0.395264 158 672 200 716
apple 0.380371 508 1079 543 1111
apple 0.375000 684 736 702 750
apple 0.372070 561 341 579 358
apple 0.364746 96 300 115 318
apple 0.363770 572 512 588 530
apple 0.361816 630 1088 659 1120
apple 0.331299 612 944 656 996
apple 0.328369 594 433 608 453
apple 0.327637 49 235 66 251
apple 0.323486 416 191 445 227
apple 0.318359 509 274 524 293
apple 0.274902 89 802 121 826
apple 0.270020 710 370 720 384
apple 0.261963 120 528 155 548
