apple 0.783691 334 371 362 398
apple 0.694336 643 770 667 790
apple 0.626465 540 310 574 347
apple 0.599609 304 367 333 398
apple 0.585449 249 860 360 932
apple 0.495850 469 321 491 356
apple 0.479736 325 522 353 550
bird 0.464111 613 398 643 438
apple 0.455078 224 520 250 546
apple 0.454590 536 876 564 902
apple 0.404053 5 852 33 878
bird 0.404053 67 881 86 903
apple 0.395508 470 298 512 354
apple 0.366699 638 793 662 822
apple 0.320557 382 506 432 544
apple 0.309326 66 880 86 904
apple 0.297119 447 514 501 552
apple 0.282715 436 860 459 882
apple 0.270752 102 538 123 564
apple 0.256104 527 501 549 522
