apple 0.810059 644 704 692 748
apple 0.774414 630 873 670 910
apple 0.752930 81 462 115 502
orange 0.702637 273 394 311 432
apple 0.666992 474 723 515 761
apple 0.641602 516 164 548 199
apple 0.627930 594 216 622 249
apple 0.625977 67 671 106 707
apple 0.622070 214 762 237 784
apple 0.621094 600 610 634 642
apple 0.618652 13 664 42 692
apple 0.610352 71 236 98 261
apple 0.606934 598 797 642 841
orange 0.589355 185 239 224 282
apple 0.587891 402 728 440 764
orange 0.569824 440 287 466 313
orange 0.549316 198 313 237 350
apple 0.528320 198 313 237 350
apple 0.525391 363 649 402 684
apple 0.523438 570 286 596 312
apple 0.512695 446 189 476 218
apple 0.511719 171 479 202 513
apple 0.446777 75 104 112 142
apple 0.444824 544 689 575 725
orange 0.441895 362 467 385 489
apple 0.439209 395 377 421 403
apple 0.431396 611 762 646 796
apple 0.421875 327 268 356 299
apple 0.395020 190 145 220 180
orange 0.378418 395 377 421 403
apple 0.373779 529 960 549 983
apple 0.366211 644 374 666 397
orange 0.360840 612 763 646 797
apple 0.360596 554 601 587 633
apple 0.359375 9 172 33 197
apple 0.358643 380 522 401 542
orange 0.350586 450 492 468 510
orange 0.344727 554 601 587 634
apple 0.341309 456 526 480 548
apple 0.337402 8 61 32 86
apple 0.336182 658 217 684 247
orange 0.326904 408 800 432 825
apple 0.326416 362 467 385 489
orange 0.325439 40 195 62 217
apple 0.322754 352 708 382 741
orange 0.298096 478 523 503 545
apple 0.298096 458 302 477 326
apple 0.291748 658 388 680 410
apple 0.289795 647 603 667 622
apple 0.287354 93 424 131 458
apple 0.284912 348 303 376 332
apple 0.278076 676 428 698 447
apple 0.271484 616 229 638 257
apple 0.254150 643 253 668 278
orange 0.251465 690 678 720 704
