apple 0.843262 506 285 540 324
apple 0.831055 641 950 684 1000
apple 0.824219 632 84 669 125
apple 0.823242 506 442 544 483
apple 0.793945 561 228 590 263
apple 0.754883 623 416 662 450
apple 0.748535 126 230 155 264
apple 0.710938 1 131 23 184
apple 0.700684 566 375 608 423
apple 0.699219 143 318 201 367
apple 0.637207 524 737 556 776
apple 0.636230 523 340 570 383
apple 0.629395 0 368 11 386
apple 0.628906 648 624 686 660
apple 0.602539 423 837 450 859
apple 0.601562 626 330 662 370
apple 0.582031 465 549 493 575
apple 0.569824 0 204 12 235
apple 0.533691 528 528 566 580
apple 0.525879 557 636 588 667
apple 0.522949 510 628 546 656
apple 0.518066 211 380 232 394
apple 0.512695 553 353 581 387
apple 0.505371 582 547 603 576
apple 0.497803 668 332 688 356
apple 0.486572 689 590 720 636
apple 0.468262 545 666 563 690
apple 0.467041 596 334 634 374
apple 0.454590 448 419 464 436
apple 0.451172 438 391 451 405
apple 0.422852 597 1256 646 1280
apple 0.398682 694 1057 714 1075
apple 0.396973 463 954 480 976
apple 0.376465 35 422 49 437
apple 0.360352 0 1079 21 1115
apple 0.352539 158 710 170 724
apple 0.344482 489 957 511 981
apple 0.306152 700 756 720 780
apple 0.301270 24 458 37 479
apple 0.300781 430 396 444 418
apple 0.293213 606 1107 638 1137
apple 0.289551 554 618 571 640
apple 0.280029 143 318 170 353
apple 0.276367 378 421 388 432
apple 0.270508 437 547 449 561
bird 0.264893 228 95 256 125
apple 0.262451 506 682 529 704
apple 0.255859 367 543 386 560
apple 0.253174 248 406 270 428
