apple 0.851074 262 761 296 796
apple 0.819824 436 557 470 595
apple 0.810059 428 656 466 692
apple 0.778809 366 778 400 806
apple 0.764648 135 746 175 783
apple 0.744141 276 618 324 662
apple 0.707031 164 656 191 692
apple 0.678711 330 510 363 550
apple 0.652344 152 709 176 742
apple 0.622070 375 622 404 656
apple 0.619629 512 510 531 532
apple 0.572754 325 129 351 150
apple 0.569824 547 423 562 440
apple 0.566895 539 530 558 546
apple 0.559570 93 444 116 466
apple 0.558594 86 543 109 571
apple 0.544922 407 538 425 556
"""fire hydrant"" 303 0 365 371
apple 0.457764 243 127 288 180
apple 0.440430 376 536 397 560
apple 0.435303 438 604 458 630
apple 0.364258 532 348 548 364
apple 0.357910 283 249 296 268
apple 0.342529 120 470 137 483
apple 0.312500 536 436 552 453
apple 0.310303 472 495 489 516
apple 0.299072 358 621 406 672
apple 0.295410 528 414 539 430
apple 0.293457 670 512 690 536
apple 0.293457 85 540 132 582
apple 0.289062 681 388 704 409
apple 0.281738 522 362 534 378
apple 0.275146 256 123 290 152
apple 0.269287 372 303 430 365
apple 0.258057 493 366 510 382
