apple 0.770508 361 558 391 586
apple 0.556641 524 348 546 371
apple 0.549805 677 869 715 900
apple 0.515625 349 542 375 570
orange 0.476318 524 348 546 371
orange 0.426025 476 296 495 315
orange 0.414307 677 869 715 900
orange 0.413330 504 373 524 394
apple 0.400146 298 745 318 760
apple 0.369141 426 461 444 482
orange 0.361816 546 127 560 141
apple 0.320312 516 384 540 406
apple 0.281006 329 355 351 384
orange 0.278809 470 156 483 169
apple 0.274902 504 373 524 394
orange 0.272217 525 167 540 182
orange 0.271729 657 233 674 249
orange 0.268311 462 136 476 150
orange 0.265381 386 211 398 224
apple 0.251221 201 609 226 637
