apple 0.9994856 533 590 563 622
apple 0.99942905 56 531 94 567
apple 0.99932826 115 251 145 284
apple 0.9993218 114 634 148 666
apple 0.9993206 85 261 118 294
apple 0.99930286 288 623 318 651
apple 0.99921644 84 328 114 359
apple 0.99915624 354 338 387 370
apple 0.99905306 150 337 180 365
apple 0.99879456 586 313 615 343
apple 0.9987112 193 409 220 434
apple 0.99866784 363 428 391 458
apple 0.9985411 307 353 340 387
apple 0.9981521 226 276 261 312
apple 0.9981147 285 664 315 693
apple 0.9980102 357 309 383 337
apple 0.99793905 44 618 74 644
apple 0.9975598 268 650 294 676
apple 0.9966427 115 284 140 311
apple 0.99596906 58 357 81 382
apple 0.99576414 243 703 273 728
apple 0.9957605 176 634 209 659
apple 0.99547726 127 331 153 355
apple 0.99524707 248 145 271 168
apple 0.9946333 165 386 191 412
apple 0.9941221 294 880 316 905
apple 0.99334186 291 406 324 434
apple 0.99323046 340 752 367 781
apple 0.9931405 617 291 642 316
apple 0.9928001 545 615 574 640
apple 0.99181515 36 378 56 399
apple 0.9914671 155 96 175 117
apple 0.9907515 637 333 662 358
apple 0.9902739 563 330 586 352
apple 0.9894804 54 324 83 354
apple 0.98764384 34 188 57 210
apple 0.98728275 1 368 15 394
apple 0.98617214 615 662 637 683
apple 0.9843812 122 359 145 386
apple 0.98185056 1 200 22 224
apple 0.9816992 383 306 409 331
apple 0.98132056 26 214 46 233
apple 0.98112637 5 360 31 380
apple 0.9809837 224 616 247 638
apple 0.9807966 427 707 448 729
apple 0.9785564 157 739 181 760
apple 0.9782899 179 546 204 569
apple 0.97707033 596 654 616 675
apple 0.97693676 26 500 61 529
apple 0.9764925 21 374 36 394
apple 0.9751974 169 268 195 292
apple 0.97490406 434 449 457 477
apple 0.9671966 157 118 176 133
apple 0.9655056 497 737 519 760
apple 0.9648444 256 236 274 257
apple 0.9627777 335 865 354 885
apple 0.960929 304 429 328 451
apple 0.95663106 191 119 211 138
apple 0.9542421 205 189 227 212
apple 0.94958603 539 688 563 709
apple 0.94946826 62 259 84 279
apple 0.9409075 294 575 312 591
apple 0.9403993 57 377 80 395
apple 0.93651307 246 733 266 756
apple 0.93606466 482 629 509 657
apple 0.9338925 307 903 327 920
apple 0.92562205 207 667 236 692
apple 0.9256103 166 436 194 460
apple 0.92170596 184 371 205 395
apple 0.91626716 79 234 105 258
apple 0.9136006 262 166 281 185
apple 0.907604 30 661 55 685
apple 0.9006641 697 734 719 759
apple 0.88198984 92 386 117 412
apple 0.8814273 565 673 585 690
apple 0.8662823 467 729 480 753
apple 0.8553919 259 794 277 810
apple 0.8527096 74 286 95 320
apple 0.81985855 424 802 443 821
apple 0.8002775 672 809 695 828
apple 0.7925374 191 767 202 784
apple 0.7711935 454 223 474 253
apple 0.7545795 515 236 533 250
apple 0.7200993 447 679 471 694
apple 0.69868326 691 816 710 830
apple 0.6487944 392 429 406 447
apple 0.6355293 441 661 456 677
apple 0.6225363 281 511 291 520
apple 0.57052547 133 175 151 192
apple 0.5246284 248 124 261 139
apple 0.5118092 380 774 394 785
apple 0.44020194 184 213 197 229
apple 0.3174553 408 625 420 635
apple 0.3074325 2 363 20 384
apple 0.28648025 129 584 145 604
apple 0.26764393 65 282 96 326
apple 0.20402938 65 331 85 352
apple 0.052448224 447 218 479 257
