apple 0.791504 505 676 549 716
apple 0.761719 482 840 520 876
apple 0.685547 622 589 657 625
apple 0.682129 620 310 654 345
apple 0.637207 518 192 546 226
apple 0.606934 326 358 352 386
apple 0.600098 424 144 454 180
apple 0.588867 0 106 25 141
apple 0.559082 493 583 528 616
apple 0.526367 177 742 200 764
apple 0.505371 55 480 88 514
apple 0.502441 270 628 303 660
apple 0.498535 28 232 51 257
apple 0.494385 302 704 338 738
apple 0.493896 366 172 396 200
apple 0.471924 284 288 310 318
apple 0.461182 447 765 488 807
apple 0.444824 684 337 708 360
apple 0.438232 360 269 388 296
apple 0.430908 118 138 149 173
apple 0.423584 447 576 478 609
apple 0.419922 81 464 112 496
apple 0.416748 192 294 216 320
apple 0.411865 399 283 422 308
apple 0.411377 63 584 89 608
apple 0.405029 586 543 622 580
apple 0.399414 478 217 504 246
apple 0.371582 559 698 583 724
apple 0.370850 184 379 221 417
apple 0.367432 256 686 284 718
apple 0.366943 266 719 293 744
apple 0.358887 683 359 706 381
apple 0.352295 454 255 476 282
apple 0.343994 110 116 133 146
apple 0.334961 692 377 712 398
apple 0.329346 532 244 560 268
apple 0.321777 633 402 654 423
apple 0.313965 501 263 526 290
apple 0.306641 574 190 604 220
apple 0.304932 541 205 564 231
apple 0.295654 82 104 114 136
apple 0.295410 626 175 660 200
apple 0.293457 628 626 655 652
apple 0.290771 262 254 289 284
apple 0.286377 268 744 294 768
apple 0.260742 431 508 453 530
apple 0.254395 65 364 99 401
