apple 0.868164 509 633 571 694
apple 0.840332 218 676 268 726
apple 0.821289 440 654 500 710
apple 0.812012 190 744 237 792
apple 0.795410 680 471 720 536
apple 0.764160 61 197 88 227
apple 0.752930 70 743 109 780
apple 0.546387 378 294 406 328
apple 0.521484 708 604 720 632
apple 0.503906 311 291 343 322
apple 0.482910 450 800 482 834
apple 0.480225 437 510 466 540
apple 0.479248 484 792 522 828
apple 0.426025 359 301 381 332
apple 0.402832 329 240 350 266
apple 0.375000 281 772 312 803
apple 0.340332 264 278 292 306
apple 0.335938 41 341 72 372
apple 0.280273 646 452 674 486
apple 0.270996 92 580 114 608
apple 0.270752 414 911 432 928
apple 0.265625 518 1033 544 1061
apple 0.265137 333 260 357 281
apple 0.264404 58 369 83 395
apple 0.263672 28 367 59 396
