apple 0.868164 264 147 300 187
apple 0.861328 377 153 418 200
apple 0.854980 409 70 451 115
apple 0.843750 249 250 289 296
apple 0.815918 234 288 270 324
apple 0.808105 411 574 444 610
apple 0.801270 214 630 254 670
apple 0.788086 383 506 423 538
apple 0.771973 660 886 690 918
apple 0.743164 133 616 165 646
apple 0.719238 244 217 265 252
apple 0.719238 176 347 209 373
apple 0.707031 175 382 204 415
apple 0.690918 131 740 157 766
apple 0.667969 168 487 191 514
apple 0.617676 221 408 253 433
apple 0.616211 646 494 658 508
apple 0.614746 226 496 256 520
apple 0.585938 170 750 200 790
apple 0.569336 524 412 538 429
apple 0.563477 72 581 90 603
apple 0.560547 639 528 652 542
apple 0.522461 232 548 266 578
apple 0.519043 115 344 132 365
apple 0.517578 507 416 522 430
apple 0.505859 365 672 399 706
apple 0.449463 690 333 706 349
apple 0.443115 152 560 168 583
apple 0.427734 311 226 368 251
apple 0.423340 662 532 676 546
apple 0.413086 710 755 720 779
apple 0.411133 436 524 463 548
apple 0.384033 408 725 434 749
apple 0.381104 234 578 258 610
apple 0.377686 574 684 588 698
apple 0.375244 272 194 295 217
apple 0.367920 502 388 516 401
apple 0.364746 650 424 664 440
apple 0.355957 324 138 353 156
apple 0.340088 354 876 382 904
apple 0.338867 335 32 367 67
apple 0.336670 412 674 431 704
apple 0.336426 320 304 352 338
apple 0.322754 442 746 461 772
apple 0.314209 712 732 720 754
apple 0.303467 244 193 262 219
apple 0.283203 124 412 140 434
apple 0.276855 704 332 718 346
apple 0.273438 668 486 678 496
apple 0.270020 562 685 576 699
