apple 0.727051 466 571 492 601
apple 0.672852 494 772 516 795
apple 0.632812 493 450 517 474
apple 0.609375 0 221 27 263
apple 0.579590 77 193 99 217
apple 0.572266 520 778 538 797
apple 0.568848 191 288 216 311
apple 0.536621 124 594 154 622
apple 0.458984 553 618 577 643
apple 0.451416 224 431 252 453
apple 0.444824 202 260 226 286
apple 0.437744 266 371 289 398
apple 0.415771 486 516 512 538
apple 0.386963 548 334 576 361
apple 0.361572 591 608 615 630
apple 0.354248 94 220 120 244
apple 0.290771 60 203 78 218
apple 0.287842 70 324 105 358
apple 0.272461 209 388 234 412
apple 0.270752 653 644 677 668
apple 0.262451 464 802 480 818
apple 0.253418 337 461 353 476
