apple 0.851562 195 901 246 952
apple 0.848633 152 395 188 434
apple 0.836426 204 177 236 212
apple 0.818848 144 234 176 269
apple 0.804199 158 289 224 337
apple 0.796875 297 32 338 74
apple 0.791992 233 332 270 371
apple 0.730469 502 810 544 852
apple 0.702148 362 711 397 744
apple 0.681152 284 284 320 324
apple 0.674805 511 341 529 360
apple 0.674316 255 289 286 327
apple 0.671875 306 584 338 619
apple 0.664551 364 527 398 565
apple 0.662109 666 696 699 726
apple 0.661133 336 720 365 748
apple 0.640625 329 904 358 930
apple 0.634277 510 860 550 900
apple 0.627930 195 593 226 627
apple 0.603516 680 992 706 1024
apple 0.596680 49 1054 88 1094
apple 0.576172 642 380 658 394
apple 0.572266 193 567 215 597
apple 0.567383 55 373 71 390
apple 0.553711 523 1008 557 1043
apple 0.545898 258 184 275 220
apple 0.544434 664 940 692 974
apple 0.539062 29 582 69 616
apple 0.520508 34 332 48 347
apple 0.494629 234 185 258 215
apple 0.493652 83 764 110 792
apple 0.493408 73 1109 97 1127
apple 0.491455 45 426 60 439
apple 0.487793 656 862 705 898
apple 0.484619 167 480 196 507
apple 0.483154 533 918 561 948
apple 0.468750 305 903 319 928
apple 0.468506 220 493 265 545
apple 0.461426 346 938 368 959
apple 0.458008 166 582 186 607
apple 0.452881 680 609 713 636
apple 0.452637 554 932 586 954
apple 0.449707 394 924 423 952
apple 0.436523 622 326 646 347
apple 0.411133 97 786 130 816
apple 0.408203 289 413 306 439
apple 0.405273 660 674 692 702
apple 0.371094 111 504 135 527
apple 0.369141 622 774 650 796
apple 0.366455 40 311 52 326
