apple 0.808594 511 376 547 411
apple 0.744629 590 468 632 510
apple 0.742188 341 134 368 162
apple 0.730469 512 203 546 238
apple 0.717285 534 634 568 666
apple 0.700684 310 187 340 218
apple 0.675781 42 543 72 572
apple 0.662109 456 708 495 748
apple 0.628906 409 701 452 743
apple 0.617188 177 236 208 266
apple 0.546875 466 222 495 254
apple 0.545898 435 134 466 168
apple 0.542480 143 509 175 545
apple 0.522461 373 232 410 266
apple 0.485352 352 182 381 204
apple 0.471924 484 549 507 573
apple 0.470703 576 172 604 205
apple 0.465820 668 282 700 310
apple 0.448486 458 251 486 278
apple 0.444336 604 212 632 237
apple 0.419922 354 263 384 290
apple 0.416748 519 504 544 529
apple 0.346924 410 704 495 744
apple 0.345459 494 257 518 281
apple 0.341797 490 678 514 702
apple 0.333252 272 375 304 403
apple 0.331299 456 451 480 478
apple 0.305908 328 256 349 283
apple 0.296387 0 370 15 394
apple 0.296143 31 860 53 886
apple 0.290527 302 303 322 328
apple 0.278564 446 311 470 333
apple 0.274902 153 588 182 612
apple 0.265869 466 324 490 350
apple 0.264893 699 351 720 385
