apple 0.861816 250 415 290 456
apple 0.846191 322 465 361 509
apple 0.842773 366 735 407 773
apple 0.841309 110 174 147 219
apple 0.840820 57 482 104 526
apple 0.833984 336 634 378 678
apple 0.814941 271 214 314 258
apple 0.812988 355 348 390 390
apple 0.784180 572 1062 608 1100
apple 0.770508 98 441 135 474
apple 0.754395 221 176 250 206
apple 0.742188 257 662 295 710
apple 0.704590 594 578 628 607
apple 0.696289 600 1039 636 1089
apple 0.694336 235 218 270 252
apple 0.693359 632 380 656 414
apple 0.675781 217 318 247 358
apple 0.658691 518 1075 551 1107
apple 0.633789 608 215 622 228
apple 0.632812 294 582 317 608
apple 0.631348 252 318 281 359
apple 0.626465 133 432 166 465
apple 0.624023 145 180 172 208
apple 0.611328 128 512 160 548
apple 0.603516 572 1042 602 1068
apple 0.599121 291 622 313 650
apple 0.590820 182 300 204 337
apple 0.572266 598 542 620 570
apple 0.552734 135 405 166 433
apple 0.536621 492 1060 525 1088
apple 0.528809 223 588 250 642
apple 0.503906 145 500 172 528
apple 0.485596 286 472 314 512
apple 0.483154 176 386 202 412
apple 0.468994 82 542 134 574
apple 0.466553 392 1040 426 1072
apple 0.465088 72 521 109 553
apple 0.449463 185 630 225 679
apple 0.380371 98 232 129 264
apple 0.379639 656 231 668 246
apple 0.375488 174 168 194 192
apple 0.318604 631 266 642 278
apple 0.306152 108 507 136 542
apple 0.283936 352 688 386 714
apple 0.277100 85 304 99 321
apple 0.275879 304 397 320 426
apple 0.270752 238 295 264 312
apple 0.253174 219 315 280 360
