apple 0.880371 209 236 247 280
apple 0.851074 690 508 720 547
apple 0.836914 219 180 258 222
apple 0.836426 632 796 668 836
apple 0.815430 126 244 154 278
apple 0.806641 267 117 310 165
apple 0.805664 148 507 184 546
apple 0.802734 143 212 180 252
apple 0.802246 1 577 29 623
apple 0.787109 293 341 327 376
apple 0.774414 147 377 184 413
apple 0.772461 392 920 432 964
apple 0.748535 162 548 195 580
apple 0.746094 352 424 386 454
apple 0.737305 31 822 65 860
apple 0.719727 286 558 317 592
apple 0.698242 324 417 356 445
apple 0.696289 309 258 344 284
apple 0.668457 41 279 71 304
apple 0.655273 310 890 338 916
apple 0.649902 300 524 333 556
apple 0.638184 171 320 203 350
apple 0.631836 468 276 487 299
apple 0.624023 478 872 506 900
apple 0.607910 177 211 203 244
apple 0.597656 0 419 12 456
apple 0.576660 372 896 392 920
apple 0.513672 446 1022 481 1058
apple 0.459473 486 931 514 958
apple 0.457520 164 958 191 982
apple 0.423340 507 789 529 811
apple 0.422852 310 860 336 886
apple 0.422363 660 686 696 721
apple 0.410400 294 888 312 908
apple 0.409180 283 920 310 950
apple 0.404297 68 393 87 417
apple 0.402588 94 919 121 945
apple 0.396729 669 962 693 986
apple 0.395508 642 957 669 983
apple 0.395264 149 1127 184 1161
apple 0.388916 249 554 274 593
apple 0.382080 575 970 602 994
apple 0.343262 70 1049 110 1087
apple 0.337646 120 986 149 1013
apple 0.299561 700 1018 720 1054
apple 0.287354 691 786 720 812
apple 0.281250 158 430 184 450
apple 0.267822 543 888 577 922
apple 0.267334 152 978 178 1004
apple 0.260254 118 859 146 887
apple 0.256592 117 390 134 402
apple 0.252441 658 978 684 998
