apple 201 458 231 494
apple 134 400 169 435
apple 15 991 53 1038
apple 34 890 74 926
apple 500 752 556 803
apple 0 290 40 334
apple 70 740 108 777
apple 645 236 686 281
apple 49 664 89 696
apple 52 249 86 285
apple 58 347 84 379
apple 2 511 42 550
apple 25 947 57 978
apple 27 270 67 309
apple 67 311 93 340
apple 45 779 83 812
apple 82 863 111 897
apple 156 580 191 612
apple 201 604 231 632
apple 32 1059 71 1104
apple 695 446 717 474
apple 64 685 104 725
apple 156 580 191 612
apple 15 194 51 230
apple 447 685 472 731
apple 484 700 516 718
apple 484 700 516 718
apple 633 277 674 311
apple 577 514 599 532
apple 122 987 140 1011
apple 122 987 140 1011
apple 1 230 32 268
apple 696 502 715 514
apple 52 435 97 465
apple 2 132 38 171
