apple 64 442 114 492
apple 355 151 402 198
apple 228 533 272 575
apple 292 268 334 314
apple 208 278 242 312
apple 308 214 350 257
apple 232 409 276 447
apple 222 245 261 285
apple 374 368 411 405
apple 115 856 146 892
apple 271 472 315 507
apple 47 604 99 658
apple 380 552 426 586
apple 395 287 428 317
apple 94 598 126 648
apple 369 585 404 619
apple 333 577 362 621
apple 333 577 362 621
apple 1 543 35 587
apple 402 447 444 485
apple 402 447 444 485
apple 442 451 473 484
apple 442 451 473 484
apple 442 451 473 484
apple 216 313 251 339
apple 216 313 251 339
apple 216 313 251 339
apple 261 243 291 281
apple 254 352 294 380
apple 254 352 294 380
apple 254 352 294 380
apple 254 352 294 380
apple 254 352 294 380
apple 402 447 444 485
apple 469 813 513 860
