apple 655 895 703 944
apple 246 90 291 141
apple 426 860 475 912
apple 226 925 268 968
apple 164 352 207 396
apple 90 1064 130 1106
apple 17 546 51 575
apple 652 10 687 47
apple 262 186 306 237
apple 340 282 383 328
apple 555 63 594 103
apple 189 280 231 323
apple 666 558 698 588
apple 108 341 141 379
apple 605 955 639 990
apple 625 445 666 476
apple 581 330 608 365
apple 611 574 633 593
apple 477 900 529 945
apple 297 345 342 390
apple 378 360 411 393
apple 22 1035 50 1062
apple 9 904 49 938
apple 525 52 561 90
apple 388 180 431 235
apple 45 365 74 397
apple 442 34 477 76
apple 428 800 459 840
apple 35 237 62 270
apple 27 316 67 351
apple 69 170 101 205
apple 437 1023 487 1069
apple 652 403 688 442
apple 534 1 570 17
apple 689 140 718 170
