apple 300 519 332 557
apple 50 314 84 344
apple 21 462 51 493
apple 382 285 414 323
apple 130 340 162 371
apple 393 357 430 394
apple 227 295 250 316
apple 269 155 301 192
apple 566 706 605 736
apple 217 176 245 209
apple 611 325 639 347
apple 610 788 649 822
apple 510 516 533 533
apple 560 421 584 443
apple 614 224 644 252
apple 1 897 20 926
apple 364 536 390 563
apple 53 169 80 194
apple 361 829 384 848
apple 489 310 516 339
apple 461 440 497 475
apple 306 296 329 323
apple 463 829 484 847
apple 697 195 719 227
apple 151 120 176 149
apple 577 541 595 553
apple 275 736 312 770
apple 158 232 181 255
apple 158 232 181 255
apple 224 730 245 756
apple 317 480 342 507
apple 630 559 650 577
apple 559 769 579 800
apple 561 804 584 829
apple 1 433 31 467
