apple 220 478 258 517
apple 635 170 668 203
apple 314 248 354 290
apple 611 742 650 783
apple 63 291 97 327
apple 554 191 587 221
apple 682 616 716 646
apple 549 292 577 319
apple 487 668 527 701
apple 675 291 698 315
apple 498 385 523 414
apple 43 679 88 723
apple 205 111 237 154
apple 100 71 127 96
apple 401 786 424 808
apple 454 479 478 502
apple 138 684 170 713
apple 168 246 198 274
apple 1 115 24 147
apple 643 217 672 252
apple 657 246 680 267
apple 529 747 566 784
apple 299 780 323 803
apple 323 320 366 364
apple 155 130 188 163
apple 430 275 460 308
apple 194 695 235 729
apple 296 495 322 525
apple 473 727 505 765
apple 104 185 129 208
apple 471 534 489 556
apple 481 764 508 794
apple 481 764 508 794
apple 246 251 276 278
apple 108 482 150 526
