apple 0.719238 864 425 915 474
apple 0.666992 932 228 968 266
apple 0.639160 902 482 946 527
apple 0.599609 287 337 329 381
apple 0.559082 545 17 591 55
apple 0.554199 932 520 972 568
apple 0.548340 356 146 398 207
orange 0.533691 90 247 137 291
apple 0.506348 1064 91 1108 130
orange 0.467773 1064 91 1108 130
apple 0.450195 280 189 320 233
apple 0.445068 896 653 944 702
apple 0.435303 331 578 363 604
apple 0.433350 1022 447 1072 490
apple 0.431396 560 667 586 697
apple 0.427490 90 248 137 291
apple 0.412842 64 557 101 594
apple 0.411621 318 28 352 67
apple 0.383057 173 360 215 397
apple 0.376221 930 470 970 508
apple 0.374512 181 391 235 434
apple 0.370117 806 429 842 461
orange 0.355469 864 425 914 474
apple 0.354980 13 656 48 688
apple 0.344482 188 262 235 304
apple 0.333496 443 628 476 664
apple 0.326660 405 654 445 688
apple 0.290283 173 68 206 102
apple 0.287598 357 372 398 413
orange 0.284424 238 35 269 65
orange 0.279297 13 655 48 687
apple 0.278320 140 688 170 718
apple 0.268311 286 230 326 265
orange 0.266357 1022 444 1071 490
apple 0.265381 238 34 269 66
apple 0.256104 368 47 398 74
apple 0.255371 88 48 128 87