apple 0.773438 368 488 404 518
apple 0.682129 368 312 406 350
apple 0.676758 681 414 723 449
apple 0.675781 316 331 375 369
apple 0.663574 749 210 782 242
apple 0.648438 585 306 621 344
apple 0.637207 181 356 222 396
apple 0.635742 554 450 590 484
apple 0.620117 315 429 344 462
apple 0.601562 743 183 779 211
apple 0.571777 690 450 730 488
apple 0.568848 612 278 648 317
apple 0.564941 863 246 895 278
apple 0.561035 943 167 985 204
apple 0.557617 546 181 572 206
apple 0.544434 554 392 582 426
apple 0.526367 445 430 473 458
apple 0.481445 470 420 497 447
apple 0.325928 990 694 1028 720
apple 0.322754 684 417 726 484
apple 0.302979 340 311 372 343
apple 0.301025 646 60 676 74
apple 0.295898 945 161 988 244
apple 0.267334 594 281 644 332
apple 0.265137 1045 470 1083 498
apple 0.251221 952 212 993 260
apple 0.250244 915 141 951 175