orange 0.732910 439 462 480 500
orange 0.697754 786 610 824 650
orange 0.622559 284 380 325 417
orange 0.572754 312 47 348 83
orange 0.507324 894 111 944 165
apple 0.463867 194 694 231 720
apple 0.428711 358 390 402 432
orange 0.421387 292 226 319 252
orange 0.418945 122 153 146 176
orange 0.418701 702 562 740 606
orange 0.404053 358 390 402 432
orange 0.377441 778 694 820 719
orange 0.376465 514 512 536 536
orange 0.359863 166 51 196 86
apple 0.354980 153 266 192 302
orange 0.352539 310 486 342 518
orange 0.344971 338 128 370 164
apple 0.333496 516 303 556 336
orange 0.328857 234 157 256 182
apple 0.318604 223 611 252 646
apple 0.315186 420 558 445 584
orange 0.311768 97 29 128 58
orange 0.308594 767 556 802 584
orange 0.286865 389 34 428 70
apple 0.278564 894 111 944 164
apple 0.258057 535 362 565 393
apple 0.252686 460 20 492 56
apple 0.250488 728 216 760 247