apple 0.802246 101 394 149 436
apple 0.773438 632 512 674 560
apple 0.768555 0 433 31 473
apple 0.741211 602 245 636 280
apple 0.732422 293 653 329 691
apple 0.722656 332 388 380 425
apple 0.721191 163 469 205 513
apple 0.715820 33 388 76 421
apple 0.685059 545 138 583 174
apple 0.672363 652 339 697 377
apple 0.665527 743 347 793 392
apple 0.657715 1016 636 1049 670
apple 0.654785 165 426 221 469
apple 0.653809 697 372 743 416
apple 0.641113 273 604 310 645
apple 0.626465 0 402 43 441
apple 0.615723 946 170 978 199
apple 0.583496 230 385 266 417
apple 0.570312 1080 510 1112 542
apple 0.569824 423 408 464 442
apple 0.565918 677 462 710 499
apple 0.545410 314 566 341 598
apple 0.540527 733 616 756 642
apple 0.537109 294 285 319 312
apple 0.534668 276 510 298 534
apple 0.475342 1063 680 1097 718
apple 0.458252 333 352 361 382
apple 0.457275 946 614 996 654
apple 0.431641 1042 634 1066 662
apple 0.401611 513 532 543 556
apple 0.386230 464 6 491 37
apple 0.378418 671 156 705 201
apple 0.373047 728 276 770 313
apple 0.363525 1101 651 1137 690
apple 0.354492 96 475 135 508
apple 0.342773 512 572 529 588
apple 0.331787 1087 628 1117 658
apple 0.299561 1005 488 1034 520
apple 0.283936 467 619 490 642
apple 0.274658 1146 612 1188 650
apple 0.266846 872 152 902 179
apple 0.256836 512 269 530 287
apple 0.255127 424 659 444 690
apple 0.252441 267 244 286 261