apple 0.784180 656 429 692 466
apple 0.772461 556 436 594 472
apple 0.754883 761 262 797 296
apple 0.708496 302 374 363 429
apple 0.699707 777 366 805 401
apple 0.687012 746 135 784 176
apple 0.650879 622 375 656 404
apple 0.643066 618 278 660 325
apple 0.636719 657 166 694 191
apple 0.531250 146 244 180 279
apple 0.463379 129 322 151 351
apple 0.459961 124 264 152 290
apple 0.406250 710 153 742 176
apple 0.395996 510 333 542 364
apple 0.385986 604 438 632 460
apple 0.363037 540 86 586 132
apple 0.320801 528 538 550 560
apple 0.318115 249 283 267 295
apple 0.262451 538 378 560 398
apple 0.261719 638 358 670 379