apple 0.794922 280 462 318 498
apple 0.734863 786 442 833 487
apple 0.731445 317 296 352 332
apple 0.695312 172 342 223 388
apple 0.683594 770 332 812 374
apple 0.670898 496 352 538 394
apple 0.668945 658 179 698 219
apple 0.668457 920 362 964 411
apple 0.657715 570 116 616 154
apple 0.651855 520 273 560 320
apple 0.625977 433 274 469 310
apple 0.605957 666 224 704 259
apple 0.593262 907 164 947 205
apple 0.578125 690 313 722 347
apple 0.575195 498 222 555 263
apple 0.555176 602 446 634 473
apple 0.528809 421 158 456 187
apple 0.508301 1172 530 1214 571
apple 0.496094 924 535 954 572
apple 0.494629 453 698 513 720
apple 0.487549 113 298 161 333
apple 0.475586 357 350 393 388
apple 0.475342 634 389 680 438
apple 0.454834 470 182 490 208
apple 0.432129 591 12 623 46
apple 0.396484 1148 465 1186 503
apple 0.368164 1141 428 1181 465
apple 0.366943 718 357 751 395
apple 0.327393 662 179 700 260
apple 0.305664 593 169 627 207
apple 0.292969 562 282 600 322
apple 0.290283 552 557 582 586
apple 0.286377 1164 339 1206 378
apple 0.277832 1181 372 1221 409
apple 0.274170 518 598 552 630
apple 0.253174 508 638 532 660