apple 0.815430 904 216 958 272
apple 0.795410 34 310 77 352
apple 0.751953 398 168 439 205
apple 0.738281 179 219 216 253
apple 0.703613 292 176 334 214
apple 0.700684 1210 193 1250 238
apple 0.686523 585 323 621 356
apple 0.679199 528 382 564 414
apple 0.669922 332 248 374 287
apple 0.649902 810 528 852 565
apple 0.634277 302 208 341 241
apple 0.627441 859 536 898 570
apple 0.625977 493 236 538 274
apple 0.619141 596 212 634 245
apple 0.586914 238 160 271 194
apple 0.579102 286 298 327 334
apple 0.526855 925 414 953 443
apple 0.518066 713 379 747 410
apple 0.508789 905 348 933 377
apple 0.460449 188 273 222 288
apple 0.457520 290 269 330 304
apple 0.455078 585 184 611 206
apple 0.452148 570 211 600 232
apple 0.431152 555 362 585 396
apple 0.425781 1058 72 1098 113
apple 0.423096 721 354 750 380
apple 0.401367 940 360 963 388
apple 0.360107 586 46 622 87
apple 0.343506 339 522 361 542
apple 0.336914 1070 592 1096 620
apple 0.325439 786 115 819 143
apple 0.312988 324 637 344 661
apple 0.311768 1009 543 1043 577
apple 0.289551 185 248 221 274
apple 0.279053 916 552 947 580
apple 0.270752 698 685 724 719
apple 0.269043 334 47 354 68
apple 0.263184 252 306 280 332
apple 0.261963 1114 14 1138 48