apple 0.759277 502 444 543 482
apple 0.737305 912 391 950 431
apple 0.719727 387 407 427 444
apple 0.686523 250 425 290 454
apple 0.684570 949 370 986 403
apple 0.684082 576 398 612 433
apple 0.598145 604 480 634 512
apple 0.561035 540 450 572 476
apple 0.536133 1032 85 1066 118
apple 0.530762 229 481 261 515
apple 0.527832 496 315 532 352
apple 0.525391 558 520 588 551
apple 0.415039 572 315 600 345
apple 0.392090 284 344 307 372
apple 0.379883 476 348 512 389
apple 0.367188 724 592 758 617
apple 0.338623 393 482 431 518
apple 0.302734 538 58 564 96
apple 0.296631 432 461 458 491
apple 0.292236 675 598 707 630
apple 0.275635 664 400 690 423
apple 0.261230 402 358 430 386
orange 0.251709 1174 539 1218 576