apple 0.790527 1092 195 1142 242
apple 0.747070 89 281 130 314
apple 0.679688 712 149 746 178
apple 0.623535 664 101 692 133
apple 0.618164 1089 405 1117 439
apple 0.592773 942 465 974 515
apple 0.578613 722 280 766 321
apple 0.568359 994 260 1040 291
apple 0.518555 1192 231 1222 264
apple 0.463379 905 252 944 283
orange 0.453125 1129 520 1159 546
apple 0.447266 888 570 914 604
apple 0.398438 1165 8 1193 35
apple 0.383301 497 90 522 112
apple 0.368652 908 364 938 417
apple 0.366943 1199 87 1227 118
apple 0.353760 912 140 944 178
apple 0.330078 314 397 356 434
apple 0.327148 598 274 624 302
apple 0.276855 1093 359 1115 387