apple 0.719727 139 163 200 237
apple 0.662109 311 0 345 20
apple 0.535645 479 1 512 30
apple 0.510742 332 356 363 386
apple 0.504883 236 323 269 357
apple 0.470215 443 697 482 720
apple 0.447266 208 188 252 223
apple 0.419678 288 707 322 720
apple 0.411133 1057 55 1083 79
apple 0.407715 547 656 574 684
apple 0.406006 320 323 362 386
apple 0.385986 322 328 356 358
apple 0.371338 438 1 509 29
apple 0.364990 368 136 387 153
apple 0.343018 1043 34 1071 62
apple 0.325684 382 658 404 678
apple 0.300049 991 21 1022 50
apple 0.296143 386 562 411 584
apple 0.256592 528 590 544 606
apple 0.254150 145 199 197 236