apple 0.745117 251 133 292 170
apple 0.701660 622 406 652 438
apple 0.650879 984 516 1024 560
apple 0.622070 490 309 528 341
apple 0.564453 726 307 776 344
apple 0.472900 1112 365 1148 401
apple 0.461914 544 319 584 355
apple 0.458740 530 365 558 399
apple 0.425293 586 373 608 397
orange 0.412109 1120 417 1154 451
apple 0.374756 424 194 451 213
orange 0.335205 483 70 496 82
apple 0.330811 1045 245 1113 376
apple 0.318848 275 589 289 608
apple 0.310791 1016 363 1051 399
apple 0.307129 582 402 600 428
orange 0.306152 535 77 547 92
apple 0.277588 885 390 915 424
orange 0.269775 1087 531 1129 574
orange 0.255859 1164 514 1206 558