apple 0.635742 944 282 982 314
apple 0.617676 874 444 931 469
apple 0.589844 1027 484 1061 520
apple 0.583008 636 54 667 81
apple 0.534668 685 429 726 469
apple 0.504395 876 379 910 417
apple 0.451660 614 25 650 64
apple 0.443115 935 406 969 444
apple 0.415771 590 199 616 227
apple 0.349121 746 435 777 468
apple 0.348145 852 354 890 386
apple 0.335938 702 467 744 505
apple 0.326416 344 161 369 185
apple 0.295410 892 512 918 544
apple 0.288330 1135 678 1175 706
apple 0.284180 945 43 989 81
orange 0.260986 344 161 370 184
orange 0.255127 498 378 511 391