apple 0.736816 286 6 329 48
apple 0.704590 780 606 820 640
apple 0.639648 340 111 374 146
orange 0.635742 899 388 932 418
apple 0.605469 352 78 383 106
apple 0.593262 417 115 458 153
apple 0.559570 408 145 449 180
apple 0.544434 526 693 566 719
apple 0.495850 1009 665 1043 701
orange 0.446533 905 313 939 349
apple 0.445801 935 562 966 594
orange 0.436279 998 464 1031 499
orange 0.424072 994 552 1029 584
apple 0.394531 358 184 388 216
apple 0.374756 352 237 382 264
apple 0.354980 487 17 524 47
apple 0.352295 526 23 559 58
apple 0.321045 502 95 524 126
apple 0.287109 1038 688 1072 720
orange 0.278809 1086 314 1118 346