apple 0.822266 416 250 457 291
apple 0.794434 346 356 390 391
apple 0.783203 213 270 259 315
apple 0.776855 633 338 680 378
apple 0.755859 732 369 774 408
apple 0.753906 464 322 510 361
apple 0.667480 658 253 711 297
apple 0.649902 318 252 359 282
apple 0.625977 481 56 527 110
apple 0.619629 175 110 216 148
apple 0.601074 217 235 252 273
apple 0.588379 508 112 548 162
apple 0.554199 316 216 359 250
apple 0.516113 590 230 640 252
apple 0.515625 1062 571 1102 608
apple 0.500977 177 222 208 251
apple 0.496338 577 594 607 628
apple 0.480957 444 94 476 134
apple 0.477539 469 288 509 313
apple 0.469482 543 83 575 132
apple 0.455566 429 132 467 167
apple 0.448975 621 290 651 318
apple 0.398193 300 178 338 204
apple 0.378418 1036 600 1088 636
apple 0.371338 214 608 230 624
apple 0.364014 1075 516 1109 552
apple 0.316406 380 633 412 658
apple 0.315918 177 144 210 172
apple 0.294922 1040 571 1072 604
apple 0.291016 1058 492 1088 524
apple 0.290039 683 352 716 385
apple 0.265137 499 146 523 170
apple 0.261719 542 596 566 620