copy-210727-t20-3.jpg,2527,1321,2631,1426,0.971193
copy-210727-t20-3.jpg,2412,1240,2517,1338,0.92672384
copy-210727-t20-3.jpg,1433,3277,1553,3382,0.88827264
copy-210727-t20-3.jpg,1105,3570,1203,3668,0.6385666
copy-210727-t20-3.jpg,1833,1662,1924,1749,0.601964
copy-210727-t20-3.jpg,1774,1755,1860,1839,0.60152245
copy-210727-t20-3.jpg,1437,3226,1576,3400,0.50064254
copy-210727-t20-3.jpg,1545,3324,1589,3425,0.42930746
copy-210727-t20-3.jpg,774,2451,862,2537,0.3690048
copy-210727-t20-3.jpg,950,2507,1053,2610,0.3341563
copy-210727-t20-3.jpg,5,3782,67,3844,0.3186939
copy-210727-t20-3.jpg,1129,3404,1203,3481,0.30780235
copy-210727-t20-3.jpg,2104,1412,2164,1476,0.25126624
copy-210727-t20-3.jpg,2333,3067,2411,3155,0.18672654
copy-210727-t20-3.jpg,2072,1401,2176,1496,0.17125446
copy-210727-t20-3.jpg,1364,3708,1428,3772,0.16120024
copy-210727-t20-3.jpg,2123,1409,2182,1491,0.15739858
copy-210727-t20-3.jpg,1533,3222,1571,3333,0.14410451
copy-210727-t20-3.jpg,958,2520,1023,2599,0.1434714
copy-210727-t20-3.jpg,1525,3218,1606,3426,0.1290052
copy-210727-t20-3.jpg,1944,3066,2018,3150,0.12593393
copy-210727-t20-3.jpg,3,3791,38,3849,0.11562488
copy-210727-t20-3.jpg,1038,3725,1114,3795,0.111780226
copy-210727-t20-3.jpg,1038,3811,1125,3877,0.10925419
copy-210727-t20-3.jpg,2104,1439,2160,1490,0.1055246
copy-210727-t20-3.jpg,1482,3103,1576,3210,0.10142142
copy-210727-t20-3.jpg,2103,1405,2211,1506,0.099826984
copy-210727-t20-3.jpg,2430,2476,2501,2540,0.09591925
copy-210727-t20-3.jpg,1358,3722,1406,3774,0.09320041
copy-210727-t20-3.jpg,1537,3218,1575,3281,0.08990671
copy-210727-t20-3.jpg,1433,3284,1497,3377,0.08878572
copy-210727-t20-3.jpg,2711,4141,2764,4207,0.07998052
copy-210727-t20-3.jpg,1524,3349,1575,3426,0.078616716
copy-210727-t20-3.jpg,0,3652,20,3715,0.0749019
copy-210727-t20-3.jpg,2077,1425,2152,1482,0.074070916
copy-210727-t20-3.jpg,2,3637,57,3869,0.059250828
copy-210727-t20-3.jpg,1369,3817,1406,3883,0.05808029
copy-210727-t20-3.jpg,1506,3127,1567,3204,0.050642192
copy-210727-t20-3.jpg,2137,1396,2214,1482,0.050542947