copy-210727-t1-2.jpg,2530,3393,2644,3509,0.76436716
copy-210727-t1-2.jpg,1138,3099,1180,3162,0.5786595
copy-210727-t1-2.jpg,1342,1970,1417,2049,0.5774859
copy-210727-t1-2.jpg,1788,3106,1864,3187,0.40051636
copy-210727-t1-2.jpg,1082,3038,1169,3118,0.3174397
copy-210727-t1-2.jpg,1127,3095,1192,3177,0.2913297
copy-210727-t1-2.jpg,2554,3432,2630,3498,0.2463129
copy-210727-t1-2.jpg,1101,3348,1191,3411,0.24464872
copy-210727-t1-2.jpg,2189,3454,2240,3505,0.21817899
copy-210727-t1-2.jpg,2561,3462,2635,3514,0.19120674
copy-210727-t1-2.jpg,2544,3403,2617,3463,0.1870269
copy-210727-t1-2.jpg,1095,3079,1183,3168,0.117116824
copy-210727-t1-2.jpg,2180,3443,2261,3521,0.10997368
copy-210727-t1-2.jpg,1357,3707,1400,3764,0.109631
copy-210727-t1-2.jpg,1126,3113,1172,3164,0.10873604
copy-210727-t1-2.jpg,1203,3407,1262,3465,0.098390914
copy-210727-t1-2.jpg,1137,3092,1231,3181,0.08458337
copy-210727-t1-2.jpg,2218,3452,2267,3505,0.0823558
copy-210727-t1-2.jpg,1224,3743,1289,3793,0.07176136
copy-210727-t1-2.jpg,2186,3470,2229,3513,0.06877932
copy-210727-t1-2.jpg,1132,3129,1177,3177,0.06752012
copy-210727-t1-2.jpg,2027,3031,2078,3078,0.05702397
copy-210727-t1-2.jpg,917,1853,998,1915,0.05533926
copy-210727-t1-2.jpg,1197,2136,1241,2182,0.051889032
