apple 275 758 317 797
apple 294 624 338 666
apple 1 507 35 546
apple 664 141 699 179
apple 207 401 241 433
apple 300 553 340 592
apple 339 220 368 252
apple 124 765 154 796
apple 286 268 312 297
apple 35 339 76 382
apple 236 197 271 228
apple 40 242 73 278
apple 327 860 372 907
apple 143 443 181 481
apple 653 223 686 256
apple 207 167 242 193
apple 91 76 122 113
apple 448 603 478 633
apple 137 670 159 706
apple 182 219 219 254
apple 682 401 717 433
apple 142 138 188 172
apple 278 788 310 821
apple 490 626 526 656
apple 261 814 293 854
apple 186 392 210 425
apple 300 657 337 703
apple 405 894 430 926
apple 25 583 60 609
apple 73 138 106 181
apple 158 88 188 114
apple 236 336 257 360
apple 384 776 413 810
apple 3 776 43 811
apple 72 82 95 112
apple 678 188 712 212
apple 490 659 520 690
apple 489 771 518 797
apple 434 614 460 642
apple 22 833 55 872
apple 684 433 717 453
apple 684 433 717 453
apple 664 263 700 292
apple 221 247 249 277
apple 66 514 94 534
apple 482 593 504 625
apple 37 278 68 316
apple 393 712 420 737
apple 129 97 160 125
apple 581 269 606 291
