apple 187 517 209 533
apple 203 495 219 517
apple 393 541 415 562
apple 109 933 132 963
apple 343 361 362 380
apple 425 350 445 368
apple 126 896 144 916
apple 478 320 494 341
apple 483 390 502 410
apple 363 361 383 386
apple 575 971 592 993
apple 263 536 286 555
apple 240 734 260 755
apple 499 887 516 908
apple 391 274 410 290
apple 353 537 365 557
apple 293 481 311 497
apple 465 367 485 386
apple 460 721 467 735
apple 460 721 467 735
apple 172 512 184 521
apple 465 918 484 938
apple 504 394 522 408
apple 504 394 522 408
apple 571 945 585 957
apple 467 771 495 790
apple 611 973 621 990
apple 92 860 105 883
apple 404 359 418 376
apple 513 916 522 930
apple 415 310 427 322
apple 497 355 513 377
apple 244 846 273 869
apple 219 787 224 800
apple 668 987 686 1013
apple 477 932 500 947
apple 391 728 412 747
apple 328 618 355 634
apple 25 818 36 834
apple 437 803 466 828
apple 556 797 569 807
apple 556 797 569 807
apple 559 489 573 503
apple 394 779 409 809
apple 552 592 568 605
apple 523 532 531 542
apple 432 302 446 316
apple 537 363 547 375
apple 243 685 267 718
apple 307 839 315 853
