apple 440 266 475 304
apple 370 510 399 549
apple 449 340 490 383
apple 66 456 96 487
apple 521 429 561 468
apple 22 79 51 110
apple 536 294 563 325
apple 180 904 214 952
apple 88 304 122 334
apple 173 329 207 360
apple 53 84 80 113
apple 408 174 433 205
apple 299 86 336 119
apple 564 298 590 326
apple 189 731 234 770
apple 177 105 205 128
apple 316 135 352 173
apple 258 161 284 190
apple 673 204 703 231
apple 668 304 698 333
apple 259 281 286 306
apple 510 828 537 848
apple 53 142 76 173
apple 637 700 674 731
apple 626 762 659 800
apple 685 782 719 824
apple 650 559 672 574
apple 286 731 306 758
apple 40 427 75 463
apple 560 334 587 351
apple 77 156 103 183
apple 189 221 209 238
apple 188 296 220 323
apple 373 468 411 507
apple 340 736 377 771
apple 67 171 87 192
apple 614 691 643 718
apple 125 615 157 641
apple 1 271 17 290
apple 36 903 61 933
apple 140 680 164 714
apple 300 133 318 166
apple 290 238 312 268
apple 620 860 646 882
apple 137 377 166 404
apple 222 241 238 258
apple 408 825 428 845
apple 427 529 451 558
apple 638 802 654 826
apple 559 506 584 525
