apple 594 538 635 577
apple 590 469 630 507
apple 513 374 544 412
apple 411 707 447 740
apple 434 135 462 165
apple 341 133 368 160
apple 356 264 383 288
apple 460 709 492 745
apple 165 607 192 635
apple 457 446 480 478
apple 577 175 603 204
apple 668 283 696 307
apple 352 182 379 205
apple 46 544 69 566
apple 312 187 340 217
apple 181 239 206 261
apple 197 564 226 589
apple 537 638 570 665
apple 456 253 485 275
apple 605 212 632 240
apple 372 236 399 264
apple 518 504 545 527
apple 491 259 516 283
apple 122 581 151 609
apple 416 151 437 171
apple 278 562 304 588
apple 485 549 509 571
apple 449 312 467 334
apple 699 349 719 385
apple 470 323 489 348
apple 445 336 471 359
apple 328 258 347 289
apple 511 204 544 233
apple 466 222 496 253
apple 337 603 360 626
apple 303 304 322 328
apple 326 637 346 661
apple 354 206 376 239
apple 432 197 461 232
apple 141 511 174 546
apple 275 378 304 404
apple 160 237 183 263
apple 466 584 482 604
apple 575 401 604 418
apple 152 588 177 615
apple 475 671 512 701
apple 2 376 16 395
apple 482 284 509 309
apple 340 691 360 714
apple 287 206 314 233
