apple 426 860 475 912
apple 477 900 529 945
apple 521 926 569 971
apple 384 1016 432 1061
apple 90 1064 130 1106
apple 246 90 291 141
apple 164 352 207 396
apple 555 63 594 103
apple 378 360 411 393
apple 442 34 477 76
apple 262 186 306 237
apple 462 927 510 969
apple 189 280 231 323
apple 226 925 268 968
apple 121 69 159 108
apple 525 52 561 90
apple 652 10 687 47
apple 229 286 265 322
apple 297 345 342 390
apple 689 140 718 170
apple 340 282 383 328
apple 34 168 66 204
apple 95 60 129 99
apple 27 316 67 351
apple 655 895 703 944
apple 1 45 26 83
apple 388 180 431 235
apple 108 341 141 379
apple 437 1023 487 1069
apple 393 111 443 162
apple 112 876 156 921
apple 69 170 101 205
apple 652 403 688 442
apple 17 546 51 575
apple 581 330 608 365
apple 71 56 94 97
apple 625 445 666 476
apple 50 86 86 131
apple 535 17 569 46
apple 427 212 457 239
apple 686 98 715 135
apple 14 29 47 65
apple 537 83 571 120
apple 0 202 20 224
apple 701 56 719 86
apple 554 125 581 155
apple 364 174 397 218
apple 35 237 62 270
apple 489 234 511 256
apple 76 127 111 165
