apple 381 190 426 233
apple 630 381 674 421
apple 376 8 432 56
apple 388 89 430 132
apple 354 115 398 160
apple 582 361 628 400
apple 390 801 443 837
apple 320 206 380 246
apple 542 726 590 775
apple 248 373 282 404
apple 427 69 465 122
apple 346 748 388 791
apple 92 643 138 681
apple 365 848 415 896
apple 452 251 492 288
apple 412 256 457 302
apple 491 771 527 818
apple 375 41 419 84
apple 370 259 422 315
apple 426 197 462 235
apple 223 696 260 729
apple 582 656 619 672
apple 288 380 325 409
apple 413 840 449 881
apple 495 706 537 740
apple 49 907 79 942
apple 320 206 380 246
apple 396 498 429 542
apple 317 422 348 447
apple 529 589 552 636
apple 117 776 141 800
apple 73 619 113 647
apple 283 918 317 962
apple 654 1069 694 1103
apple 226 768 245 794
apple 266 836 289 854
apple 17 674 53 706
apple 17 674 53 706
apple 107 995 126 1016
apple 654 1069 694 1103
apple 282 756 322 788
apple 370 417 391 448
apple 281 699 300 731
apple 281 699 300 731
apple 281 699 300 731
apple 281 699 300 731
apple 412 256 457 302
apple 641 1045 662 1088
apple 641 1045 662 1088
apple 641 1045 662 1088
