apple 417 374 457 414
apple 358 40 392 70
apple 251 4 280 35
apple 102 761 140 802
apple 307 800 344 839
apple 452 204 492 241
apple 550 236 591 273
apple 330 27 363 58
apple 153 798 189 831
apple 397 342 436 382
apple 629 54 660 87
apple 128 85 170 133
apple 645 706 688 754
apple 111 897 150 938
apple 25 52 66 96
apple 32 294 75 334
apple 184 823 224 853
apple 236 24 257 50
apple 67 887 101 929
apple 342 61 373 87
apple 70 242 110 280
apple 466 1 490 25
apple 592 557 639 596
apple 647 26 681 57
apple 475 123 501 150
apple 142 149 179 195
apple 488 290 527 322
apple 147 829 180 850
apple 29 0 58 27
apple 413 707 443 732
apple 604 150 635 184
apple 167 849 202 887
apple 243 168 269 193
apple 99 712 130 740
apple 509 42 530 67
apple 638 141 665 166
apple 140 310 175 337
apple 2 825 16 856
apple 567 207 602 235
apple 530 641 580 667
apple 486 83 510 109
apple 22 147 57 185
apple 324 193 346 213
apple 654 1 690 21
apple 110 136 141 176
apple 511 672 537 704
apple 447 407 483 435
apple 360 175 385 194
apple 702 29 719 60
apple 307 858 337 885
