apple 610 713 657 756
apple 376 734 412 769
apple 561 804 601 845
apple 260 396 295 430
apple 173 239 207 277
apple 578 618 610 646
apple 532 610 562 634
apple 186 145 216 180
apple 448 730 485 764
apple 588 885 629 917
apple 50 456 88 496
apple 186 314 219 347
apple 510 170 540 203
apple 326 273 350 301
apple 331 715 353 741
apple 574 770 608 802
apple 590 221 620 254
apple 442 196 473 220
apple 354 276 374 302
apple 584 248 607 270
apple 347 309 370 335
apple 480 532 501 556
apple 71 104 104 141
apple 16 174 39 193
apple 702 580 719 615
apple 390 384 411 405
apple 330 747 359 772
apple 152 481 180 510
apple 434 294 458 316
apple 612 238 632 261
apple 20 64 41 86
apple 60 61 95 90
apple 42 123 68 149
apple 357 474 378 493
apple 547 248 570 275
apple 38 670 76 699
apple 513 695 548 730
apple 675 443 695 454
apple 117 66 139 92
apple 661 688 690 716
apple 71 237 95 257
apple 639 258 662 283
apple 202 765 222 785
apple 596 273 622 294
apple 650 386 665 402
apple 143 374 177 409
apple 178 89 199 120
apple 690 195 713 226
apple 654 228 680 252
apple 390 810 418 830
